tree
version=v3
num_class=1
num_tree_per_iteration=1
label_index=0
max_feature_idx=41
objective=regression
feature_names=Column_0 Column_1 Column_2 Column_3 Column_4 Column_5 Column_6 Column_7 Column_8 Column_9 Column_10 Column_11 Column_12 Column_13 Column_14 Column_15 Column_16 Column_17 Column_18 Column_19 Column_20 Column_21 Column_22 Column_23 Column_24 Column_25 Column_26 Column_27 Column_28 Column_29 Column_30 Column_31 Column_32 Column_33 Column_34 Column_35 Column_36 Column_37 Column_38 Column_39 Column_40 Column_41
feature_infos=[0:1] [0:1] [0:1] [0:1] [0:1] [0:94.629997299999999] [0:1] [0:1] none [0:1] [0:1.8550000200000001] [0:1] [273.14999999999998:1041.1500000000001] none none [-473:41051] [223.64999999999998:372.14999999999998] [0:1] [0:768] [0:1] [0:1] [0:1] none none [0:12288] [0:1] [0:1] [0:1] [0:1] [0:1] [0:127.129997] [0:163800] [-64:96.75] [0:1] none none [0:1016] [0:1] [0:0.99900001299999996] [0:1] [0:1] [0:1]
tree_sizes=2674 2762 2742 2724 2779 2833 2852 2882 2831 2854 2871 2831 2850 2870 2865 2844 2850 2878 2843 2861

Tree=0
num_leaves=31
num_cat=0
split_feature=5 30 30 30 30 30 30 30 30 30 30 30 30 30 30 30 30 16 16 30 16 16 16 5 16 30 16 16 16 18
split_gain=1.56886e+06 14991.3 3532.88 2710.72 2528.87 612.326 438.788 380.648 298.339 94.2641 78.7917 70.5501 66.8002 64.5344 57.8904 41.1287 35.2679 22.5955 17.1678 16.9187 14.954 12.5343 11.7715 11.701 10.9542 10.2825 9.98639 9.06817 8.93626 8.73259
threshold=24.754999200000004 91.904998800000016 90.215000150000023 93.375000000000014 87.159999850000005 91.005001050000018 94.284999850000005 92.654998800000016 89.125000000000014 91.404998800000016 93.654998800000016 89.74499895000001 90.715000150000023 92.284999850000005 94.99499895000001 88.279998800000016 92.904998800000016 243.92000045 240.42000045 93.904998800000016 237.44999924999999 241.62999955000001 246.27500000000001 88.034999850000005 238.12999955000001 95.439998650000021 247.17000045 234.72500075000002 249.12999955000001 621.0499880000001
decision_type=2 2 2 2 2 2 2 2 2 2 2 2 2 2 2 2 2 2 2 2 2 2 2 2 2 2 2 2 2 2
left_child=-1 2 4 7 -2 12 10 13 15 21 -5 27 20 22 -8 -6 -9 -11 -14 -12 -4 -7 -3 -19 -13 -16 -15 -10 -18 -23
right_child=1 3 5 6 8 9 14 16 11 17 19 24 18 26 25 -17 28 23 -20 -21 -22 29 -24 -25 -26 -27 -28 -29 -30 -31
leaf_value=45.264939755320484 84.872894122667844 91.400929681732038 90.536051161741582 92.149029910585213 89.44983274247744 90.95576702561651 92.701745981741524 91.799795059141502 90.084529942159492 91.173829468981168 92.308113441079612 90.350110400887516 90.778562070262069 91.578619473295888 92.976085096716815 89.84844729316228 91.868714285773407 91.263889974601881 90.92582904142067 92.459539450896528 90.695291816001117 90.988973247080139 91.509279660814983 91.393166979820649 90.492089739115173 93.247448255737552 91.683871099324449 90.22083322187207 91.997148844840737 91.12031696762152
leaf_weight=188 23 520 205 606 91 282 370 589 255 562 334 322 359 407 128 224 181 563 441 412 525 177 484 254 235 48 505 234 538 444
leaf_count=188 23 520 205 606 91 282 370 589 255 562 334 322 359 407 128 224 181 563 441 412 525 177 484 254 235 48 505 234 538 444
internal_value=90.5299 91.3546 90.7563 91.9617 90.072 91.0047 92.4357 91.6826 90.1599 91.1688 92.283 90.2883 90.7599 91.5406 92.814 89.7333 91.8905 91.251 90.8597 92.3917 90.6506 91.0432 91.4532 91.3041 90.41 93.0501 91.6369 90.1498 91.9648 91.0829
internal_weight=0 10318 5196 5122 1384 3812 1898 3224 1361 2282 1352 1046 1530 1916 546 315 1308 1379 800 746 730 903 1004 817 557 176 912 489 719 621
internal_count=10506 10318 5196 5122 1384 3812 1898 3224 1361 2282 1352 1046 1530 1916 546 315 1308 1379 800 746 730 903 1004 817 557 176 912 489 719 621
is_linear=0
shrinkage=1


Tree=1
num_leaves=31
num_cat=0
split_feature=15 30 16 30 30 10 30 30 30 30 30 30 30 30 30 30 30 30 16 16 30 18 5 16 18 16 16 16 5 16
split_gain=395302 3803.4 1526.51 875.445 540.955 280.021 135.944 122.604 98.4604 115.494 53.8555 32.3105 27.3522 17.0374 17.0252 12.5465 12.156 10.8829 10.7751 7.46393 7.35824 5.99237 5.85907 5.59025 5.09063 4.91534 4.91289 4.74614 4.71978 5.02274
threshold=2186.0000000000005 91.74499895000001 256.17000045000003 93.24499895000001 90.465000150000023 1.0000000180025095e-35 94.49499895000001 92.49499895000001 87.159999850000005 89.404998800000016 91.154998800000016 93.534999850000005 88.505001050000018 92.034999850000005 89.99499895000001 92.875000000000014 90.875000000000014 95.159999850000005 253.37999955000001 244.82999935000001 87.689998650000021 634.0499880000001 87.139999400000008 241.17000045 591.0499880000001 238.94999924999999 245.52500000000001 251.62999955000001 87.889999400000008 240.35000075000002
decision_type=2 2 2 2 2 2 2 2 2 2 2 2 2 2 2 2 2 2 2 2 2 2 2 2 2 2 2 2 2 2
left_child=5 2 4 7 8 -1 11 13 -2 12 16 27 20 26 -11 -9 -6 -8 -13 28 -10 -18 -21 -16 -14 -23 -3 -5 -12 -30
right_child=1 3 -4 6 10 -7 17 15 9 14 19 18 24 -15 23 -17 21 -19 -20 22 -22 25 -24 -25 -26 -27 -28 -29 29 -31
leaf_value=-22.632469177246094 0.94369226268359596 0.37375238256087995 -4.2910437863320112 0.72833716821860506 0.10495734589501528 -24.612866973876955 1.137595423412594 0.59245744902581721 -0.76298532634973526 -0.12418041520886175 0.22641484456964664 0.84316374651259851 -0.35168264921268694 0.49684457929447445 -0.025742065476249017 0.67956354045098832 0.16770146804839028 1.3245083141326903 0.95732794612483252 0.28734681116941485 -0.46201292222196405 0.13751116818457376 0.40175473896824582 0.085639338602978288 -0.22772258377910867 0.29614837269651367 0.44279345744003956 0.81635079477882866 0.21299091151335323 0.32948577621898201
leaf_weight=166 21 566 20 251 624 20 352 886 24 492 360 288 115 990 505 775 554 100 732 206 132 64 245 145 296 206 473 393 122 383
leaf_count=166 21 566 20 251 624 20 352 886 24 492 360 288 115 990 505 775 554 100 732 206 132 64 245 145 296 206 473 393 122 383
internal_value=0 0.411749 0.0674987 0.679393 0.0868958 -22.8454 0.935784 0.532369 -0.132375 -0.145597 0.224138 0.869732 -0.330065 0.449907 -0.0540095 0.6331 0.157602 1.17895 0.925093 0.297349 -0.508316 0.197468 0.349497 -0.000895445 -0.262407 0.258545 0.405183 0.782047 0.270159 0.301342
internal_weight=0 10320 4514 5806 4494 186 2116 3690 1730 1709 2764 1664 567 2029 1142 1661 1448 452 1020 1316 156 824 451 650 411 270 1039 644 865 505
internal_count=10506 10320 4514 5806 4494 186 2116 3690 1730 1709 2764 1664 567 2029 1142 1661 1448 452 1020 1316 156 824 451 650 411 270 1039 644 865 505
is_linear=0
shrinkage=0.5


Tree=2
num_leaves=31
num_cat=0
split_feature=38 30 36 30 16 5 30 36 30 18 16 16 16 30 5 16 18 16 18 18 30 5 5 18 5 16 16 16 2 5
split_gain=102455 885.294 273.816 260.227 206.206 167.522 122.034 65.2584 44.3296 33.8186 27.6143 22.9246 20.5974 19.3959 14.4274 11.4863 10.5401 10.4023 10.1542 9.03337 8.56077 7.73821 7.2061 5.66637 5.4913 5.01193 4.68119 3.80223 3.7138 3.36183
threshold=0.17100000400000001 92.154998800000016 38.500000000000007 90.375000000000014 254.92000045 81.189998650000021 93.465000150000023 26.500000000000004 91.255001050000018 654.0499880000001 256.42000045000003 235.52500000000001 248.82999935000001 87.404998800000016 85.764999400000008 240.92000045 642.75000000000011 247.12999955000001 605.95001200000013 615.95001200000013 94.654998800000016 17.314999600000004 87.255001050000018 662.0499880000001 89.579998000000003 242.67000045 229.92000045 237.22500075000002 1.0000000180025095e-35 91.079998000000003
decision_type=2 2 2 2 2 2 2 2 2 2 2 2 2 2 2 2 2 2 2 2 2 2 2 2 2 2 2 2 2 2
left_child=2 3 7 5 8 -2 12 21 15 -8 29 13 24 -7 26 22 28 18 -13 -17 -12 -1 -5 -14 -3 -18 -15 -24 -10 -11
right_child=1 6 -4 4 -6 11 9 -9 16 10 20 17 23 14 -16 19 25 -19 -20 -21 -22 -23 27 -25 -26 -27 -28 -29 -30 -31
leaf_value=-11.316235542297363 -1.4627095783467998 0.23661485950237718 -13.28693186153065 -0.013623719203988603 1.7084062134935742 0.3517142668366432 -0.10632506137092908 -12.103496142796107 0.16429856642952054 0.4212530231611295 0.52271701525440006 -0.086311714568255524 0.32682285409411921 -0.3377086660811599 -0.084216616394862456 0.045415512453744943 0.16326880902986587 0.34355133818462491 0.030457429648567295 0.14988653748806882 0.63927564597216202 -10.9861691792806 0.011545988819852937 0.38986352071553082 0.30171356412886391 0.24139413061135831 -0.19331397964365418 0.10271321255213638 0.087299411648188482 0.48266897519673307
leaf_weight=115 22 696 22 364 21 20 24 28 1122 704 367 337 846 71 411 295 279 20 416 693 276 21 160 616 606 777 268 401 182 326
leaf_count=115 22 696 22 364 21 20 24 28 1122 704 367 337 846 71 411 295 279 20 416 693 276 21 160 616 606 777 268 401 182 326
internal_value=0 0.209621 -11.6306 0.0818363 0.145451 -0.092709 0.377451 -11.4084 0.13777 0.482992 0.491446 -0.0731756 0.312652 -0.134239 -0.147198 0.0812051 0.183621 -0.0123489 -0.0218018 0.118693 0.572748 -11.2653 0.0411636 0.353384 0.266914 0.220753 -0.223556 0.0767119 0.153552 0.440691
internal_weight=0 10320 186 5859 4294 1565 4461 164 4273 1697 1673 1543 2764 770 750 1913 2360 773 753 988 643 136 925 1462 1302 1056 339 561 1304 1030
internal_count=10506 10320 186 5859 4294 1565 4461 164 4273 1697 1673 1543 2764 770 750 1913 2360 773 753 988 643 136 925 1462 1302 1056 339 561 1304 1030
is_linear=0
shrinkage=0.5


Tree=3
num_leaves=31
num_cat=0
split_feature=30 16 30 16 15 38 18 18 36 12 5 5 16 16 16 18 5 16 5 18 16 31 30 31 18 2 5 31 5 31
split_gain=25794.7 388.888 382.037 250.585 120.687 58.2465 51.0816 39.1121 32.8807 31.4904 23.9284 14.7799 14.6185 11.8136 9.41939 6.45789 5.97854 4.36127 4.01181 3.32003 2.84663 2.66799 2.61318 2.50215 2.40376 2.28855 2.48792 2.11234 1.77834 1.70548
threshold=86.000000000000014 311.90000000000003 56.440000550000008 246.62999955000001 663.50000000000011 0.73085001100000013 619.0499880000001 674.20001200000013 26.500000000000004 360.9999985 82.24499895000001 88.420002000000025 233.27500000000001 251.70000020000001 254.92000045 629.50000000000011 85.005001050000018 242.17000045 82.889999400000008 717.50000000000011 244.42000045 35271.500000000007 91.784999850000005 105144.3515 641.75000000000011 1.0000000180025095e-35 89.295002000000011 105144.3515 87.125000000000014 105144.3515
decision_type=2 2 2 2 2 2 2 2 2 2 2 2 2 2 2 2 2 2 2 2 2 2 2 2 2 2 2 2 2 2
left_child=1 2 4 6 8 -5 10 9 -1 -7 -2 17 18 15 -9 -11 29 27 -12 -16 -13 22 -15 -18 -24 26 -17 -8 -23 -14
right_child=3 -3 -4 5 -6 7 11 14 -10 13 12 20 16 21 19 25 23 -19 -20 -21 -22 28 24 -25 -26 -27 -28 -29 -30 -31
leaf_value=-5.6509419627811601 0.45402709722518919 -7.6913878700949931 -3.5130280310457405 0.87515451167259484 -6.6054163575172424 -0.44174671958369965 0.046197632919127221 0.2143181439941329 -5.0141451542194071 0.067369219384679935 -0.34102729104814078 0.09162409771061128 -0.047422864121686226 0.38627137421913771 0.28146452379428599 0.1421165854586483 0.012882974597244686 0.066462210762860477 -0.11580087908629064 0.4111680588069952 0.13736125502236154 0.022005179763904641 0.13731028727287875 -0.04341156456850491 0.22633786078353049 0.10650263160721145 0.18528083858645047 0.0030013083420614576 0.17363896703759787 -0.1212286025498385
leaf_weight=92 25 22 22 31 32 22 520 865 26 284 21 879 204 23 714 1034 898 1135 338 53 555 21 87 253 590 275 493 621 244 127
leaf_count=92 25 22 22 31 32 22 520 865 26 284 21 879 204 23 714 1034 898 1135 338 53 555 21 87 253 590 275 493 621 244 127
internal_value=0 -5.71198 -5.4588 0.10746 -5.74419 0.192033 0.0356274 0.187532 -5.51063 0.15431 -0.0318521 0.0695672 -0.0384502 0.158608 0.250087 0.137446 -0.0165213 0.0445172 -0.128976 0.290427 0.109326 0.204352 0.220528 0.000508936 0.214897 0.148491 0.156052 0.0226876 0.161623 -0.0757411
internal_weight=0 194 172 10312 150 4736 5576 4705 118 3073 1866 3710 1841 3051 1632 2086 1482 2276 359 767 1434 965 700 1151 677 1802 1527 1141 265 331
internal_count=10506 194 172 10312 150 4736 5576 4705 118 3073 1866 3710 1841 3051 1632 2086 1482 2276 359 767 1434 965 700 1151 677 1802 1527 1141 265 331
is_linear=0
shrinkage=0.5


Tree=4
num_leaves=31
num_cat=0
split_feature=38 36 16 32 5 18 16 16 31 15 16 5 30 5 5 31 16 16 16 16 17 18 28 16 33 28 15 30 7 39
split_gain=6572.16 159.36 126.6 109.489 75.3995 66.4683 37.0158 19.5525 19.3206 18.6956 13.3054 4.54999 4.44801 3.95117 3.3796 2.66074 2.43545 1.9229 1.81561 1.67693 1.65419 1.57119 1.48079 1.71143 1.45032 1.31489 1.45907 1.24941 1.18831 1.92736
threshold=0.17100000400000001 26.500000000000004 267.40000000000003 7.9700000300000005 82.24499895000001 647.0499880000001 304.27500000000003 238.67000045 105144.3515 663.50000000000011 252.62999955000001 86.389999400000008 52.690000550000008 84.770000450000012 90.375000000000014 35271.500000000007 246.07999935000001 230.77500000000001 248.12999955000001 260.20000020000003 1.0000000180025095e-35 586.20001200000013 1.0000000180025095e-35 229.67000045 1.0000000180025095e-35 1.0000000180025095e-35 31003.500000000004 91.904998800000016 1.0000000180025095e-35 1.0000000180025095e-35
decision_type=2 2 2 2 2 2 2 2 2 2 2 2 2 2 2 2 2 2 2 2 2 2 2 2 2 2 2 2 2 2
left_child=1 6 4 -3 8 7 9 13 -2 12 16 21 -1 22 -12 18 28 -15 -13 -16 -17 -9 23 -6 -18 26 -23 -20 -7 -30
right_child=2 3 -4 -5 5 10 -8 11 -10 -11 14 15 -14 17 19 20 24 -19 27 -21 -22 25 -24 -25 -26 -27 -28 -29 29 -31
leaf_value=-2.8087287605672642 1.0077933284143608 -3.1048694868882496 -1.2036649994552135 -4.6151712536811829 -0.20904426518324259 0.047709223027636007 -2.0368670403957365 -0.08905801630538443 0.35108694221292225 -2.3697600882986318 0.10750548418927441 0.045237836592314944 -3.0586275160312653 -0.086550957641898185 0.14298351045792176 0.0048403928339499115 0.089852464630712447 -0.016388121761367308 0.1401206072370865 0.20886122550476682 0.051741267957879283 0.10973402064431596 -0.01348685424655993 -0.088735031797138805 0.044678187435510601 0.048778636051618578 -0.0091059007404563838 0.069072185670670305 0.11767951601282939 -0.00012349072429868911
leaf_weight=69 24 30 20 20 37 858 20 46 21 23 883 1733 24 106 793 599 1811 1240 76 110 274 27 47 147 197 146 595 333 152 45
leaf_count=69 24 30 20 20 37 858 20 46 21 23 883 1733 24 106 793 599 1811 1240 76 110 274 27 47 147 197 146 595 333 152 45
internal_value=0 -2.9457 0.0530912 -3.70899 0.0555315 0.0526976 -2.66508 0.0145737 0.70133 -2.7734 0.0952008 0.0338714 -2.87322 -0.0322817 0.129501 0.0428272 0.075201 -0.0219136 0.0523097 0.151008 0.0195607 0.000700024 -0.0926951 -0.112928 0.0854205 0.00607616 -0.00394725 0.0822743 0.05575 0.0907702
internal_weight=0 186 10320 50 10300 10255 136 5406 45 116 4849 3829 93 1577 1786 3015 3063 1346 2142 903 873 814 231 184 2008 768 622 409 1055 197
internal_count=10506 186 10320 50 10300 10255 136 5406 45 116 4849 3829 93 1577 1786 3015 3063 1346 2142 903 873 814 231 184 2008 768 622 409 1055 197
is_linear=0
shrinkage=0.5


Tree=5
num_leaves=31
num_cat=0
split_feature=24 16 10 32 24 15 36 5 30 18 15 16 16 5 2 30 28 17 41 40 41 37 38 16 2 16 5 30 30 5
split_gain=1797.85 293.71 88.573 94.5723 42.3454 55.1391 17.9812 17.4864 15.5657 7.21362 4.40612 3.47141 2.77687 2.13514 1.98403 1.64998 1.59663 1.97328 2.18822 1.5636 1.78529 1.35673 1.32424 1.20942 1.14524 1.12105 1.20901 1.15675 1.12332 1.1496
threshold=1968.3499750000003 321.02500000000003 1.0000000180025095e-35 -4.0050001149999988 3253.9000250000004 28511.849600000005 28.500000000000004 88.639999400000008 87.404998800000016 607.0499880000001 663.50000000000011 250.95000020000001 243.12999955000001 83.514999400000008 1.0000000180025095e-35 91.125000000000014 1.0000000180025095e-35 1.0000000180025095e-35 1.0000000180025095e-35 1.0000000180025095e-35 1.0000000180025095e-35 1.0000000180025095e-35 0.75810000300000013 258.22499980000003 1.0000000180025095e-35 249.95000020000001 86.344997400000011 91.99499895000001 92.375000000000014 87.634998350000004
decision_type=2 2 2 2 2 2 2 2 2 2 2 2 2 2 2 2 2 2 2 2 2 2 2 2 2 2 2 2 2 2
left_child=1 2 3 -1 5 -2 10 8 -7 13 -5 14 -11 22 -9 -14 17 18 23 25 -21 -16 -10 -13 -15 28 -27 -28 29 -17
right_child=4 -3 -4 6 -6 7 -8 11 9 12 -12 16 15 24 21 19 -18 -19 -20 20 -22 -23 -24 -25 -26 26 27 -29 -30 -31
leaf_value=-2.4494473338127136 0.68434068808346638 -3.3581293936818839 -0.36970742916067439 -1.4464587775560527 -0.69922148585319521 0.41084210885067779 -0.89143519509922375 0.043728671914093832 -0.19584009805004354 0.0022551321590284826 -1.1930980194698682 0.020872701335025813 0.062680394293448738 -0.017862957356785083 -0.014758357488930595 0.0086662983626891853 0.093380697104104432 0.097438560167355026 0.072234457173198569 -0.054604944969360622 0.028130194637007777 0.059635085026093292 -0.06468107098185305 0.073358031435883236 -0.079039328465504308 -0.039732825011014938 0.13899448593744906 0.046853482594914647 -0.025730039849612345 0.036914095475629988
leaf_weight=21 32 20 21 78 20 24 22 2087 27 2157 22 552 281 857 262 662 422 273 621 134 127 80 67 137 84 37 37 429 123 790
leaf_count=21 32 20 21 78 20 24 22 2087 27 2157 22 552 281 857 262 662 422 273 621 134 127 80 67 137 84 37 37 429 123 790
internal_value=0 -1.54918 -1.32857 -1.46938 0.0276156 0.0290267 -1.30068 0.0269848 0.00900125 0.00734189 -1.39072 0.0506546 0.0155412 -0.0305016 0.037944 0.0264794 0.0660532 0.0587682 0.0507094 0.0221303 -0.0143469 0.00264362 -0.102354 0.0313088 -0.023324 0.0267119 0.0472621 0.0541694 0.0201488 0.0240353
internal_weight=0 184 164 143 10322 10302 122 10270 5836 5812 100 4434 4777 1035 2429 2620 2005 1583 1310 2339 261 342 94 689 941 2078 503 466 1575 1452
internal_count=10506 184 164 143 10322 10302 122 10270 5836 5812 100 4434 4777 1035 2429 2620 2005 1583 1310 2339 261 342 94 689 941 2078 503 466 1575 1452
is_linear=0
shrinkage=0.5


Tree=6
num_leaves=31
num_cat=0
split_feature=18 20 36 15 16 32 30 36 16 24 5 16 18 38 12 16 28 1 41 11 28 17 16 25 30 37 41 17 30 5
split_gain=464.399 194.466 82.7411 38.5098 36.1669 26.2773 18.894 10.356 6.80852 5.08294 4.81518 3.03202 5.4322 4.4381 2.30485 2.02002 1.85983 1.68539 1.59548 1.48002 1.41769 1.33622 1.15375 1.07219 1.05851 1.00345 1.29712 2.42799 1.00187 0.895581
threshold=519.00000000000011 1.0000000180025095e-35 36.500000000000007 663.50000000000011 267.40000000000003 -1.1050000149999997 87.159999850000005 26.500000000000004 245.67000045 1.0000000180025095e-35 82.564998650000021 258.22499980000003 654.75000000000011 0.74015000500000017 360.9999985 236.52500000000001 1.0000000180025095e-35 1.0000000180025095e-35 1.0000000180025095e-35 1.0000000180025095e-35 1.0000000180025095e-35 1.0000000180025095e-35 228.77500000000001 1.0000000180025095e-35 95.689998650000021 1.0000000180025095e-35 1.0000000180025095e-35 1.0000000180025095e-35 88.279998800000016 84.505001050000018
decision_type=2 2 2 2 2 2 2 2 2 2 2 2 2 2 2 2 2 2 2 2 2 2 2 2 2 2 2 2 2 2
left_child=1 3 -2 5 6 -1 -4 9 10 -7 -8 13 -13 -10 -15 22 17 19 20 25 21 -17 -12 -19 -14 26 27 -16 -24 -30
right_child=2 -3 4 -5 -6 7 8 -9 11 -11 15 12 24 14 16 18 -18 23 -20 -21 -22 -23 28 -25 -26 -27 -28 -29 29 -31
leaf_value=-0.018171901504198711 -0.97823202042352586 -2.1828705950275711 0.48770151446972576 -1.1284084371451675 0.67075625904614022 -0.57254217565059662 -0.22357329450945448 -0.29212962265592068 -0.20725956594660169 -0.84641923196613789 -0.092130633363244577 0.30306428197123436 0.046585843595130925 0.14575201462905266 -0.028325532671725866 -0.015454998557441636 0.041571925512499282 0.033378342385475435 0.016328069905363798 -0.03818414104361658 0.024181076997043166 0.025480564247181304 0.055450204643420875 0.0024959621394288639 0.16204288805879297 0.045561660731081817 0.018660237696634326 0.044643960654890784 -0.071015842224781717 -0.014037574081641732
leaf_weight=24 21 23 21 29 21 36 24 20 21 32 51 23 363 38 475 1455 977 1536 1934 168 374 231 48 344 21 187 927 150 75 857
leaf_count=24 21 23 21 29 21 36 24 20 21 32 51 23 363 38 475 1455 977 1536 1934 168 374 231 48 344 21 187 927 150 75 857
internal_value=0 -0.83479 0.0132378 -0.61489 0.0152551 -0.481925 0.0139187 -0.608404 0.0129508 -0.701425 -0.000146168 0.0255944 0.067037 0.0220972 0.0231002 0.000920946 0.0221219 0.017104 0.00601432 0.00663089 -0.00366859 -0.00984639 -0.0188103 0.0277275 0.0528999 0.0109603 0.00679124 -0.0108129 -0.0149947 -0.0186227
internal_weight=0 164 10342 141 10321 112 10300 88 10279 68 5049 5230 407 4823 4802 5025 4764 3787 3994 1907 2060 1686 1031 1880 384 1739 1552 625 980 932
internal_count=10506 164 10342 141 10321 112 10300 88 10279 68 5049 5230 407 4823 4802 5025 4764 3787 3994 1907 2060 1686 1031 1880 384 1739 1552 625 980 932
is_linear=0
shrinkage=0.5


Tree=7
num_leaves=31
num_cat=0
split_feature=18 24 15 16 36 5 27 24 18 30 33 16 38 30 18 28 5 40 25 1 28 1 25 11 41 30 36 16 18 36
split_gain=139.029 101.189 97.9598 42.8852 17.4468 18.6623 5.35075 4.93352 3.03835 2.52007 1.52053 1.46423 2.39417 1.43351 1.34979 1.35523 1.28311 1.01402 1.13963 1.3172 0.890002 0.804902 1.04522 0.942226 0.69573 0.656385 0.561187 0.547951 0.529908 0.525652
threshold=475.00000000000006 856.00000000000011 663.50000000000011 298.52500000000003 19.500000000000004 80.125000000000014 1.0000000180025095e-35 3192.0000000000005 633.0499880000001 87.404998800000016 1.0000000180025095e-35 254.62999955000001 0.73749998250000004 90.715000150000023 687.20001200000013 1.0000000180025095e-35 86.139999400000008 1.0000000180025095e-35 1.0000000180025095e-35 1.0000000180025095e-35 1.0000000180025095e-35 1.0000000180025095e-35 1.0000000180025095e-35 1.0000000180025095e-35 1.0000000180025095e-35 90.215000150000023 52.184999450000007 238.67000045 613.95001200000013 46.139999350000004
decision_type=2 2 2 2 2 2 2 2 2 2 2 2 2 2 2 2 2 2 2 2 2 2 2 2 2 2 2 2 2 2
left_child=1 2 3 6 -2 -6 -1 8 9 -7 13 12 -11 -10 15 16 -15 18 19 20 -14 23 -23 -18 -19 27 -16 28 -21 -17
right_child=4 -3 -4 -5 5 7 -8 -9 10 11 -12 -13 17 14 26 29 21 24 -20 25 -22 22 -24 -25 -26 -27 -28 -29 -30 -31
leaf_value=-0.099724610390908575 -0.42816427835951681 -1.3787753768265247 -1.1291817251454901 0.54498901060129434 0.38904134204494767 -0.16707487994184098 -0.37631395666135681 0.24871270509348029 0.059194821087882876 -0.17366873590453041 -0.0096788486822605071 0.11857415611545245 -0.016126117597648756 -0.10597300589084625 0.029155240823809533 0.0074734701281514663 0.0046403406229415696 -0.076657249454384374 -0.036475201414892015 0.0061901292050606568 0.010029508393440531 0.020889752141633525 -0.0062555107597052472 -0.028328605830177607 -0.015712494081645809 0.0034799847905931354 0.074603734413884876 0.055909578004378319 0.04904785413721887 0.035079452125590882
leaf_weight=34 23 26 27 23 32 24 36 21 178 21 697 24 1239 25 639 230 1877 76 227 290 441 1571 458 245 122 922 76 117 96 689
leaf_count=34 23 26 27 23 32 24 36 21 178 21 697 24 1239 25 639 230 1877 76 227 290 441 1571 458 245 122 922 76 117 96 689
internal_value=0 -0.484515 -0.290759 -0.0473461 0.00682811 0.00779598 -0.241971 0.0066121 0.00611773 -0.00559526 0.0124237 -0.00451121 -0.0053431 0.0149964 0.0136423 0.0107873 0.00696189 -0.00434173 -0.00227594 0.0002243 -0.00926027 0.00764206 0.0147623 0.000833841 -0.0391054 0.0114061 0.0339861 0.0259347 0.016849 0.0281704
internal_weight=0 146 120 93 10360 10337 70 10305 10284 3599 6685 3575 3551 5988 5810 5095 4176 3530 3332 3105 1680 4151 2029 2122 198 1425 715 503 386 919
internal_count=10506 146 120 93 10360 10337 70 10305 10284 3599 6685 3575 3551 5988 5810 5095 4176 3530 3332 3105 1680 4151 2029 2122 198 1425 715 503 386 919
is_linear=0
shrinkage=0.5


Tree=8
num_leaves=31
num_cat=0
split_feature=16 36 15 16 36 5 32 31 30 24 36 12 41 24 30 5 16 30 16 18 18 30 5 16 31 38 5 16 30 16
split_gain=57.6524 42.0055 14.4933 49.831 9.4541 9.77936 8.38655 4.84531 3.9937 3.52251 4.89719 1.12656 1.11679 0.742711 1.63778 0.956038 0.618512 0.591352 1.08996 0.999311 0.793558 0.790886 0.815207 0.790679 0.744543 0.904525 0.678492 0.764216 0.625131 0.676701
threshold=321.02500000000003 60.184999450000007 663.50000000000011 268.65000000000003 40.500000000000007 81.189998650000021 22.724999400000005 122617.80100000002 87.404998800000016 728.00000000000011 25.500000000000004 368.21499865000004 1.0000000180025095e-35 2573.7500000000005 91.404998800000016 86.99499895000001 240.87999955000001 89.125000000000014 231.67000045 580.20001200000013 594.20001200000013 90.215000150000023 86.479999550000016 239.17000045 143503.10150000002 0.7600499985000001 86.68999860000001 234.97500075000002 90.715000150000023 239.87999955000001
decision_type=2 2 2 2 2 2 2 2 2 2 2 2 2 2 2 2 2 2 2 2 2 2 2 2 2 2 2 2 2 2
left_child=1 2 6 4 -4 -6 9 -5 -7 12 -11 17 -1 -13 -15 -16 -17 19 -19 -10 24 22 23 -22 25 -20 -23 -28 29 -29
right_child=-2 -3 3 7 5 8 -8 -9 11 10 -12 13 -14 14 15 16 -18 18 20 -21 21 26 -24 -25 -26 -27 27 28 -30 -31
leaf_value=-0.11984503202140331 -0.84810551106929777 -0.67334933169995959 -0.34058004436665212 0.6875550514087081 0.35281299692578616 -0.22037173807621002 -0.42012731150652355 0.35433074766770006 -0.033069726571141343 -0.14725901702275643 0.17737655474671296 -0.00060078187880023657 -0.27084534118572873 0.038743304587884546 -0.057770402441647918 -0.055700230588381354 0.0092647366210633943 -0.059688740344508814 0.065471541068594277 0.035831655660657352 -0.0097132725025541287 -0.025146258243278961 0.040568886007984924 0.042483280271088948 -0.12420575469288797 -0.0395873010665777 -0.057676334548588906 0.01394882876246392 -0.0035319415413957822 0.097569379090730629
leaf_weight=25 20 23 20 24 20 20 26 20 70 26 21 1972 24 477 55 37 3743 89 24 212 330 381 199 93 21 140 61 178 2127 28
leaf_count=25 20 23 20 24 20 20 26 20 70 26 21 1972 24 477 55 37 3743 89 24 212 330 381 199 93 21 140 61 178 2127 28
internal_value=0 0.0016176 0.00310132 0.00512259 0.00285372 0.00352207 -0.168226 0.536089 0.002841 -0.100003 -0.00220908 0.00327709 -0.193804 0.00743721 0.0111132 0.00767657 0.00862884 -0.00333618 -0.00503115 0.0187285 -0.0036731 -0.00193636 0.0141781 0.00176257 -0.0355634 -0.0242128 -0.00554832 -0.00242935 -0.000984829 0.0253147
internal_weight=0 10486 10463 10341 10297 10277 122 44 10257 96 47 10237 49 6284 4312 3835 3780 3953 3671 282 3582 3397 622 423 185 164 2775 2394 2333 206
internal_count=10506 10486 10463 10341 10297 10277 122 44 10257 96 47 10237 49 6284 4312 3835 3780 3953 3671 282 3582 3397 622 423 185 164 2775 2394 2333 206
is_linear=0
shrinkage=0.5


Tree=9
num_leaves=31
num_cat=0
split_feature=15 36 18 18 18 30 30 12 36 30 38 5 16 38 36 40 10 15 18 30 30 30 16 5 30 5 16 16 12 24
split_gain=25.8174 87.1304 22.4888 53.3749 24.3426 8.01377 11.9255 4.54159 1.62268 1.41761 1.57458 1.38126 0.992126 1.41948 0.96036 0.893679 0.696174 0.64957 0.580295 1.67576 1.31196 0.965836 0.901773 0.778119 0.630576 1.12108 0.95125 0.680503 0.627597 0.538506
threshold=284.00000000000006 23.500000000000004 331.00000000000006 1.0000000180025095e-35 442.50000000000006 52.190000550000008 86.000000000000014 343.52500000000003 41.309999450000007 88.034999850000005 0.71999999900000011 82.24499895000001 264.95000019000003 0.73749998250000004 52.184999450000007 1.0000000180025095e-35 0.21949999800000003 34002.849600000009 655.0499880000001 93.465000150000023 92.284999850000005 91.904998800000016 246.45000020000001 84.735000600000021 89.74499895000001 85.645000500000023 233.75499955000001 237.22500075000002 371.08999865000004 2844.0000000000005
decision_type=2 2 2 2 2 2 2 2 2 2 2 2 2 2 2 2 2 2 2 2 2 2 2 2 2 2 2 2 2 2
left_child=1 7 3 -2 -4 -6 -7 -1 -8 11 -11 -10 13 -12 15 18 -13 -16 19 21 28 22 24 -24 27 -26 -27 -15 -20 -25
right_child=2 -3 4 -5 5 6 8 -9 9 10 12 16 -14 14 17 -17 -18 -19 20 -21 -22 -23 23 29 25 26 -28 -29 -30 -31
leaf_value=0.29928775988519191 0.14550298208800647 -1.0707708491633336 0.41981407124549153 -0.9126807803457434 -0.30643288578305927 0.34095324432620633 0.11095095899723031 -0.033633332167352946 -0.17413502423600716 0.13268129397993503 -0.13158862832933665 -0.083854155354423532 0.11027571414819076 0.0066522118200492931 0.083674374195497211 -0.013218127486487477 0.044891993426496073 0.017897929854665859 0.018059848085902986 0.12366933877476388 0.0045061312058902996 -0.012039063507789985 -0.041005020582815632 0.024411902500226269 -0.036245470654565987 -0.049516095802128471 0.0016228167646142261 0.048730262743256314 0.064280068840952997 0.084813986183712026
leaf_weight=20 26 24 35 22 21 26 34 21 22 23 20 21 21 499 41 1036 21 444 157 27 2614 1508 42 369 231 94 2789 119 138 41
leaf_count=20 26 24 35 22 21 26 34 21 22 23 20 21 21 499 41 1036 21 444 157 27 2614 1508 42 369 231 94 2789 119 138 41
internal_value=0 -0.314139 0.00195566 -0.339498 0.00353266 0.00212603 0.00275288 0.128767 0.00190008 0.0015393 0.00200417 -0.0726434 0.00170922 0.00148502 0.00174726 0.000657656 -0.0194811 0.0234584 0.00232378 -0.000600718 0.00807325 -0.00119019 0.00271996 0.0238123 0.000165374 -0.00272999 -4.45637e-05 0.0147546 0.0396815 0.0304521
internal_weight=0 65 10441 48 10393 10358 10337 41 10311 10277 10213 64 10190 10169 10149 9664 42 485 8628 5719 2909 5692 4184 452 3732 3114 2883 618 295 410
internal_count=10506 65 10441 48 10393 10358 10337 41 10311 10277 10213 64 10190 10169 10149 9664 42 485 8628 5719 2909 5692 4184 452 3732 3114 2883 618 295 410
is_linear=0
shrinkage=0.5


Tree=10
num_leaves=31
num_cat=0
split_feature=16 24 31 18 36 16 18 36 3 24 18 24 16 32 18 36 18 37 38 5 10 28 32 18 30 30 12 15 30 30
split_gain=12.5332 10.2961 75.4895 16.4391 13.9611 5.21613 4.10625 3.20677 4.74753 0.715462 1.35417 0.693683 1.88143 1.83781 1.95478 0.600468 0.632606 0.536325 0.51718 0.483165 0.484601 0.413897 0.338529 0.336745 0.899369 0.307988 0.303681 0.28556 0.302324 0.284943
threshold=321.02500000000003 808.00000000000011 35271.500000000007 400.50000000000006 20.500000000000004 226.02500000000001 1.0000000180025095e-35 21.500000000000004 1.0000000180025095e-35 2043.6500250000001 566.2999880000001 3104.6999500000006 264.52500000000003 -1.8749999999999998 676.0499880000001 59.934999450000007 583.0499880000001 1.0000000180025095e-35 0.77074998600000011 92.360000600000021 0.14549999700000002 1.0000000180025095e-35 9.335000035000002 665.95001200000013 92.375000000000014 88.505001050000018 373.05999985000005 33976.250000000007 88.034999850000005 94.284999850000005
decision_type=2 2 2 2 2 2 2 2 2 2 2 2 2 2 2 2 2 2 2 2 2 2 2 2 2 2 2 2 2 2
left_child=1 2 4 -3 6 -5 -1 -7 -9 -10 -11 12 15 -13 -15 16 27 18 22 20 25 23 -18 -22 26 -20 -25 -12 -29 -26
right_child=-2 3 -4 5 -6 7 -8 8 9 10 11 13 -14 14 -16 -17 17 -19 19 -21 21 -23 -24 24 29 -27 -28 28 -30 -31
leaf_value=-0.15447971754474565 -0.39543232321739197 0.40729296602308751 -0.76767524455756164 0.24455644214255948 0.48046536246935528 -0.19435332648988282 0.13232438349559045 0.2332537417334441 0.0952129524666816 -0.099068212788552046 -0.081101338043808938 0.036039973259903491 0.14106958951015258 -0.23065039078064728 -0.012233729895559094 0.074029958507578292 -0.0082236125321114729 0.020604594162115346 0.074566537165082991 0.041499534679305609 -0.0042781338231954466 0.0082320207805355247 0.0087278301451041602 0.026560105103485779 0.0046614220986914258 0.011793650800872831 0.079509013622171346 -0.078013743151677778 -0.01037763597100581 -0.014064780600735054
leaf_weight=24 20 25 34 22 21 21 26 22 20 34 25 36 24 20 21 28 2084 343 20 79 3389 1395 343 68 1103 850 45 20 95 249
leaf_count=24 20 25 34 22 21 21 26 22 20 34 25 36 24 20 21 28 2084 343 20 79 3389 1395 343 68 1103 850 45 20 95 249
internal_value=0 0.00075421 -0.155031 0.00232992 0.138348 0.00135232 -0.00534159 0.00083456 0.00123201 0.000736001 0.000552032 0.0008829 0.00124121 -0.0463958 -0.118778 0.000910127 0.000707579 0.00117635 0.000484002 0.00261224 0.0021807 0.00064146 -0.00582792 -0.00154001 0.00479414 0.0132367 0.047646 -0.0326692 -0.0221404 0.00121259
internal_weight=0 10486 105 10381 71 10356 50 10334 10313 10291 10271 10237 10160 77 41 10136 10108 9968 9625 7198 7119 6249 2427 4854 1465 870 113 140 115 1352
internal_count=10506 10486 105 10381 71 10356 50 10334 10313 10291 10271 10237 10160 77 41 10136 10108 9968 9625 7198 7119 6249 2427 4854 1465 870 113 140 115 1352
is_linear=0
shrinkage=0.5


Tree=11
num_leaves=31
num_cat=0
split_feature=36 18 12 16 16 30 15 33 24 18 5 38 37 30 16 5 5 16 16 30 5 16 30 5 16 30 16 32 5 30
split_gain=13.236 44.6435 158.139 77.1343 18.397 11.3998 2.64989 0.520609 0.536947 2.45631 1.43553 0.923457 0.335256 0.323701 1.04423 0.802522 0.671954 0.826274 0.86554 0.900829 0.473466 0.44108 0.426893 0.46451 0.539049 0.604008 0.428341 0.604267 0.421259 0.374937
threshold=17.000000000000004 475.00000000000006 335.65000000000003 285.02500000000003 301.77500000000003 86.000000000000014 284.00000000000006 1.0000000180025095e-35 2752.3499750000005 586.20001200000013 82.24499895000001 0.7438500225000001 1.0000000180025095e-35 90.715000150000023 241.67000045 87.125000000000014 87.534999850000005 254.92000045 243.62999955000001 91.404998800000016 85.735000600000021 248.82999935000001 89.74499895000001 85.864997900000006 235.92000045 90.215000150000023 232.22500075000002 -49.489999799999993 86.755001050000018 91.005001050000018
decision_type=2 2 2 2 2 2 2 2 2 2 2 2 2 2 2 2 2 2 2 2 2 2 2 2 2 2 2 2 2 2
left_child=4 2 3 -2 6 -3 -1 8 10 -10 -7 -11 13 14 15 22 17 18 28 20 -20 -21 26 -24 -25 -26 27 -12 -15 -18
right_child=1 5 -4 -5 -6 7 -8 -9 9 11 12 -13 -14 16 -16 -17 29 -19 19 21 -22 -23 23 24 25 -27 -28 -29 -30 -31
leaf_value=-0.060223427116870877 -0.38078906035257709 0.30400828969094063 -1.514725729145787 0.82499675399490768 0.61585478484630585 -0.11606051704708349 0.1472873891587369 -0.01054826457435341 0.18183803712017835 -0.10106448815204203 0.054156889440491796 0.0067570448351839552 0.019417528210575328 -0.0590055720935126 0.03675635127525835 0.027344276186618055 0.024191370374530615 -0.11453450857661665 -0.027079138339225515 -0.034582392283157064 0.021065093968070381 0.0021270348633575529 -0.041224040135678215 -0.040026153028539395 0.031565254270706486 -0.013551892626932576 0.013189944373851606 -0.0245755224016822 -0.021382956939540402 -0.00096788488113990737
leaf_weight=25 36 31 22 21 20 27 40 991 20 20 28 2806 204 102 222 223 155 20 60 218 343 131 133 97 115 209 406 188 275 3318
leaf_count=25 36 31 22 21 20 27 40 991 20 20 28 2806 204 102 222 223 155 20 60 218 343 131 133 97 115 209 406 188 275 3318
internal_value=0 -0.00160282 -0.376044 0.0634478 0.196506 0.00125744 0.0674755 0.000347219 0.00150574 0.0072297 -0.00101054 0.00599398 -0.00052871 -0.00118049 0.00489903 -0.000156247 -0.00331266 -0.013794 -0.0120094 -0.0022071 0.0138972 -0.0208032 -0.00537106 -0.0154651 -0.0073275 0.00246191 0.00361947 -0.0143695 -0.031562 0.000154973
internal_weight=0 10421 79 57 85 10342 65 10311 9320 2846 6474 2826 6447 6243 1621 1399 4622 1149 1129 752 403 349 1176 554 421 324 622 216 377 3473
internal_count=10506 10421 79 57 85 10342 65 10311 9320 2846 6474 2826 6447 6243 1621 1399 4622 1149 1129 752 403 349 1176 554 421 324 622 216 377 3473
is_linear=0
shrinkage=0.5


Tree=12
num_leaves=31
num_cat=0
split_feature=15 16 15 38 36 18 12 30 15 5 38 16 30 16 18 30 5 16 16 5 30 16 16 30 16 5 5 30 5 18
split_gain=17.7837 26.8952 13.8847 52.41 23.8567 12.3011 7.50914 4.76014 1.63473 0.878289 0.472494 0.379049 0.58006 0.671897 0.646478 0.572739 0.567201 0.972184 0.501205 0.480269 0.461369 0.413001 0.368393 0.350399 0.442816 0.454862 0.350199 0.601148 0.540208 0.516288
threshold=1.0000000180025095e-35 301.77500000000003 2186.0000000000005 0.71999999900000011 29.500000000000004 475.00000000000006 335.65000000000003 87.159999850000005 496.00000000000006 82.564998650000021 0.73749998250000004 239.17000045 91.404998800000016 241.62999955000001 658.95001200000013 91.064998650000021 87.255001050000018 254.67000045 244.17000045 87.715000150000023 90.465000150000023 241.12999955000001 250.87999955000001 88.279998800000016 228.77500000000001 83.639999400000008 87.49499895000001 90.715000150000023 86.005001050000018 619.95001200000013
decision_type=2 2 2 2 2 2 2 2 2 2 2 2 2 2 2 2 2 2 2 2 2 2 2 2 2 2 2 2 2 2
left_child=-1 2 4 -4 5 6 8 -5 -2 -9 -11 15 14 -14 18 19 17 22 21 20 23 -13 -15 -12 -25 -26 27 28 -23 -29
right_child=1 -3 3 7 -6 -7 -8 9 -10 10 11 12 13 16 -16 -17 -18 -19 -20 -21 -22 26 -24 24 25 -27 -28 29 -30 -31
leaf_value=0.42120481278747318 -0.085031648864969611 -0.42654299776296356 -0.66140494915501524 0.23823654568488045 0.62639891087968391 -0.25917713176054152 0.33339993540635882 -0.093660815358161925 0.10852066272248824 0.075093131689798268 0.029965001520597272 0.013332881806390747 -0.03125315376012823 -0.02555001439192749 0.070293474687440766 -0.039520673591045406 0.0010671031470343856 -0.11750625257748955 0.020549901767863116 0.01678391730626785 -0.029193129403124851 -0.0095952581623350852 0.012320740568480388 -0.070502154358949229 -0.068608772699479709 -0.0029153539456638431 0.011090312380156142 -0.001148672282579355 0.039231652482571502 -0.0405777043021825
leaf_weight=25 20 37 30 21 23 23 34 25 24 21 72 544 177 190 42 123 5975 24 538 235 211 159 97 26 27 1094 257 140 88 204
leaf_count=25 20 37 30 21 23 23 34 25 24 21 72 544 177 190 42 123 5975 24 538 235 211 159 97 26 27 1094 257 140 88 204
internal_value=0 -0.00100469 0.00050287 -0.0014955 0.166819 0.0621622 0.156916 0.000428431 0.0205423 -5.7884e-05 0.00017055 1.66443e-05 0.00141839 -0.000871949 0.00892472 -0.00659619 -1.6481e-05 -0.0208345 0.00758923 -0.00416393 -0.00760641 0.00258001 -0.0127505 -0.0038699 -0.0059938 -0.00449762 -0.00431806 -0.0110185 0.00780056 -0.024531
internal_weight=0 10481 10444 10320 124 101 78 10290 44 10269 10244 10223 8435 6463 1972 1788 6286 311 1930 1665 1430 1392 287 1219 1147 1121 848 591 247 344
internal_count=10506 10481 10444 10320 124 101 78 10290 44 10269 10244 10223 8435 6463 1972 1788 6286 311 1930 1665 1430 1392 287 1219 1147 1121 848 591 247 344
is_linear=0
shrinkage=0.5


Tree=13
num_leaves=31
num_cat=0
split_feature=38 36 16 16 12 38 31 36 0 39 30 16 16 5 30 38 30 16 5 30 16 16 30 5 30 5 16 5 30 30
split_gain=8.91438 14.7732 72.6843 71.3578 25.9491 19.6239 5.97261 5.92633 3.25787 6.67655 1.19005 0.517717 0.351329 0.326758 0.46385 0.421584 0.409847 0.510675 0.480523 0.385189 0.538514 0.376013 0.719877 0.592201 0.394702 0.683098 0.504794 0.703745 0.511132 0.464543
threshold=0.79465001850000017 24.500000000000004 304.27500000000003 290.02500000000003 311.65000000000003 0.71999999900000011 139484.70300000001 50.895000450000005 1.0000000180025095e-35 1.0000000180025095e-35 87.159999850000005 293.52500000000003 228.27500000000001 93.255001050000018 95.439998650000021 0.73749998250000004 89.125000000000014 233.94999924999999 86.139999400000008 90.755001050000018 239.17000045 242.92000045 92.034999850000005 88.905002600000017 92.284999850000005 88.810001400000019 247.77500000000001 88.170002000000025 91.904998800000016 91.404998800000016
decision_type=2 2 2 2 2 2 2 2 2 2 2 2 2 2 2 2 2 2 2 2 2 2 2 2 2 2 2 2 2 2
left_child=1 2 6 4 -3 7 8 -6 9 -1 -7 -10 -12 14 15 -14 17 -17 -18 20 -20 22 23 -21 25 26 29 28 -28 -23
right_child=-2 3 -4 -5 5 10 -8 -9 11 -11 12 -13 13 -15 -16 16 18 -19 19 21 -22 24 -24 -25 -26 -27 27 -29 -30 -31
leaf_value=-0.1699821051210165 -0.29821413798257707 -0.53003914419399656 1.0451205793768168 -0.94489838331937792 0.15950284580416654 0.11911827503215699 0.24572768780801976 0.5268831533335504 -0.095796927898412654 0.22117561940103769 -0.049337278029674456 -0.20682210541729415 -0.062184436729660737 0.063991241338953841 -0.059164452211310468 0.0046976212434533555 -0.010225073537029639 0.051107191776417878 0.0031000170699901626 -0.010231512242959158 0.028246371282825936 0.011657142155002862 -0.061817886363083531 0.018399387784075277 -0.0016026757198606214 0.026426950106891639 0.028666895415500073 0.05855845425360124 -0.0085956770335586762 -0.0071461476712842299
leaf_weight=20 25 23 20 20 23 21 21 21 21 24 36 21 27 20 33 186 1057 87 786 1053 292 473 59 218 4022 365 167 85 205 1075
leaf_count=20 25 23 20 20 23 21 21 21 21 24 36 21 27 20 33 186 1057 87 786 1053 292 473 59 218 4022 365 167 85 205 1075
internal_value=0 0.000711321 0.170207 -0.00136768 0.000458395 0.00164174 0.00667154 0.334843 -0.0517026 0.0433767 0.000213777 -0.15131 -2.99278e-05 0.000143928 1.86141e-05 0.000210899 0.000377205 0.0194875 -0.000152075 0.00105783 0.00991146 -0.000178147 -0.00782705 -0.00532078 0.00141338 0.00653176 0.00290995 0.0175114 0.00813241 -0.0014007
internal_weight=0 10481 127 10354 10334 10311 107 44 86 44 10267 42 10246 10210 10190 10157 10130 273 9857 8800 1078 7722 1330 1271 6392 2370 2005 457 372 1548
internal_count=10506 10481 127 10354 10334 10311 107 44 86 44 10267 42 10246 10210 10190 10157 10130 273 9857 8800 1078 7722 1330 1271 6392 2370 2005 457 372 1548
is_linear=0
shrinkage=0.5


Tree=14
num_leaves=31
num_cat=0
split_feature=16 15 30 36 15 38 18 18 32 38 36 24 10 38 5 32 18 30 30 18 5 16 5 16 30 16 5 18 30 30
split_gain=10.4578 8.28564 47.4383 36.7779 5.33853 3.53035 2.98274 5.23767 4.31287 2.0525 0.260885 0.33515 0.292498 1.11735 0.495863 1.13348 0.256357 0.417434 0.368986 0.933273 0.703851 0.706014 0.459857 0.369191 0.312573 0.867756 0.503996 0.501357 0.403013 0.273041
threshold=304.27500000000003 2186.0000000000005 87.159999850000005 34.500000000000007 663.50000000000011 0.71999999900000011 400.50000000000006 475.00000000000006 5.8949999800000006 0.79465001850000017 41.309999450000007 2273.9000250000004 0.12949999400000003 0.75409999500000013 83.639999400000008 -1.0000000180025095e-35 693.20001200000013 94.284999850000005 93.375000000000014 654.0499880000001 90.505001050000018 252.92000045 89.74499895000001 250.62999955000001 92.654998800000016 247.67000045 89.670002000000025 663.0499880000001 92.935001350000007 94.284999850000005
decision_type=2 2 2 2 2 2 2 2 2 2 2 2 2 2 2 2 2 2 2 2 2 2 2 2 2 2 2 2 2 2
left_child=1 3 -3 4 6 -4 8 -8 -1 10 -7 -12 13 -13 15 -14 18 -18 20 -20 21 24 -21 -24 27 -26 28 -16 -27 -25
right_child=-2 2 5 -5 -6 9 7 -9 -10 -11 11 12 14 -15 16 -17 17 -19 19 22 -22 -23 23 29 25 26 -28 -29 -30 -31
leaf_value=0.017848856500623858 -0.29478708431124689 -0.68880461692810058 0.18479660790986741 0.73075734451413155 0.21832157195442253 0.044370159422132099 0.25858412552624943 -0.081758519348043665 -0.24714178109674581 0.14951727571694748 -0.020322349581433492 0.11987238250334155 0.0020349349389307018 0.0059004364871087485 -0.00127248484131931 -0.14315415096934886 0.027318141026812237 -0.00091139998950703601 0.082949634658655638 -0.032251503234409166 0.040797642279495394 0.023322979907980448 -0.032830252521030084 0.001043260755119765 -0.040459741110367681 0.00075250770646380263 0.016608527249560256 0.016891185880115466 -0.030532408399906542 -0.021955217200959439
leaf_weight=34 30 25 26 21 27 33 20 26 28 23 202 22 41 955 5518 20 215 335 27 211 106 304 118 725 186 250 238 408 175 157
leaf_count=34 30 25 26 21 27 33 20 26 28 23 202 22 41 955 5518 20 215 335 27 211 106 304 118 725 186 250 238 408 175 157
internal_value=0 0.000844178 -0.000884673 0.115214 0.0194632 0.000785846 -0.0302514 0.0662165 -0.101824 0.000319951 -1.49639e-05 -0.00015838 0.000248485 0.00846685 -0.000640307 -0.045568 -0.00033488 0.0101238 -0.0010178 -0.00899031 0.000355886 -0.000249683 -0.0110402 -0.00656457 -0.00130741 -0.01028 -0.0018133 -2.19317e-05 -0.0121295 -0.00305057
internal_weight=0 10476 10320 156 135 10295 108 46 62 10269 10246 10213 10011 977 9034 61 8973 550 8423 1238 7185 7079 1211 1000 6775 849 663 5926 425 882
internal_count=10506 10476 10320 156 135 10295 108 46 62 10269 10246 10213 10011 977 9034 61 8973 550 8423 1238 7185 7079 1211 1000 6775 849 663 5926 425 882
is_linear=0
shrinkage=0.5


Tree=15
num_leaves=31
num_cat=0
split_feature=15 39 16 12 36 30 10 18 38 38 32 18 16 16 38 30 16 24 10 30 5 16 36 15 18 16 30 5 16 30
split_gain=9.86276 50.5143 18.0536 11.9449 16.489 4.64106 11.6566 3.47468 0.882588 0.513126 0.254989 0.572832 0.524205 0.428679 0.584368 0.214408 0.289627 0.20371 0.172355 0.172197 0.388976 0.174118 0.284821 0.307404 0.431963 0.226055 0.209438 0.406368 0.32941 0.437041
threshold=284.00000000000006 1.0000000180025095e-35 303.15000000000003 320.65000000000003 22.500000000000004 87.159999850000005 0.030499999400000002 364.50000000000006 0.71999999900000011 0.79465001850000017 3.0499999500000006 585.0499880000001 264.02500000000003 264.02500000000003 0.74015000500000017 90.159999850000005 240.12999955000001 3103.6500250000004 0.39049999450000006 94.99499895000001 91.889999400000008 253.67000045 51.954999900000011 33040.69920000001 654.75000000000011 255.42000045 89.99499895000001 86.784999850000005 232.97500075000002 90.465000150000023
decision_type=2 2 2 2 2 2 2 2 2 2 2 2 2 2 2 2 2 2 2 2 2 2 2 2 2 2 2 2 2 2
left_child=1 -1 3 4 -2 6 7 -5 -7 10 13 -12 15 14 -10 16 -13 -17 -18 20 21 26 23 -23 25 -25 -16 -28 -29 -30
right_child=2 -3 -4 5 -6 8 -8 -9 9 -11 11 12 -14 -15 19 17 18 -19 -20 -21 -22 22 -24 24 -26 -27 27 28 29 -31
leaf_value=-0.61504596307435455 0.075543070212006569 0.26745198039157736 0.4343675909913145 0.16407472565770148 -0.53916987730190158 0.092398302866898194 0.42171787859305093 -0.097177269815334255 -0.081504932422514845 0.074758636866412737 0.077532078891706005 0.0069712730188291726 -0.077678164839744573 0.071368285757489505 0.0042991926086832066 0.0022314169650325482 0.026687507483142393 0.045852082505546232 0.086306759833612232 -0.023907453418021675 0.040106480761356318 -0.053831898385871442 0.041751240028579738 0.022927399810955481 6.7615820573779358e-05 0.083055191927335473 -0.014483391182060282 -0.057041809109419035 0.024785026531450264 -0.002594336963737379
leaf_weight=34 20 31 24 20 24 26 23 35 23 23 26 106 20 20 933 3075 27 27 22 86 56 23 51 54 539 22 764 27 151 4194
leaf_count=34 20 31 24 20 24 26 23 35 23 23 26 106 20 20 933 3075 27 27 22 86 56 23 51 54 539 22 764 27 151 4194
internal_value=0 -0.194162 0.00120875 0.000210783 -0.259755 0.0013135 0.122818 -0.00217654 0.000392923 0.000159976 -7.48196e-06 0.00360889 0.00302237 -0.0017279 -0.00193907 0.00351792 0.0216662 0.00261109 0.0534553 -0.00167385 -0.00139324 -0.00173712 0.00579524 0.00292101 0.00504348 0.0403328 -0.00259226 -0.00384415 -0.00198496 -0.00164283
internal_weight=0 65 10441 10417 44 10373 78 55 10295 10269 10246 3303 3277 6943 6923 3257 155 3102 49 6900 6814 6758 689 638 615 76 6069 5136 4372 4345
internal_count=10506 65 10441 10417 44 10373 78 55 10295 10269 10246 3303 3277 6943 6923 3257 155 3102 49 6900 6814 6758 689 638 615 76 6069 5136 4372 4345
is_linear=0
shrinkage=0.5


Tree=16
num_leaves=31
num_cat=0
split_feature=15 16 15 38 36 30 16 18 31 16 18 16 38 30 16 30 5 16 16 30 16 16 38 5 16 31 30 5 16 30
split_gain=10.8076 23.2914 7.58768 30.1113 16.3494 3.53587 2.2868 2.39686 1.12518 0.316797 0.227538 0.456513 0.440043 0.219878 0.776667 0.45192 0.44058 0.394241 0.379614 0.307447 0.317167 0.297471 0.232431 0.295311 0.220457 0.439146 0.246639 0.525796 0.543925 0.396647
threshold=1.0000000180025095e-35 303.15000000000003 2186.0000000000005 0.71999999900000011 29.500000000000004 87.159999850000005 296.65000000000003 400.50000000000006 124846.8515 264.95000019000003 596.0499880000001 248.12999955000001 0.74015000500000017 91.904998800000016 243.67000045 91.755001050000018 88.139999400000008 243.92000045 250.42000045 92.284999850000005 248.20000020000001 245.17000045 0.76625001450000008 86.810001400000019 246.07999935000001 151675.30450000003 90.215000150000023 86.610000600000021 235.67000045 91.005001050000018
decision_type=2 2 2 2 2 2 2 2 2 2 2 2 2 2 2 2 2 2 2 2 2 2 2 2 2 2 2 2 2 2
left_child=-1 2 4 -4 6 -5 7 8 -2 10 11 -7 -12 15 -15 24 18 -17 -16 20 -18 -21 -20 -24 26 -26 -14 -28 -29 -30
right_child=1 -3 3 5 -6 9 -8 -9 -10 -11 12 -13 13 14 16 17 19 -19 22 21 -22 -23 23 -25 25 -27 27 28 29 -31
leaf_value=0.32835705060511827 -0.044601249167074759 -0.42018118805506011 -0.50115754416522884 0.20545714661212905 0.50333853875813273 -0.0072672867944548929 -0.087521234596217121 0.20176977067495938 0.10630122328265793 0.061428831557610204 0.072790259317982761 -0.082573092545360507 0.0072893451969667988 -0.030651782437279406 -0.028873259085696552 0.044623917323586462 0.0081914300960157053 0.0087944190158138428 0.021036395293776877 -0.025365205207525186 0.048634553940414833 0.00023972926387785421 -0.068598195290360306 -0.0042644693480917454 0.0073707084700913583 0.069611975612739727 -0.019254609119287829 -0.034051614279090855 0.010319272377918028 -0.0030749259959859795
leaf_weight=25 30 33 30 21 23 483 27 27 21 21 21 21 889 225 242 111 474 249 80 117 54 3720 20 165 512 30 392 109 899 1435
leaf_count=25 30 33 30 21 23 483 27 27 21 21 21 21 889 225 242 111 474 249 80 117 54 3720 20 165 512 30 392 109 899 1435
internal_value=0 -0.00078322 0.000541448 -0.000959179 0.12153 0.000499125 0.0378952 0.0813086 0.0175351 7.99877e-05 -4.57271e-05 -0.010405 0.000490099 0.000333943 -0.00193125 0.00282977 -0.000604875 0.0198418 -0.0145562 0.00101559 0.0123277 -0.000541031 -0.00148185 -0.0112195 0.00139415 0.0108158 2.29061e-05 -0.00225571 0.000471912 0.00208419
internal_weight=0 10481 10448 10320 128 10290 105 78 51 10269 10248 504 9744 9723 5097 4626 4872 360 507 4365 528 3837 265 185 4266 542 3724 2835 2443 2334
internal_count=10506 10481 10448 10320 128 10290 105 78 51 10269 10248 504 9744 9723 5097 4626 4872 360 507 4365 528 3837 265 185 4266 542 3724 2835 2443 2334
is_linear=0
shrinkage=0.5


Tree=17
num_leaves=31
num_cat=0
split_feature=12 16 16 27 32 19 16 38 36 30 38 36 28 24 16 16 30 5 16 40 30 16 5 31 30 1 5 16 18 30
split_gain=7.5021 104.635 75.9677 10.3908 3.04569 2.61378 4.98378 8.53765 2.87843 0.886222 0.355107 0.239561 0.252875 0.234571 0.202834 0.200414 0.277943 0.354451 0.340445 0.215364 0.202169 0.203203 0.242959 0.215909 0.215305 0.19915 0.443716 0.300264 0.191876 0.27369
threshold=328.65000000000003 301.77500000000003 300.77500000000003 1.0000000180025095e-35 4.9849998950000005 1.0000000180025095e-35 276.40000000000003 0.71999999900000011 1.0000000180025095e-35 87.159999850000005 0.73749998250000004 49.739999750000003 1.0000000180025095e-35 2720.3499750000005 255.42000045 238.35000075000002 91.404998800000016 88.229999550000016 249.62999955000001 1.0000000180025095e-35 89.465000150000023 243.92000045 84.609996800000019 148032.45300000004 89.99499895000001 1.0000000180025095e-35 85.625000000000014 259.92000000000002 705.45001200000013 94.99499895000001
decision_type=2 2 2 2 2 2 2 2 2 2 2 2 2 2 2 2 2 2 2 2 2 2 2 2 2 2 2 2 2 2
left_child=2 5 3 4 -1 6 7 -2 -7 -9 -11 15 13 -13 -14 19 17 18 20 -12 -17 22 -22 -23 -24 27 -27 -15 29 -18
right_child=1 -3 -4 -5 -6 8 -8 9 -10 10 11 12 14 25 -16 16 28 -19 -20 -21 21 23 24 -25 -26 26 -28 -29 -30 -31
leaf_value=0.2037349405232817 0.2986843669398998 -1.1438038283551577 1.0036910120397806 -0.32313865843849876 -0.068899055211139579 -0.025010514001433667 -0.24902220298536121 0.10272858043511708 0.19207472641121698 -0.058450457765362583 -0.0024912116664014801 -0.013693117053564923 0.002070976152259125 -0.0071340493516900754 0.03220552285984013 0.041079999787095735 0.00042086568699331735 0.033754063598391393 0.065034951825509779 -0.02592087449258142 -0.043707805006609611 0.010783910903600251 0.028735068383269079 0.060581375500592199 9.1466615326049779e-05 0.068498470070771866 0.00068529780190390588 -0.066665655245411806 0.020191394240010437 -0.036769054371397943
leaf_weight=20 24 20 20 30 21 26 20 21 37 26 979 744 438 569 64 38 4674 123 24 109 30 406 70 23 1045 25 687 22 121 50
leaf_count=20 24 20 20 30 21 26 20 21 37 26 979 744 438 569 64 38 4674 123 24 109 30 406 70 23 1045 25 687 22 121 50
internal_value=0 -0.00124892 0.142939 -0.0995259 0.0640931 0.00094936 0.000330246 0.000813862 0.102484 0.000118986 -9.08907e-05 5.72734e-05 -0.00414362 -0.00660984 0.00591283 0.00144938 0.0024853 0.00786872 0.00592257 -0.00483848 0.00504248 0.00417245 0.000695025 0.0134537 0.00188972 -0.00256535 0.00306638 -0.00935012 0.000530822 2.72383e-05
internal_weight=0 10415 91 71 41 10395 10332 10312 63 10288 10267 10241 2549 2047 502 7692 6604 1759 1636 1088 1612 1574 1145 429 1115 1303 712 591 4845 4724
internal_count=10506 10415 91 71 41 10395 10332 10312 63 10288 10267 10241 2549 2047 502 7692 6604 1759 1636 1088 1612 1574 1145 429 1115 1303 712 591 4845 4724
is_linear=0
shrinkage=0.5


Tree=18
num_leaves=31
num_cat=0
split_feature=30 16 36 32 31 12 30 16 0 5 30 15 30 38 5 30 5 16 16 30 5 16 30 16 16 18 16 10 18 31
split_gain=7.14534 117.329 93.449 18.8491 5.60392 4.83021 4.45308 5.55057 3.75034 3.71515 2.25868 1.3231 0.290874 0.34293 0.304033 0.27113 0.429523 0.424609 0.354171 0.337077 0.274733 0.232255 0.346228 0.45495 0.391611 0.228922 0.311975 0.358198 0.348219 0.215274
threshold=64.315000550000022 311.90000000000003 40.500000000000007 -6.1449999849999992 142585.29700000005 376.11500000000007 50.565000550000008 285.77500000000003 1.0000000180025095e-35 81.189998650000021 87.404998800000016 28511.849600000005 88.279998800000016 0.74015000500000017 85.505001050000018 90.715000150000023 87.045002000000011 244.32999935000001 238.35000075000002 91.005001050000018 87.420002000000025 240.60000075000002 89.74499895000001 234.37999955000001 232.22500075000002 617.0499880000001 247.12999955000001 0.56949999950000019 642.0499880000001 112949.3515
decision_type=2 2 2 2 2 2 2 2 2 2 2 2 2 2 2 2 2 2 2 2 2 2 2 2 2 2 2 2 2 2
left_child=1 3 -2 -1 5 6 7 -5 -8 -4 -11 -12 29 -14 -15 17 25 20 -18 -20 21 22 24 -24 -16 -17 -27 28 -28 -13
right_child=2 -3 9 4 -6 -7 8 -9 -10 10 11 12 13 14 15 16 18 -19 19 -21 -22 -23 23 -25 -26 26 27 -29 -30 -31
leaf_value=-0.49560370557010175 -1.0311512270603667 1.2413103066384792 0.20117234021587216 -0.033527729011351065 0.2677695656195283 0.2085657340940088 0.15026567626773613 -0.37138093486428259 -0.1112025174855565 -0.16787009332329034 0.11086023050463861 0.0081537593875757666 0.053178329649381337 -0.010419977031195696 -0.0069821855568150126 0.00036161058461345872 -0.020251381831212938 0.075914377314885234 0.01721088355577206 0.00030300518848094067 0.023707477056509437 0.019735805321275526 -0.04281608170040508 -0.0018388763970024859 0.029507068561952374 -0.028768799430094274 -0.0034672848379352326 0.040594894490296657 -0.068940834103462592 0.062051636297837831
leaf_weight=20 22 20 23 31 20 20 32 20 24 20 27 44 30 699 129 240 201 22 308 6865 185 173 77 563 171 294 132 38 24 32
leaf_count=20 22 20 23 31 20 20 32 20 24 20 27 44 30 699 129 240 201 22 308 6865 185 173 77 563 171 294 132 38 24 32
internal_value=0 0.0968636 -0.00175535 -0.0401958 0.0217644 -0.0169766 -0.059134 -0.166019 0.0382079 0.000443996 -5.36676e-06 0.000322046 3.02178e-05 -0.00020051 -0.000358732 0.000387692 -0.000694932 0.00703271 0.00044895 0.00102901 0.00586522 0.00289953 -0.000199063 -0.00676895 0.0138167 -0.0122815 -0.0184993 -0.00293637 -0.0135401 0.0308476
internal_weight=0 187 10319 167 147 127 107 51 56 10297 10274 10254 10227 10151 10121 9422 8102 1320 7374 7173 1298 1113 940 640 300 728 488 194 156 76
internal_count=10506 187 10319 167 147 127 107 51 56 10297 10274 10254 10227 10151 10121 9422 8102 1320 7374 7173 1298 1113 940 640 300 728 488 194 156 76
is_linear=0
shrinkage=0.5


Tree=19
num_leaves=31
num_cat=0
split_feature=16 15 36 15 24 16 16 36 12 32 16 36 5 5 30 30 5 16 30 16 5 10 5 5 31 16 15 30 5 30
split_gain=22.0631 4.43563 5.70993 3.8728 24.2484 11.6881 3.57612 2.733 2.5908 1.11991 0.990289 0.497395 0.414538 0.301537 0.156465 0.692378 0.394171 0.411249 0.336554 0.414255 0.49664 0.363665 0.337822 0.307276 0.264502 0.279407 0.389759 0.263406 0.30116 0.298087
threshold=304.27500000000003 39987.69920000001 41.309999450000007 2186.0000000000005 2043.6500250000001 274.77500000000003 298.52500000000003 18.500000000000004 322.65000000000003 7.9700000300000005 266.02500000000003 42.500000000000007 82.24499895000001 82.889999400000008 93.654998800000016 93.814998650000021 90.229999550000016 255.20000020000001 92.904998800000016 250.12999955000001 88.625000000000014 0.43699999200000006 86.479999550000016 88.784999850000005 162607.79700000005 261.77500000000003 35002.050800000005 92.685001350000007 89.229999550000016 92.005001050000018
decision_type=2 2 2 2 2 2 2 2 2 2 2 2 2 2 2 2 2 2 2 2 2 2 2 2 2 2 2 2 2 2
left_child=1 3 -3 5 -5 -1 7 9 -9 -7 11 -6 -13 -14 16 -16 17 18 19 27 21 -21 -23 -20 25 -17 -27 28 29 -15
right_child=-2 2 -4 4 10 6 -8 8 -10 -11 -12 12 13 14 15 24 -18 -19 23 20 -22 22 -24 -25 -26 26 -28 -29 -30 -31
leaf_value=0.36515321267832968 -0.42817548252642157 0.35695550180971625 -0.0047799742994053913 -0.55064215194142885 0.058889416408621602 -0.026838043145835398 0.18282217130064965 0.021815078565850854 -0.19550544217054266 0.13053782864545399 0.10891023074232396 -0.052813841936153336 0.050260112760588525 0.00023087492837948418 -0.033950571221977151 -0.0016742552233953826 0.013570690367204449 0.022926477626989301 -0.043708821645794579 -0.0049654669683212001 0.037965913203356801 0.087113852612674236 0.015807762316770245 -0.0076681188127556039 -0.055992619988198079 -0.011942392953538468 0.057141324823570191 -0.015528184473388372 0.010302337132474224 -0.010355757654608874
leaf_weight=29 30 20 24 20 36 20 25 24 32 26 21 37 30 5127 179 994 566 190 65 294 151 20 98 656 21 35 49 286 637 764
leaf_count=29 30 20 24 20 36 20 25 24 32 26 21 37 30 5127 179 994 566 190 65 294 151 20 98 656 21 35 49 286 637 764
internal_value=0 0.00122616 0.159645 0.000557983 -0.000629013 0.0787475 0.0133478 -0.0281901 -0.102368 0.0621135 0.000443556 0.000221006 1.39206e-05 0.000206267 5.8062e-05 -0.00511367 0.000804557 -6.72611e-05 -0.000606754 0.000400958 0.013436 0.00444561 0.0278935 -0.0109173 -0.000416846 0.000665799 0.0283564 -0.000676046 -2.53545e-05 -0.0011421
internal_weight=0 10476 44 10432 10276 156 127 102 56 46 10256 10235 10199 10162 10132 1278 8854 8288 8098 7377 563 412 118 721 1099 1078 84 6814 6528 5891
internal_count=10506 10476 44 10432 10276 156 127 102 56 46 10256 10235 10199 10162 10132 1278 8854 8288 8098 7377 563 412 118 721 1099 1078 84 6814 6528 5891
is_linear=0
shrinkage=0.5


end of trees

feature_importances:
Column_16=138
Column_30=125
Column_5=76
Column_18=52
Column_36=34
Column_38=28
Column_15=26
Column_24=16
Column_31=16
Column_12=13
Column_32=13
Column_10=9
Column_28=9
Column_41=6
Column_1=4
Column_2=4
Column_17=4
Column_37=4
Column_40=4
Column_25=3
Column_33=3
Column_39=3
Column_0=2
Column_11=2
Column_27=2
Column_3=1
Column_7=1
Column_19=1
Column_20=1

parameters:
[boosting: gbdt]
[objective: regression]
[metric: rmse,l2]
[tree_learner: serial]
[device_type: cpu]
[data: ]
[valid: ]
[num_iterations: 20]
[learning_rate: 0.5]
[num_leaves: 31]
[num_threads: -1]
[deterministic: 0]
[force_col_wise: 0]
[force_row_wise: 0]
[histogram_pool_size: -1]
[max_depth: 20]
[min_data_in_leaf: 20]
[min_sum_hessian_in_leaf: 0.001]
[bagging_fraction: 1]
[pos_bagging_fraction: 1]
[neg_bagging_fraction: 1]
[bagging_freq: 0]
[bagging_seed: 3]
[feature_fraction: 1]
[feature_fraction_bynode: 1]
[feature_fraction_seed: 2]
[extra_trees: 0]
[extra_seed: 6]
[early_stopping_round: 1000]
[first_metric_only: 0]
[max_delta_step: 0]
[lambda_l1: 0]
[lambda_l2: 0]
[linear_lambda: 0]
[min_gain_to_split: 0]
[drop_rate: 0.1]
[max_drop: 50]
[skip_drop: 0.5]
[xgboost_dart_mode: 0]
[uniform_drop: 0]
[drop_seed: 4]
[top_rate: 0.2]
[other_rate: 0.1]
[min_data_per_group: 100]
[max_cat_threshold: 32]
[cat_l2: 10]
[cat_smooth: 10]
[max_cat_to_onehot: 4]
[top_k: 20]
[monotone_constraints: ]
[monotone_constraints_method: basic]
[monotone_penalty: 0]
[feature_contri: ]
[forcedsplits_filename: ]
[refit_decay_rate: 0.9]
[cegb_tradeoff: 1]
[cegb_penalty_split: 0]
[cegb_penalty_feature_lazy: ]
[cegb_penalty_feature_coupled: ]
[path_smooth: 0]
[interaction_constraints: ]
[verbosity: -1]
[saved_feature_importance_type: 0]
[linear_tree: 0]
[max_bin: 255]
[max_bin_by_feature: ]
[min_data_in_bin: 3]
[bin_construct_sample_cnt: 200000]
[data_random_seed: 1]
[is_enable_sparse: 1]
[enable_bundle: 1]
[use_missing: 1]
[zero_as_missing: 0]
[feature_pre_filter: 1]
[pre_partition: 0]
[two_round: 0]
[header: 0]
[label_column: ]
[weight_column: ]
[group_column: ]
[ignore_column: ]
[categorical_feature: ]
[forcedbins_filename: ]
[precise_float_parser: 0]
[objective_seed: 5]
[num_class: 1]
[is_unbalance: 0]
[scale_pos_weight: 1]
[sigmoid: 1]
[boost_from_average: 1]
[reg_sqrt: 0]
[alpha: 0.9]
[fair_c: 1]
[poisson_max_delta_step: 0.7]
[tweedie_variance_power: 1.5]
[lambdarank_truncation_level: 30]
[lambdarank_norm: 1]
[label_gain: ]
[eval_at: ]
[multi_error_top_k: 1]
[auc_mu_weights: ]
[num_machines: 1]
[local_listen_port: 12400]
[time_out: 120]
[machine_list_filename: ]
[machines: ]
[gpu_platform_id: -1]
[gpu_device_id: -1]
[gpu_use_dp: 0]
[num_gpu: 1]

end of parameters

pandas_categorical:null
