tree
version=v3
num_class=1
num_tree_per_iteration=1
label_index=0
max_feature_idx=41
objective=regression
feature_names=Column_0 Column_1 Column_2 Column_3 Column_4 Column_5 Column_6 Column_7 Column_8 Column_9 Column_10 Column_11 Column_12 Column_13 Column_14 Column_15 Column_16 Column_17 Column_18 Column_19 Column_20 Column_21 Column_22 Column_23 Column_24 Column_25 Column_26 Column_27 Column_28 Column_29 Column_30 Column_31 Column_32 Column_33 Column_34 Column_35 Column_36 Column_37 Column_38 Column_39 Column_40 Column_41
feature_infos=[0:1] [0:1] [0:1] [0:1] [0:1] [0:94.629997299999999] [0:1] [0:1] none [0:1] [0:1.8550000200000001] [0:1] [273.14999999999998:1041.1500000000001] none none [-473:41051] [223.64999999999998:372.14999999999998] [0:1] [0:768] [0:1] [0:1] [0:1] none none [0:12288] [0:1] [0:1] [0:1] [0:1] [0:1] [0:127.129997] [0:163800] [-64:96.75] [0:1] none none [0:1016] [0:1] [0:0.99900001299999996] [0:1] [0:1] [0:1]
tree_sizes=2743 2725 2717 2721 2751 2738 2762 2762 2748 2723 2744 2762 2776 2766 2721 2731 2713 2764 2719 2714

Tree=0
num_leaves=31
num_cat=0
split_feature=5 24 24 24 24 24 24 24 24 24 24 24 24 24 2 24 2 2 24 24 2 31 31 24 24 24 2 2 24 24
split_gain=1.29001e+09 2.28305e+08 4.77816e+07 3.84718e+07 1.35715e+07 1.01391e+07 6.74804e+06 5.62092e+06 2.25146e+06 1.65386e+06 1.63443e+06 1.41292e+06 1.2396e+06 1.1421e+06 935149 815812 669514 596402 587745 495074 484982 437359 399776 336134 306760 274625 250933 244720 212536 193648
threshold=24.754999200000004 2671.6500250000004 2437.7500000000005 2839.8499750000005 2246.4499500000006 2559.6500250000004 2970.2500000000005 2746.2500000000005 2043.6500250000001 2618.2500000000005 2352.3499750000005 3136.3499750000005 2508.0000000000005 2911.6500250000004 1.0000000180025095e-35 2792.0000000000005 1.0000000180025095e-35 1.0000000180025095e-35 2144.3499750000005 2706.5999750000005 1.0000000180025095e-35 128215.00000000001 121477.45300000001 3048.0000000000005 2408.0000000000005 2290.0999750000005 1.0000000180025095e-35 1.0000000180025095e-35 2464.3499750000005 2864.3499750000005
decision_type=2 2 2 2 2 2 2 2 2 2 2 2 2 2 2 2 2 2 2 2 2 2 2 2 2 2 2 2 2 2
left_child=-1 2 4 7 8 12 13 16 -2 22 25 23 28 17 15 -9 19 29 -10 -3 -15 -11 -7 26 -12 -6 -8 -14 -4 -5
right_child=1 3 5 6 10 9 11 14 18 21 24 -13 27 20 -16 -17 -18 -19 -20 -21 -22 -23 -24 -25 -26 -27 -28 -29 -30 -31
leaf_value=1297.9750604170199 2211.9905829651507 2636.2256466515942 2523.6748930137237 2717.7907234622671 2427.5510435648921 2590.1634832217037 2788.0077407524313 2676.148513600875 2334.5980467830286 2618.433369213647 2487.6393533163046 2875.7326117224543 2561.3115275620917 2757.5675844347879 2653.5643597949852 2700.9392966205596 2613.4413077103291 2693.015508808096 2391.4805439439524 2655.8304640446881 2721.5440952477493 2597.2345335997147 2571.590579333998 2810.7374542810767 2508.9057231521488 2462.2191159908566 2757.6353554155439 2533.9932899330179 2538.9991002886482 2735.554500685761
leaf_weight=188 28 785 382 300 76 758 325 700 87 631 362 51 827 422 233 631 203 165 95 546 120 396 469 131 319 230 86 91 555 314
leaf_count=188 28 785 382 300 76 758 325 700 87 631 362 51 827 422 233 631 203 165 95 546 120 396 469 131 319 230 86 91 555 314
internal_value=2595.95 2619.6 2547.31 2696.13 2459.4 2572.92 2751.86 2661.69 2343.98 2595.46 2483.96 2796.17 2545.55 2731.97 2682.79 2687.9 2640.19 2719.7 2364.29 2644.27 2749.59 2610.26 2583.06 2788.68 2497.6 2453.61 2781.65 2558.6 2532.75 2726.88
internal_weight=0 10318 5306 5012 1197 4109 1914 3098 210 2254 987 593 1855 1321 1564 1331 1534 779 182 1331 542 1027 1227 542 681 306 411 918 937 614
internal_count=10506 10318 5306 5012 1197 4109 1914 3098 210 2254 987 593 1855 1321 1564 1331 1534 779 182 1331 542 1027 1227 542 681 306 411 918 937 614
is_linear=0
shrinkage=1


Tree=1
num_leaves=31
num_cat=0
split_feature=30 24 24 24 24 24 24 24 24 24 2 31 24 31 24 24 24 24 31 31 41 10 31 31 24 41 41 2 24 31
split_gain=3.23869e+08 5.70792e+07 1.25315e+07 8.32879e+06 3.15676e+06 2.85796e+06 1.65476e+06 1.36161e+06 1.26768e+06 485329 466856 433181 426184 425568 397888 314768 286558 258152 179413 174899 174264 147880 144343 142679 133121 130219 124037 119535 108267 101835
threshold=86.000000000000014 2687.6500250000004 2463.6500250000004 2864.3499750000005 2273.9000250000004 2576.3499750000005 2772.0000000000005 1968.3499750000003 2999.4500750000002 2382.0999750000005 1.0000000180025095e-35 130054.65250000001 2522.2500000000005 114869.3515 2176.3499750000005 2928.3499750000005 2639.6500250000004 3146.4499500000006 115637.45300000001 114869.3515 1.0000000180025095e-35 1.0000000180025095e-35 138657.14850000004 117695.6015 2720.3499750000005 1.0000000180025095e-35 1.0000000180025095e-35 1.0000000180025095e-35 2816.3499750000005 114869.3515
decision_type=2 2 2 2 2 2 2 2 2 2 2 2 2 2 2 2 2 2 2 2 2 2 2 2 2 2 2 2 2 2
left_child=7 2 4 6 14 12 11 21 15 29 16 24 23 28 -2 19 -7 26 -11 -5 -13 -1 -17 -4 -3 -15 -10 -14 -8 -6
right_child=1 3 5 8 9 10 13 -9 17 18 -12 20 27 25 -16 22 -18 -19 -20 -21 -22 -23 -24 -25 -26 -27 -28 -29 -30 -31
leaf_value=-648.987548828125 -132.23808560226902 29.268492257195199 -24.935204978098334 77.405240998851312 -61.12459560121809 1.871714835845238 54.152251989191228 -516.48555145263674 97.08987086043399 -40.087093785807895 -16.046274123729571 13.597832077565666 -12.983797360680255 37.664883749297829 -92.369882727871428 96.891117095947266 14.397846659969376 143.29633231784987 -57.710905154962191 61.026625376667468 28.920624809460428 -694.68831787109377 78.56659336884816 -38.606494443169957 41.243398746294261 52.245562493801117 118.35492092801124 -30.962116973234874 66.763611665319218 -79.447278059445892
leaf_weight=154 132 477 710 278 280 956 385 20 234 592 230 506 1093 484 119 158 874 46 191 394 293 20 336 261 452 224 97 101 305 104
leaf_count=154 132 477 710 278 280 956 385 20 234 592 230 506 1093 484 119 158 874 46 191 394 293 20 336 261 452 224 97 101 305 104
internal_value=0 12.0411 -21.7961 52.937 -62.4677 -8.14587 38.1003 -640.039 82.9951 -51.5268 5.18565 27.7531 -20.8308 50.8901 -113.336 74.8459 7.85414 108.199 -44.3861 67.8023 19.2168 -654.241 84.4275 -28.61 35.0948 42.278 103.322 -14.5046 59.7268 -66.087
internal_weight=0 10312 5643 4669 1418 4225 3126 194 1543 1167 2060 1728 2165 1398 251 1166 1830 377 783 672 799 174 494 971 929 708 331 1194 690 384
internal_count=10506 10312 5643 4669 1418 4225 3126 194 1543 1167 2060 1728 2165 1398 251 1166 1830 377 783 672 799 174 494 971 929 708 331 1194 690 384
is_linear=0
shrinkage=0.5


Tree=2
num_leaves=31
num_cat=0
split_feature=15 24 24 24 24 24 15 24 24 16 24 2 15 41 5 15 2 41 18 24 31 31 12 15 41 31 12 41 15 16
split_gain=8.43331e+07 1.45288e+07 3.50364e+06 1.87022e+06 1.03472e+06 616620 474651 278959 276626 275770 189539 180325 156949 150378 147733 146400 134912 125059 120862 106911 104739 104374 94082.6 87473.6 79394.5 77853.4 66342.9 58917.7 57954.8 56286.8
threshold=2186.0000000000005 2698.2500000000005 2480.3499750000005 2893.7500000000005 2320.3499750000005 2592.3499750000005 35041.300800000005 904.00000000000011 3072.3499750000005 253.92000045 2800.3499750000005 1.0000000180025095e-35 37042.099600000009 1.0000000180025095e-35 87.889999400000008 37016.650400000006 1.0000000180025095e-35 1.0000000180025095e-35 566.2999880000001 2416.3499750000005 123598.1015 35271.500000000007 368.67999880000002 35010.19920000001 1.0000000180025095e-35 129055.6015 368.05999985 1.0000000180025095e-35 37010.099600000009 311.90000000000003
decision_type=2 2 2 2 2 2 2 2 2 2 2 2 2 2 2 2 2 2 2 2 2 2 2 2 2 2 2 2 2 2
left_child=7 2 4 6 9 17 14 29 13 12 22 19 18 23 -3 24 -10 20 -2 -6 -4 -14 -8 26 25 -7 -5 -17 -19 -1
right_child=1 3 5 8 11 15 10 -9 16 -11 -12 -13 21 -15 -16 27 -18 28 -20 -21 -22 -23 -24 -25 -26 -27 -28 -29 -30 -31
leaf_value=-322.53514055524556 1.6559234619140626 23.994390146016709 -7.7432072998583319 34.675041084704191 -25.993127245169418 7.3975968235714751 6.6709086951889853 -383.99051411946613 79.27797769245349 -106.03975556113504 23.93638421724787 -44.771343310674034 -41.796859120748131 48.984919239291187 35.259741865793863 -8.3406720708930084 45.631070351114076 -1.5766219944680984 -40.819190327403618 -17.026516532917302 -18.144265332290431 -63.921576647150438 15.779523081315602 28.765773185003887 10.327718106271361 -2.6119312788181248 45.763152559735786 2.6293276609045213 -9.0560018321656326 -349.74055619673294
leaf_weight=140 20 653 575 253 585 455 408 24 76 22 563 84 83 417 525 267 49 689 103 770 418 149 929 220 738 339 289 226 415 22
leaf_count=140 20 653 575 253 585 455 408 24 76 22 563 84 83 417 525 267 49 689 103 770 418 149 929 220 738 339 289 226 415 22
internal_value=0 6.01405 -10.1021 27.8529 -28.4002 -2.04066 21.1296 -333.683 43.7228 -51.7177 16.2406 -22.2913 -48.3513 41.3516 29.015 4.18251 66.0884 -8.05016 -33.9127 -20.8977 -12.1215 -56.0063 12.9999 37.1743 6.5942 3.12401 40.5873 -3.31183 -4.38816 -326.23
internal_weight=0 10320 5938 4382 1816 4122 3078 186 1304 377 1900 1439 355 1179 1178 2025 125 2097 123 1355 993 232 1337 762 1532 794 542 493 1104 162
internal_count=10506 10320 5938 4382 1816 4122 3078 186 1304 377 1900 1439 355 1179 1178 2025 125 2097 123 1355 993 232 1337 762 1532 794 542 493 1104 162
is_linear=0
shrinkage=0.5


Tree=3
num_leaves=31
num_cat=0
split_feature=38 24 24 24 24 24 24 16 15 33 15 2 24 30 12 33 2 16 31 24 15 15 5 18 15 5 33 1 15 30
split_gain=2.14582e+07 3.79444e+06 818949 599682 222927 215607 178199 132601 177666 132510 121747 101211 96030.9 91478 84965.5 83826.3 79250.4 78409.8 63575.9 55147.7 53003.8 47746.3 44933.9 44575.1 42937.4 42219.2 42090.7 57534.4 41879.5 38022.1
threshold=0.17100000400000001 2640.3499750000005 2812.0000000000005 2416.3499750000005 2949.7500000000005 2541.7500000000005 2220.0000000000005 247.12999955000001 37001.050800000005 1.0000000180025095e-35 36040.800800000005 1.0000000180025095e-35 856.00000000000011 89.849998500000012 368.43499985 1.0000000180025095e-35 1.0000000180025095e-35 285.77500000000003 130533.70300000001 3024.3499750000005 37965.900400000006 33040.69920000001 88.784999850000005 633.95001200000013 36024.701200000003 18.254999200000004 1.0000000180025095e-35 1.0000000180025095e-35 36002.050800000005 91.814998650000021
decision_type=2 2 2 2 2 2 2 2 2 2 2 2 2 2 2 2 2 2 2 2 2 2 2 2 2 2 2 2 2 2
left_child=12 3 10 6 9 20 7 8 -2 21 13 -11 25 -3 24 19 -17 -14 22 -6 -5 -4 -12 -21 -7 -1 -20 -28 -16 -23
right_child=1 2 4 5 15 14 -8 -9 -10 11 18 -13 17 -15 28 16 -18 -19 26 23 -22 29 -24 -25 -26 -27 27 -29 -30 -31
leaf_value=-165.62104969639933 15.63162727050838 -1.1795898024524962 26.882281841529952 -6.4820786668854797 25.409073922421459 -0.61512700976022794 -14.892957048038991 -67.803897111312196 -33.881537467241287 14.080085487844787 -4.383496206057699 -8.6710376852916351 -167.75117274693079 10.920476188267321 8.2632436244292009 28.470876394533644 1.8618530555658284 -210.95880926223029 1.7909452219613589 57.353580497560046 -12.380684122655703 12.229326404015429 8.5812982112883311 32.98202302882617 -7.6881824304569921 -140.86506042480468 -20.246388209949838 2.1421575160697102 0.44374251521260638 18.228194789784478
leaf_weight=124 21 175 124 1160 412 372 831 23 132 107 76 90 21 1454 204 51 62 21 668 21 567 360 554 176 507 20 55 60 1066 992
leaf_count=124 21 175 124 1160 412 372 831 23 132 107 76 90 21 1454 204 51 62 21 668 21 567 360 554 176 507 20 55 60 1066 992
internal_value=0 3.03365 12.1195 -7.08308 19.0354 -4.25879 -17.954 -32.4068 -27.0856 15.8664 6.67461 3.68617 -168.318 9.62059 -0.915777 26.3785 13.8712 -189.355 3.27829 28.6992 -8.41868 17.4921 7.01729 35.58 -4.69481 -162.183 0.269897 -8.56541 1.69979 16.6309
internal_weight=0 10320 5437 4883 2395 3876 1007 176 153 1673 3042 197 186 1629 2149 722 113 42 1413 609 1727 1476 630 197 879 144 783 115 1270 1352
internal_count=10506 10320 5437 4883 2395 3876 1007 176 153 1673 3042 197 186 1629 2149 722 113 42 1413 609 1727 1476 630 197 879 144 783 115 1270 1352
is_linear=0
shrinkage=0.5


Tree=4
num_leaves=31
num_cat=0
split_feature=38 24 24 36 15 5 36 30 28 15 30 36 36 12 41 15 5 16 33 28 18 12 36 24 12 15 41 33 31 33
split_gain=5.36456e+06 1.03314e+06 263777 114739 111043 90979.6 88350.2 84049.1 79992.9 76548.7 65909.7 63473.7 60056.3 55679.8 51869.8 50378.1 56540.9 44771.1 37919.2 45864 29374 29244.3 28764.1 27415.1 26421.2 26331.3 25754.6 23792.8 23720.3 23166.3
threshold=0.17100000400000001 2735.6500250000004 2528.3499750000005 43.370000850000004 35968.048800000011 83.775001550000013 38.500000000000007 90.715000150000023 1.0000000180025095e-35 38045.349600000009 90.375000000000014 45.48000145000001 47.98000145000001 366.12000120000005 1.0000000180025095e-35 33040.69920000001 89.579998000000003 227.27500000000001 1.0000000180025095e-35 1.0000000180025095e-35 613.0499880000001 354.93499985 47.500000000000007 2335.6500250000004 372.12000120000005 37048.050800000005 1.0000000180025095e-35 1.0000000180025095e-35 136330.59400000004 1.0000000180025095e-35
decision_type=2 2 2 2 2 2 2 2 2 2 2 2 2 2 2 2 2 2 2 2 2 2 2 2 2 2 2 2 2 2
left_child=6 2 3 5 7 -2 21 20 11 10 17 26 -10 25 22 -9 29 -5 19 -12 -3 -1 28 -19 -24 -13 -4 -14 -6 -17
right_child=1 4 8 9 14 -7 -8 15 12 -11 18 13 27 -15 -16 16 -18 23 -20 -21 -22 -23 24 -25 -26 -27 -28 -29 -30 -31
leaf_value=-76.313114926097839 -49.622379170811698 8.3240382655093867 -13.812185271643102 12.581207392116388 10.485606617397732 -14.538542021462257 -113.91199372031473 18.82730106379773 9.8155763373227725 -13.931202309775053 -3.6690895614118095 -2.4277650402693096 3.1926016506797574 1.0768884513235262 8.4239060773655883 9.8791820219097843 16.048322036486081 -15.910109154450206 -12.142248080981121 2.8581918776670303 -1.8377744509915637 -91.732530826475568 1.2863921467876116 -7.8074547370087428 7.3119192562733186 -9.6476299871618938 -0.61665902687953067 -4.3345551270951361 -3.2853917338114482 2.4865065828090955
leaf_weight=123 23 130 128 24 36 94 22 234 332 239 1143 663 429 2042 733 968 396 130 101 352 157 41 338 530 394 156 52 139 238 119
leaf_count=123 23 130 128 24 36 94 22 234 332 239 1143 663 429 2042 733 968 396 130 101 352 157 41 338 530 394 156 52 139 238 119
internal_value=0 1.51682 -2.2572 -6.12893 8.14834 -21.4354 -84.1592 10.6853 0.332463 -5.41799 -4.5256 -0.893015 4.47322 -0.320039 5.22483 12.0091 10.9333 -8.63204 -2.7657 -2.13223 2.76514 -80.168 2.89389 -9.40343 4.52964 -3.80298 -10.0001 1.35057 -1.47606 9.06986
internal_weight=0 10320 6577 2636 3743 117 186 2004 3941 2519 2280 3041 900 2861 1739 1717 1483 684 1596 1495 287 164 1006 660 732 819 180 568 274 1087
internal_count=10506 10320 6577 2636 3743 117 186 2004 3941 2519 2280 3041 900 2861 1739 1717 1483 684 1596 1495 287 164 1006 660 732 819 180 568 274 1087
is_linear=0
shrinkage=0.5


Tree=5
num_leaves=31
num_cat=0
split_feature=5 15 16 5 5 30 15 12 10 5 15 18 41 5 18 33 30 33 39 39 2 5 30 15 2 18 5 18 10 15
split_gain=1.35911e+06 283284 196796 111729 111148 96977.7 53260.5 51728.2 39117.6 36907.9 39179.3 33932.5 31764.2 26486.8 31758.9 28673.1 25951.9 26090 25616.9 23000.5 22817.2 21661.9 20468.6 19479.1 18966.8 18772.3 18708.4 18324.3 18237.6 17243.4
threshold=80.125000000000014 36024.701200000003 321.02500000000003 20.189999600000004 87.715000150000023 91.465000150000023 37048.050800000005 367.08500135000003 0.16049999700000003 92.109996800000019 34046.349600000009 631.95001200000013 1.0000000180025095e-35 90.079998000000003 653.95001200000013 1.0000000180025095e-35 88.909999850000005 1.0000000180025095e-35 1.0000000180025095e-35 1.0000000180025095e-35 1.0000000180025095e-35 90.139999400000008 92.034999850000005 32996.849600000009 1.0000000180025095e-35 674.20001200000013 88.784999850000005 639.0499880000001 0.61050000750000011 37996.050800000005
decision_type=2 2 2 2 2 2 2 2 2 2 2 2 2 2 2 2 2 2 2 2 2 2 2 2 2 2 2 2 2 2
left_child=2 5 3 -1 7 8 21 29 -2 10 -7 16 -8 14 15 19 -10 18 -18 26 -9 -6 -16 -20 -17 -24 27 -12 -22 -3
right_child=1 4 -4 -5 6 9 12 20 11 -11 13 -13 -14 -15 22 24 17 -19 23 -21 28 -23 25 -25 -26 -27 -28 -29 -30 -31
leaf_value=-39.897504492576076 -3.2481003388451315 -6.7948077714416542 -87.785352516174314 -0.27293806076049804 0.43965348168774981 10.356197301719693 -4.6128558002651765 -2.0360800114284037 -4.4889192657986863 19.584101153456647 10.610445370161257 -2.2389532221046409 -0.13079213514056734 7.8521066256789362 -4.7583997602186479 4.2491246163845062 6.952775959806246 -4.7911309099350223 11.349689447283744 3.9007490330104173 -6.4700747262154303 3.9358432790642008 3.6648397469195504 0.92654404601654339 -8.026149942493829 -3.2755527033160132 13.700024390045334 3.5472778978800106 -23.270344597952707 -12.314709787351498
leaf_weight=161 431 447 20 20 1718 336 809 893 97 46 172 347 773 493 120 65 571 78 50 499 70 597 518 433 61 120 136 197 21 207
leaf_count=161 431 447 20 20 1718 336 809 893 97 46 172 347 773 493 120 65 571 78 50 499 70 597 518 433 61 120 136 197 21 207
internal_value=0 0.794242 -40.7197 -35.5191 -1.6394 3.61819 -0.186779 -5.09538 0.97296 5.53964 5.30187 2.12732 -2.42282 4.58861 3.73644 5.416 3.36011 4.03269 4.68569 6.30825 -2.80468 1.34126 1.2326 2.00554 -1.69367 2.35944 8.68716 6.83959 -10.3471 -8.54193
internal_weight=0 10305 201 181 5535 4770 3897 1638 2007 2763 2717 1576 1582 2381 1888 1130 1229 1132 1054 1004 984 2315 758 483 126 638 505 369 91 654
internal_count=10506 10305 201 181 5535 4770 3897 1638 2007 2763 2717 1576 1582 2381 1888 1130 1229 1132 1054 1004 984 2315 758 483 126 638 505 369 91 654
is_linear=0
shrinkage=0.5


Tree=6
num_leaves=31
num_cat=0
split_feature=38 30 15 12 16 24 5 24 33 10 1 5 2 24 38 41 39 36 15 38 41 36 36 39 32 1 18 5 18 28
split_gain=355709 95705 88190.3 71284.6 53976.4 37640.2 39509.2 25793.1 24693.5 23996.4 23364.6 25202.9 22362.1 25393.5 20326.6 20419.4 35577.8 27175.5 20304.1 18113.5 18059.4 33868.2 22364.6 33201.1 17463.2 15789.2 15705.8 14443.1 23478.1 13145.7
threshold=0.70149999850000011 59.565000550000008 35041.300800000005 373.52500000000003 305.65000000000003 2043.6500250000001 85.889999400000008 3192.0000000000005 1.0000000180025095e-35 0.10749999800000001 1.0000000180025095e-35 84.770000450000012 1.0000000180025095e-35 2655.6500250000004 0.78334999100000013 1.0000000180025095e-35 1.0000000180025095e-35 51.954999900000011 38971.300800000005 0.78675001850000015 1.0000000180025095e-35 46.139999350000004 54.434999450000007 1.0000000180025095e-35 -5.1449999799999988 1.0000000180025095e-35 616.95001200000013 89.079998000000003 654.0499880000001 1.0000000180025095e-35
decision_type=2 2 2 2 2 2 2 2 2 2 2 2 2 2 2 2 2 2 2 2 2 2 2 2 2 2 2 2 2 2
left_child=1 4 7 5 24 -4 26 9 18 10 11 -2 -10 -14 15 25 17 -17 19 27 21 -11 23 -22 -1 -5 29 28 -8 -7
right_child=2 -3 3 14 -6 6 8 -9 12 20 -12 -13 13 -15 -16 16 -18 -19 -20 -21 22 -23 -24 -25 -26 -27 -28 -29 -30 -31
leaf_value=-34.190147352218631 -23.996120256185531 -52.817700925327486 17.303745320210091 -2.5342113753618611 6.0560336045243526 -6.0956535067835027 -1.0441057781642558 20.695632809400557 -2.4345096910563599 -7.8656559629099707 2.0251883681474339 -4.0199989604949948 -22.451503031181566 -6.3072414964597714 4.3736394592652132 6.5181896028505912 -0.43210711154087589 -2.3269943691435313 -6.0892305064559231 3.0745359935497523 8.1633015014607491 2.5042091693118653 -3.5007123411805541 2.6854987881945496 -18.373767551279418 1.326585939815268 -12.389154530212849 0.57705809430971045 -5.8196554921592609 0.7720182133817125
leaf_weight=20 20 21 26 563 22 350 1972 20 263 84 134 75 33 93 510 502 604 105 178 304 495 1257 81 627 137 500 79 1048 296 87
leaf_count=20 20 21 26 563 22 350 1972 20 263 84 134 75 33 93 510 502 604 105 178 304 495 1257 81 627 137 500 79 1048 296 87
internal_value=0 -20.8847 0.405293 -0.4865 -17.1384 -1.66821 -1.7731 2.80416 -1.26434 2.67512 -2.22728 -8.2255 -5.05848 -10.5355 1.52079 0.880975 2.28473 4.98813 -0.87574 -0.619386 3.11642 1.85464 4.52293 5.10218 -20.3886 -0.71822 -5.90127 -0.958033 -1.66737 -4.72841
internal_weight=0 200 10306 7513 179 4729 4703 2793 4187 2773 229 95 389 126 2784 2274 1211 607 3798 3620 2544 1341 1203 1122 157 1063 516 3316 2268 437
internal_count=10506 200 10306 7513 179 4729 4703 2793 4187 2773 229 95 389 126 2784 2274 1211 607 3798 3620 2544 1341 1203 1122 157 1063 516 3316 2268 437
is_linear=0
shrinkage=0.5


Tree=7
num_leaves=31
num_cat=0
split_feature=16 30 15 30 15 30 38 10 41 37 1 10 2 18 17 18 18 5 5 12 15 2 36 28 41 12 10 27 39 36
split_gain=149065 83599.3 41137.7 37299.8 39711.1 36110.6 23705.4 18646.1 16743.9 21034.6 24772.7 43469.4 27276.1 20610.9 18021.2 16672 15821.5 15765.2 15273.6 14868.6 13897 13319 19639.7 13467.5 13234.5 12678.1 11722.2 11291.5 11022.2 15014.7
threshold=321.02500000000003 54.625000000000007 37965.900400000006 86.000000000000014 28511.849600000005 89.465000150000023 0.78354999400000014 0.16749999700000004 1.0000000180025095e-35 1.0000000180025095e-35 1.0000000180025095e-35 0.56949999950000019 1.0000000180025095e-35 646.95001200000013 1.0000000180025095e-35 566.2999880000001 616.0499880000001 87.875000000000014 88.560001400000019 363.02500000000003 37013.650400000006 1.0000000180025095e-35 48.395000450000005 1.0000000180025095e-35 1.0000000180025095e-35 311.65000000000003 0.29950000350000006 1.0000000180025095e-35 1.0000000180025095e-35 54.434999450000007
decision_type=2 2 2 2 2 2 2 2 2 2 2 2 2 2 2 2 2 2 2 2 2 2 2 2 2 2 2 2 2 2
left_child=1 25 3 -3 -5 15 7 -7 9 10 14 20 -13 17 21 -6 -17 -14 24 -10 -12 22 23 -9 -4 27 -24 -1 29 -21
right_child=-2 2 18 4 5 6 -8 8 19 -11 11 12 13 -15 -16 16 -18 -19 -20 28 -22 -23 26 -25 -26 -27 -28 -29 -30 -31
leaf_value=-11.790872685114543 -43.124933695793153 16.801661723189884 -5.1552953826239918 17.24242842859692 -15.941835028620867 -1.4930999156603173 2.9724483103503694 7.2988363014272419 -1.5385755609367529 4.7219499656356465 2.1723653149887285 1.3046580657460971 -5.7732985013475018 -11.568452363967895 -6.3354800441483201 -1.6979996552205801 -10.13318107173993 9.389469886819521 -0.67187253272566261 4.01675685552296 11.550133406025607 -5.0572581674018622 0.96628906425073058 -1.1599370862369414 -1.0071959413651286 -8.349603123443071 -3.5632665317033378 -26.516030249388322 1.1087685233043172 -0.84348317499829351
leaf_weight=30 20 36 473 36 26 999 1133 121 307 219 1084 152 60 125 206 384 65 24 1259 998 41 181 239 77 324 86 355 23 1234 189
leaf_count=30 20 36 473 36 26 999 1133 121 307 219 1084 152 60 125 206 384 65 24 1259 998 41 181 239 77 324 86 355 23 1234 189
internal_value=0 0.0822524 0.245884 0.742351 0.672317 0.599738 0.8593 0.497147 0.851434 0.011464 -0.375627 0.982234 -3.79169 -7.49812 -2.08706 -3.63195 -2.91913 -1.44108 -1.75616 1.73944 2.51413 -1.1876 -0.303248 4.00931 -3.46899 -12.0983 -1.74077 -18.181 2.15511 3.24289
internal_weight=0 10486 10347 8291 8255 8219 7744 6611 5612 2884 2665 1486 361 209 1179 475 449 84 2056 2728 1125 973 792 198 797 139 594 53 2421 1187
internal_count=10506 10486 10347 8291 8255 8219 7744 6611 5612 2884 2665 1486 361 209 1179 475 449 84 2056 2728 1125 973 792 198 797 139 594 53 2421 1187
is_linear=0
shrinkage=0.5


Tree=8
num_leaves=31
num_cat=0
split_feature=36 30 16 16 24 31 12 36 15 33 28 36 17 1 15 37 15 7 24 36 5 18 18 5 10 15 15 24 5 2
split_gain=46797.5 152351 50265.1 30262.4 22813 15632.9 15538.1 22871.8 14381.9 9988.2 13355.8 15933 12653 12765.6 12242.1 12344.5 9903.33 9782.96 13112.4 9431.3 9865.61 8634.36 8263.64 16919.2 11748.5 9614.15 8024.7 7699.49 7494.27 6981.94
threshold=40.500000000000007 64.315000550000022 305.65000000000003 226.02500000000001 2984.5499250000007 143801.25000000003 357.27500000000003 56.750000000000007 36024.701200000003 1.0000000180025095e-35 1.0000000180025095e-35 47.98000145000001 1.0000000180025095e-35 1.0000000180025095e-35 36994.250000000007 1.0000000180025095e-35 36002.44920000001 1.0000000180025095e-35 2560.3499750000005 49.264999350000004 89.875000000000014 604.0499880000001 622.95001200000013 86.505001050000018 0.70049998150000004 34009.500000000007 34046.349600000009 2575.6500250000004 89.625000000000014 1.0000000180025095e-35
decision_type=2 2 2 2 2 2 2 2 2 2 2 2 2 2 2 2 2 2 2 2 2 2 2 2 2 2 2 2 2 2
left_child=1 2 -1 -2 6 -6 7 26 16 10 12 21 14 17 15 -10 22 28 -19 20 -16 -12 24 -24 25 -8 -5 -13 -14 -11
right_child=3 -3 -4 4 5 -7 8 -9 9 29 11 27 13 -15 19 -17 -18 18 -20 -21 -22 -23 23 -25 -26 -27 -28 -29 -30 -31
leaf_value=-6.1109851671175823 18.667349620298907 -46.908562929792836 19.060937139003173 1.765301761769859 9.1367410476674742 2.0326047462973897 4.6291155562346633 -18.855571366491773 -4.2454437628846637 -1.4324168688075005 9.911490193340514 -3.2987339179758188 4.1791866938877211 3.2698048046513386 -0.81420249163393099 3.5758510958730128 2.7596248118489077 -13.080378918878493 -1.5925633212476968 -2.9840357812876639 1.6880109082842891 2.6694548470798987 -5.5294860122540523 0.31363919485396297 -5.3021217430276533 1.0900145275063637 -3.0517228200921034 1.1110972018423169 -1.7577554054704367 -5.6234503140303254
leaf_weight=144 22 22 23 110 97 384 275 21 439 369 45 182 111 377 1791 57 561 31 125 370 505 482 131 2282 56 635 404 217 102 136
leaf_count=144 22 22 23 110 97 384 275 21 439 369 45 182 111 377 1791 57 561 31 125 370 505 482 131 2282 56 635 404 217 102 136
internal_value=0 -7.79666 -2.64419 0.142829 0.103243 3.46525 -0.0615343 -2.68164 0.0895336 -0.44521 -0.224167 1.48319 -0.628725 1.22353 -1.06572 -3.34663 0.814152 -0.86711 -3.8754 -0.641367 -0.263846 3.28784 0.491154 -0.00357979 1.72696 2.15952 -2.02084 -0.900405 1.33614 -2.56109
internal_weight=0 189 167 10317 10295 481 9814 535 9279 5339 4834 926 3908 746 3162 496 3940 369 156 2666 2296 527 3379 2413 966 910 514 399 213 505
internal_count=10506 189 167 10317 10295 481 9814 535 9279 5339 4834 926 3908 746 3162 496 3940 369 156 2666 2296 527 3379 2413 966 910 514 399 213 505
is_linear=0
shrinkage=0.5


Tree=9
num_leaves=31
num_cat=0
split_feature=16 38 24 18 16 12 24 36 10 24 15 18 18 15 15 5 30 31 10 18 25 10 31 30 32 38 30 30 18 36
split_gain=64699.5 13910.3 12085.3 12437.7 10372.4 9182.41 14427.3 11233 8476.16 8411.61 17549.8 13985.5 8255.66 7701.48 7662.16 8122.56 7402.1 7298 6706.13 6654.96 9130.46 13346.1 6539.22 6397.62 6656.78 6550.29 6144.87 5783.03 5734.01 5565.96
threshold=305.65000000000003 0.77989998450000009 3136.3499750000005 676.0499880000001 226.02500000000001 369.30499880000008 3023.6500250000004 41.309999450000007 0.16749999700000004 856.00000000000011 663.50000000000011 559.0499880000001 632.0499880000001 34005.150400000006 38039.900400000006 88.229999550000016 52.690000550000008 129055.6015 0.87200000900000008 661.50000000000011 1.0000000180025095e-35 0.47949999550000005 161916.25000000003 90.534999850000005 11.650000100000002 0.7531000080000001 87.934997600000017 91.99499895000001 652.75000000000011 45.889999400000008
decision_type=2 2 2 2 2 2 2 2 2 2 2 2 2 2 2 2 2 2 2 2 2 2 2 2 2 2 2 2 2 2
left_child=1 2 4 -4 -1 9 7 -7 -3 10 16 -11 17 -13 15 28 -6 23 26 -17 27 -22 -10 24 25 -9 -15 -21 -14 -19
right_child=-2 8 3 -5 5 6 -8 12 22 11 -12 13 14 18 -16 19 -18 29 -20 20 21 -23 -24 -25 -26 -27 -28 -29 -30 -31
leaf_value=11.088715401291847 -24.444423110396773 -1.0225484781024139 -0.54086488733688987 -16.999801695346832 1.375015722380744 9.0927901793928712 6.5187801203944469 -10.976573011149531 1.1008715093805512 8.7193781419804228 -17.588656223338582 1.2658785496226379 -1.2042854465548889 -9.0673078456893563 -4.1538122441983765 1.2088111890454392 -9.1783799529075623 -0.3033863578627749 -6.2879916038073134 -6.1937297692424371 0.96600034779735977 -9.5654834105418285 5.8010809876416856 1.516689305561064 4.1925121937927443 -1.8672399355514016 -1.0282648055158323 0.077927186125781353 -5.3353674920404899 6.62439820638886
leaf_weight=20 27 491 24 22 54 34 88 23 2812 38 23 350 499 24 133 912 24 41 64 38 56 65 76 579 38 139 2489 1123 101 99
leaf_count=20 27 491 24 22 54 34 88 23 2812 38 23 350 499 24 133 912 24 41 64 38 56 65 76 579 38 139 2489 1123 101 99
internal_value=0 0.0629831 -0.334431 -8.41253 -0.281753 -0.314083 0.188083 0.0445002 0.898035 -0.963984 -5.45118 -0.811131 -0.0354899 -0.934862 -0.445966 -0.269465 -1.87218 1.27187 -1.23376 0.176356 -0.55812 -4.69141 1.22456 0.674546 -1.76346 -3.16054 -1.10504 -0.127347 -1.89968 4.59555
internal_weight=0 10479 7100 46 7054 7034 3968 3880 3379 3066 101 2965 3846 2927 2927 2794 78 919 2577 2194 1282 121 2888 779 200 162 2513 1161 600 140
internal_count=10506 10479 7100 46 7054 7034 3968 3880 3379 3066 101 2965 3846 2927 2927 2794 78 919 2577 2194 1282 121 2888 779 200 162 2513 1161 600 140
is_linear=0
shrinkage=0.5


Tree=10
num_leaves=31
num_cat=0
split_feature=16 5 18 31 30 18 5 25 11 30 31 32 24 33 25 16 38 18 30 41 39 10 1 10 5 18 18 36 7 36
split_gain=16174.9 7622.99 29729 13357.2 13305.3 10933.5 14763.7 11452 10375.2 34627.1 14173.3 9194.26 8963.09 7905.38 7494.3 7364.8 28022.9 7285.55 7486.61 7212.17 10117.6 17665.7 12827.8 15018.6 9611.1 11452.2 11001.8 7334.14 7177.05 6880.8
threshold=305.65000000000003 88.729999550000016 647.0499880000001 141984.95300000004 91.125000000000014 670.0499880000001 90.43999860000001 1.0000000180025095e-35 1.0000000180025095e-35 87.159999850000005 115637.45300000001 -61.085000999999991 2320.3499750000005 1.0000000180025095e-35 1.0000000180025095e-35 229.47500075000002 0.77024999250000015 678.0499880000001 93.125000000000014 1.0000000180025095e-35 1.0000000180025095e-35 0.24049999600000002 1.0000000180025095e-35 0.63949999250000011 87.045002000000011 624.95001200000013 620.0499880000001 51.954999900000011 1.0000000180025095e-35 46.00499915000001
decision_type=2 2 2 2 2 2 2 2 2 2 2 2 2 2 2 2 2 2 2 2 2 2 2 2 2 2 2 2 2 2
left_child=1 2 3 8 -4 -3 7 -7 15 -10 -11 -5 -6 -13 -14 16 -1 18 -9 24 -21 -22 23 -23 26 -26 -17 -27 -8 -24
right_child=-2 5 4 11 12 6 28 17 9 10 -12 13 14 -15 -16 19 -18 -19 -20 20 21 22 29 -25 25 27 -28 -29 -30 -31
leaf_value=20.315401232242586 -12.222211215231154 1.2746462015817528 -7.604805139394907 -8.261679020794956 7.3610521542529268 -1.1256372137977551 0.1597178805231427 -7.8745621404211432 -17.858250425010919 5.4333547283700518 -2.1037224287010101 2.7169759596723155 -1.8129343543328247 -1.2815340623056808 -6.1786435939047646 -1.4420608665986097 -2.5134611304213359 -9.6328265543135121 3.5877418140077899 1.4784709466851684 -3.1805422482039614 3.2715748108441645 -3.8194731977883349 -5.5716158344789788 3.7982433383334793 -0.45322092510483669 -5.5162741619417757 -6.3105629495034616 3.0672784125263042 0.11442299348277014
leaf_weight=20 27 2333 130 22 24 730 930 28 20 251 83 777 677 147 115 621 41 71 29 768 498 433 178 54 153 489 226 60 275 296
leaf_count=20 27 2333 130 22 24 730 930 28 20 251 83 777 677 147 115 621 41 71 29 768 498 433 178 54 153 489 226 60 275 296
internal_value=0 0.0314915 -0.331037 0.143305 -2.90683 0.533144 -0.305405 -1.89055 -0.239749 2.35028 3.56037 1.84033 -2.15838 2.08085 -2.44684 -0.478704 4.97141 -6.25292 -2.04286 -0.566748 0.00955692 -0.763662 0.48879 2.29102 -1.3953 -0.0272473 -2.52916 -1.09337 0.823269 -1.36286
internal_weight=0 10479 6083 5137 946 4396 2063 858 4191 354 334 946 816 924 792 3837 61 128 57 3776 2227 1459 961 487 1549 702 847 549 1205 474
internal_count=10506 10479 6083 5137 946 4396 2063 858 4191 354 334 946 816 924 792 3837 61 128 57 3776 2227 1459 961 487 1549 702 847 549 1205 474
is_linear=0
shrinkage=0.5


Tree=11
num_leaves=31
num_cat=0
split_feature=30 12 16 15 30 5 16 24 24 18 30 24 33 10 18 19 32 18 30 12 10 16 15 36 1 39 36 28 18 25
split_gain=9921.62 8441.42 38150.1 30791.9 13721.1 38721.8 27213.6 9047.33 14096.3 9324.45 14849.5 7931.58 7436.84 7417.01 7101.86 6211.68 5623.41 5475.9 9297.51 6390.64 5845.31 5023.14 5006.24 5701.62 5072.35 8778.89 4958.24 6296.65 5185.08 7890.43
threshold=95.689998650000021 328.65000000000003 296.65000000000003 284.00000000000006 86.000000000000014 16.689999600000004 227.27500000000001 2043.6500250000001 2096.3499750000005 607.0499880000001 90.404998800000016 2246.4499500000006 1.0000000180025095e-35 0.20449999700000002 638.0499880000001 1.0000000180025095e-35 -0.10999999899999999 625.0499880000001 91.215000150000023 359.08999865000004 0.19950000200000004 244.17000045 38005.500000000007 48.895000450000005 1.0000000180025095e-35 1.0000000180025095e-35 46.00499915000001 1.0000000180025095e-35 681.95001200000013 1.0000000180025095e-35
decision_type=2 2 2 2 2 2 2 2 2 2 2 2 2 2 2 2 2 2 2 2 2 2 2 2 2 2 2 2 2 2
left_child=1 2 15 -3 5 -5 -6 -8 -9 12 14 -12 16 -14 -11 -1 -10 19 -19 -13 22 -21 23 24 25 -20 27 -22 -28 -30
right_child=-2 3 -4 4 6 -7 7 8 9 10 11 17 13 -15 -16 -17 -18 18 20 21 26 -23 -24 -25 -26 -27 28 -29 29 -31
leaf_value=5.3335550259798765 -10.607051434842022 -14.226684235428509 22.420036072316378 -1.4549626111984253 -14.135613274048357 24.335497694936667 10.657565628737212 -9.0211432499941004 0.97267286177569379 -1.6285923059797531 7.3979161993877307 6.3089607478233809 -10.276939363479615 0.10977244593880393 -6.4753648464878397 -4.6663744097406212 3.5348718813382782 -1.769174616252033 0.90023673139512539 1.7800471896351753 -1.6025240339635509 -0.61501140440670721 -4.0314366144754379 -1.8014090730763612 2.3756538428817229 -4.8286987573549309 0.79881639127150694 1.3520633283825148 0.012702635185382232 -4.4865399785675448
leaf_weight=24 22 38 23 43 34 22 20 43 600 754 37 57 25 55 84 44 333 739 238 566 634 357 116 496 223 93 3625 252 798 111
leaf_count=24 22 38 23 43 34 22 20 43 600 754 37 57 25 55 84 44 333 739 238 566 634 357 116 496 223 93 3625 252 798 111
internal_value=0 0.0222582 4.81699 -0.0197239 0.0324117 7.27412 -0.0133328 0.0334845 0.0127262 0.0508363 -0.108023 0.0935308 1.49045 -3.13607 -2.11443 -1.13699 1.88716 0.0609887 -0.087515 1.17098 0.10118 0.853681 -0.914397 -0.570039 0.532415 -0.709404 0.31966 -0.762167 0.531063 -0.53671
internal_weight=0 10484 91 10393 10355 65 10290 10256 10236 10193 9180 8342 1013 80 838 68 933 8305 7325 980 6586 923 1166 1050 554 331 5420 886 4534 909
internal_count=10506 10484 91 10393 10355 65 10290 10256 10236 10193 9180 8342 1013 80 838 68 933 8305 7325 980 6586 923 1166 1050 554 331 5420 886 4534 909
is_linear=0
shrinkage=0.5


Tree=12
num_leaves=31
num_cat=0
split_feature=16 5 40 18 25 31 1 2 10 10 30 36 30 41 37 10 10 18 30 30 11 40 24 36 24 24 30 25 40 18
split_gain=19118.9 6903.19 5499.2 5413.15 7429.99 5567.65 10896.9 8475.55 10673.6 9850.79 9113.2 40982.1 8748.99 8218.51 14288.6 10407.5 8768.74 7785.86 9629.25 9396.48 7361.8 12039 7241.45 7547.31 7059.33 7533.8 6440.46 17576.4 6211.24 6015.11
threshold=305.65000000000003 91.639999400000008 1.0000000180025095e-35 698.2999880000001 1.0000000180025095e-35 135448.10150000002 1.0000000180025095e-35 1.0000000180025095e-35 0.15949999500000003 0.61050000750000011 86.000000000000014 33.500000000000007 88.419998200000023 1.0000000180025095e-35 1.0000000180025095e-35 0.49699999400000006 0.27950000750000009 659.0499880000001 94.375000000000014 92.154998800000016 1.0000000180025095e-35 1.0000000180025095e-35 3039.6500250000004 50.014999400000008 2764.0000000000005 2746.2500000000005 92.685001350000007 1.0000000180025095e-35 1.0000000180025095e-35 676.0499880000001
decision_type=2 2 2 2 2 2 2 2 2 2 2 2 2 2 2 2 2 2 2 2 2 2 2 2 2 2 2 2 2 2
left_child=1 3 -3 5 -5 7 13 10 -9 -10 11 -1 -12 14 15 -7 -15 19 26 -8 22 -22 23 24 25 28 27 -19 -14 -28
right_child=-2 2 -4 4 -6 6 17 8 9 -11 12 -13 20 16 -16 -17 -18 18 -20 -21 21 -23 -24 -25 -26 -27 29 -29 -30 -31
leaf_value=-0.38667328045310745 -13.288037695266583 3.4211629075929522 -2.4931745199446982 -1.1441856009235396 -8.8819275890526015 -2.7065462435894054 1.7449168329613338 -12.286777360240619 0.68356040996663714 -8.6593596002994442 -4.4429110800924381 24.826728802919387 -0.38876328818651029 3.0510918872679271 1.8882882463076884 3.6608902835353678 -0.92434853350007262 0.35412992314937025 7.8682756049510756 6.248216001634245 2.6925468240150296 -5.0592505409006483 8.9619590044021606 -2.0334150232102375 1.1307820661825925 -4.048418705176184 3.5823877571274836 -8.4884730972252882 3.6403174695763165 -0.37721914573144988
leaf_weight=83 27 240 47 169 38 771 816 30 102 39 121 20 3997 300 291 70 258 208 39 135 413 57 21 590 895 138 150 77 98 266
leaf_count=83 27 240 47 169 38 771 816 30 102 39 121 20 3997 300 291 70 258 208 39 135 413 57 21 590 895 138 150 77 98 266
internal_value=0 0.0342377 2.45261 -0.0338621 -2.56464 0.0186037 0.540414 -0.248544 -3.72278 -1.90065 -0.156193 4.50913 -0.232106 -0.357484 -1.13162 -2.17656 1.21299 1.43778 0.221523 2.38419 -0.150046 1.75244 -0.305851 -0.339889 -0.14504 -0.414793 -0.203902 -2.03492 -0.292341 1.05052
internal_weight=0 10479 287 10192 207 9985 3381 6604 171 141 6433 103 6330 1690 1132 841 558 1691 740 951 6209 470 5739 5718 5128 4233 701 285 4095 416
internal_count=10506 10479 287 10192 207 9985 3381 6604 171 141 6433 103 6330 1690 1132 841 558 1691 740 951 6209 470 5739 5718 5128 4233 701 285 4095 416
is_linear=0
shrinkage=0.5


Tree=13
num_leaves=31
num_cat=0
split_feature=36 16 16 24 30 30 38 18 5 24 12 5 18 5 18 40 30 24 39 41 16 12 1 10 38 16 10 30 36 18
split_gain=7161.17 59002.7 15873.2 9334.24 17695.3 6400.54 4683.23 4432.51 8496.1 5231.28 5117.29 3901.97 11265.3 7770.89 6857.21 6725.98 5829.08 6020.61 5631.41 4826.25 4027.71 4362.86 4593.53 3992.35 3710.46 3708.35 4326.2 4002.82 4617.29 3611.94
threshold=21.500000000000004 296.65000000000003 303.15000000000003 904.00000000000011 86.814998650000021 53.815000550000008 0.79210001250000006 597.2999880000001 84.404998800000016 2924.0000000000005 358.02500000000003 89.170002000000025 636.75000000000011 87.875000000000014 650.0499880000001 1.0000000180025095e-35 91.125000000000014 2304.3499750000005 1.0000000180025095e-35 1.0000000180025095e-35 253.67000045 360.27500000000003 1.0000000180025095e-35 0.12949999400000003 0.76824998850000015 247.17000045 0.12049999800000001 92.24499895000001 46.00499915000001 617.95001200000013
decision_type=2 2 2 2 2 2 2 2 2 2 2 2 2 2 2 2 2 2 2 2 2 2 2 2 2 2 2 2 2 2
left_child=2 3 -1 5 -5 -2 7 9 10 -6 -9 12 13 15 -13 20 19 -18 -15 -14 21 -10 23 -23 -16 26 -19 28 -27 -24
right_child=1 -3 -4 4 6 -7 -8 8 11 -11 -12 14 16 18 24 -17 17 25 -20 -21 -22 22 29 -25 -26 27 -28 -29 -30 -31
leaf_value=0.86802740341209506 -1.9129851059988141 -27.173129075765608 15.712077392184217 13.898444429687832 1.0546320380554313 -12.848033023917157 3.9776196991269654 -12.445849766582251 -1.5863188873641263 9.2878746569156654 -2.8335910712679229 3.0420324785585424 -4.5289691140145134 3.3548148280989074 -1.2989089285858924 2.6632167035474432 5.8735130937660438 -3.4268809176829396 0.36980473670471264 -0.82767229428208322 5.4048236954596733 -4.3548466587705272 1.984064261923183 -0.43928500244003388 0.39073533999544452 -7.8317681755870581 0.027541204705096127 -0.97270341859260234 -2.2292847711110619 -0.032660312790540047
leaf_weight=83 32 20 23 23 546 23 74 20 539 20 45 226 199 329 369 214 34 98 304 158 31 70 392 930 2720 44 1206 998 224 512
leaf_count=83 32 20 23 23 546 23 74 20 539 20 45 226 199 329 369 214 34 98 304 158 31 70 392 930 2720 44 1206 998 224 512
internal_value=0 -0.0416754 4.08891 0.010601 0.0452067 -6.48582 0.0142783 -0.0143967 -0.0940629 1.34556 -5.79121 -0.0554764 -0.287076 0.345156 0.383409 -0.0260012 -0.996175 -0.736419 1.92126 -2.89086 -0.258617 -0.330483 0.0250298 -0.713374 0.188897 -0.823866 -0.23207 -1.43342 -3.1491 0.841849
internal_weight=0 10400 106 10380 10325 55 10302 10228 9662 566 65 9597 6282 3321 3315 2688 2961 2604 633 357 2474 2443 1904 1000 3089 2570 1304 1266 268 904
internal_count=10506 10400 106 10380 10325 55 10302 10228 9662 566 65 9597 6282 3321 3315 2688 2961 2604 633 357 2474 2443 1904 1000 3089 2570 1304 1266 268 904
is_linear=0
shrinkage=0.5


Tree=14
num_leaves=31
num_cat=0
split_feature=30 16 16 24 15 0 36 36 12 10 9 25 16 10 38 2 10 12 16 24 5 24 24 41 15 12 18 24 15 5
split_gain=6019.11 76200 61981.6 6146.4 5105.31 8263.36 5790.25 4933.42 3430.36 3956.59 6172.71 6092.97 5270.76 4103.56 6826.47 5068.13 8929.16 4704.56 4082.17 4319.46 5328.88 4080.87 3722.7 3634.27 5985.85 3403.97 3384.28 3228.7 3182.26 3488.11
threshold=64.315000550000022 266.02500000000003 311.90000000000003 2043.6500250000001 284.00000000000006 1.0000000180025095e-35 21.500000000000004 24.500000000000004 374.80499850000007 0.61050000750000011 1.0000000180025095e-35 1.0000000180025095e-35 227.27500000000001 0.059499999550000009 0.75890001650000005 1.0000000180025095e-35 0.44949999450000006 373.05999985000005 244.82999935000001 2464.3499750000005 83.514999400000008 2304.3499750000005 2273.9000250000004 1.0000000180025095e-35 37965.900400000006 343.52500000000003 654.75000000000011 2839.8499750000005 37026.798800000011 87.99499895000001
decision_type=2 2 2 2 2 2 2 2 2 2 2 2 2 2 2 2 2 2 2 2 2 2 2 2 2 2 2 2 2 2
left_child=2 3 4 -2 25 7 -7 -6 9 11 21 12 -5 -13 -15 -16 -17 27 19 20 -14 -11 -10 24 -23 -1 -26 -18 -22 -30
right_child=1 -3 -4 8 5 6 -8 -9 22 10 -12 13 18 14 15 16 17 -19 -20 -21 28 23 -24 -25 26 -27 -28 -29 29 -31
leaf_value=-0.16401103933652242 7.6925915754758396 -28.19172756979242 29.115481746196746 -7.5831267535686493 -3.0828461651291166 -2.5092658631263243 7.8353293376664324 -12.926957178115845 4.8784713294911892 -8.5976010376587517 3.0018025630312724 -3.5036881638539805 -4.4174658954143524 10.006131030321122 -1.4976689110675425 5.4601259325855764 3.4656866521221921 -3.5052117443921271 -0.58669679115884477 -0.042996317749703264 3.0108204638272835 -1.7884695551847503 0.3908965803564704 -0.5030745793480863 -2.9343197077512739 7.5745075102205632 -11.515660687729165 -1.1730153984942679 0.032294582397221251 6.7580550446041991
leaf_weight=30 26 24 20 24 35 31 24 20 47 20 82 37 36 25 107 145 103 57 2879 2506 286 295 2764 494 20 27 27 59 235 21
leaf_count=30 26 24 20 24 35 31 24 20 47 20 82 37 36 25 107 145 103 57 2879 2506 286 295 2764 494 20 27 27 59 235 21
internal_value=0 -0.0509471 2.81135 0.0146555 -0.338843 -2.32889 2.00474 -6.66252 -0.00478419 -0.182201 -1.14236 -0.0440682 -0.188286 1.57588 1.9548 1.52745 2.4167 0.401647 -0.158523 0.241189 1.47331 -1.53934 0.465929 -1.37049 -2.62341 3.5016 -7.86403 1.77628 1.86458 0.584017
internal_weight=0 10319 187 10295 167 110 55 55 10269 7458 938 6520 5987 533 496 471 364 219 5963 3084 578 856 2811 836 342 57 47 162 542 256
internal_count=10506 10319 187 10295 167 110 55 55 10269 7458 938 6520 5987 533 496 471 364 219 5963 3084 578 856 2811 836 342 57 47 162 542 256
is_linear=0
shrinkage=0.5


Tree=15
num_leaves=31
num_cat=0
split_feature=16 16 30 38 18 12 24 24 15 24 5 31 15 2 24 31 24 38 18 5 18 5 32 16 5 18 24 12 16 24
split_gain=25933.2 4048.73 20312.3 5215.4 5403.2 2991.55 3013.98 7576.84 2628.07 3459.37 3299.51 2622.02 3058.46 3080.23 2591.15 3942.17 3589.1 2544.1 2364.97 3860.51 3683.61 3342.19 3001.79 2921.74 2654.94 2580.76 2316.81 2303.09 2718.56 2242.71
threshold=311.90000000000003 266.02500000000003 59.565000550000008 0.71999999900000011 559.0499880000001 385.74500100000006 3104.6999500000006 3136.3499750000005 38039.900400000006 2719.6500250000004 92.664997100000008 138203.10150000002 38045.349600000009 1.0000000180025095e-35 3048.0000000000005 162535.29700000005 3068.0000000000005 0.78125000000000011 670.0499880000001 88.360000600000021 641.75000000000011 89.74499895000001 -5.6899998199999988 253.45000020000001 86.344997400000011 618.95001200000013 2893.7500000000005 355.24500120000005 234.72500075000002 2703.6500250000004
decision_type=2 2 2 2 2 2 2 2 2 2 2 2 2 2 2 2 2 2 2 2 2 2 2 2 2 2 2 2 2 2
left_child=1 3 -3 -1 -5 6 8 -8 10 11 14 12 -10 -14 17 16 -16 27 19 20 24 -20 -23 -21 29 -26 -22 28 -6 -19
right_child=-2 2 -4 4 5 -7 7 -9 9 -11 -12 -13 13 -15 15 -17 -18 18 21 23 26 22 -24 -25 25 -27 -28 -29 -30 -31
leaf_value=-7.5254298733628318 -16.770972912726194 0.12908306465514244 14.761976427265576 6.9484511116253476 -0.17667068836610178 4.7461873359808866 10.185878729820251 -1.0219770379756625 -5.0712478215495747 -6.5635657762842516 4.5459519125521179 3.4547795472723064 -0.29235686040769576 -5.3407328630035575 -10.159640090032058 1.6572337229462231 -2.095160698568499 -0.24178236944379505 -3.6144385768307581 1.9256799252464225 -1.2474650103284652 -1.6197903212436968 1.0604101337732807 -1.3211212796824319 2.7156034578071084 0.42699748918109398 -6.7079188688234845 -0.074043105596161271 -3.7717828693729576 -4.7072287116731912
leaf_weight=23 23 155 28 28 121 33 25 38 45 28 40 33 358 33 22 34 37 143 72 692 166 167 279 77 172 434 22 7050 93 35
leaf_count=23 23 155 28 28 121 33 25 38 45 28 40 33 358 33 22 34 37 143 72 692 166 167 279 77 172 434 22 7050 93 35
internal_value=0 0.036796 2.368 -0.00462241 0.0122092 -0.00674042 -0.0220935 3.42558 -0.0434865 -1.16476 0.0142261 -0.842444 -1.16769 -0.718435 -0.00462463 -2.63104 -5.10225 0.0210245 0.48445 0.763506 0.101255 -0.453456 0.0568373 1.60058 0.577899 1.07657 -1.88645 -0.123094 -1.73903 -1.11982
internal_weight=0 10483 183 10300 10277 10249 10216 63 10153 497 9656 469 436 391 9616 93 59 9523 2259 1741 972 518 446 769 784 606 188 7264 214 178
internal_count=10506 10483 183 10300 10277 10249 10216 63 10153 497 9656 469 436 391 9616 93 59 9523 2259 1741 972 518 446 769 784 606 188 7264 214 178
is_linear=0
shrinkage=0.5


Tree=16
num_leaves=31
num_cat=0
split_feature=16 15 30 15 24 15 24 5 36 32 18 15 16 15 36 18 12 24 31 24 24 5 18 1 18 30 12 10 5 24
split_gain=8951.52 2958.68 4146.55 6219.59 6187.02 3982.62 16315.8 5298.71 3584.42 3394.34 3164.24 2959.89 2838.53 2803.93 2844.06 2738.18 2732.98 7013.91 4361.23 2704.74 11046.1 4969.09 4473.22 2909.23 2807.39 2534.76 2497.39 2222.58 2146.05 5556.86
threshold=301.77500000000003 34046.349600000009 91.74499895000001 31003.500000000004 3103.6500250000004 2186.0000000000005 2493.7500000000005 82.889999400000008 33.500000000000007 14.755000100000002 620.0499880000001 33998.050800000005 263.77500000000003 34989.349600000009 48.670000050000006 725.50000000000011 352.93499985 2043.6500250000001 136330.59400000004 2096.3499750000005 2144.3499750000005 85.139999400000008 601.20001200000013 1.0000000180025095e-35 588.0499880000001 90.125000000000014 357.27500000000003 0.44050000650000004 89.810001400000019 2970.2500000000005
decision_type=2 2 2 2 2 2 2 2 2 2 2 2 2 2 2 2 2 2 2 2 2 2 2 2 2 2 2 2 2 2
left_child=1 2 4 -4 5 8 -7 -8 -1 -5 -9 -12 13 14 -3 16 18 -18 -15 -19 -21 24 23 25 26 -23 -22 -28 29 -24
right_child=-2 12 3 9 -6 6 7 10 -10 -11 11 -13 -14 15 -16 -17 17 19 -20 20 21 22 28 -25 -26 -27 27 -29 -30 -31
leaf_value=1.8026704772277491 -7.5609873624948358 1.1241858290000395 10.326327479403952 2.5238303924340957 -8.2658783239977698 -12.903390131890774 8.4154464200139039 0.93847341904323822 9.0597958400845524 -2.3692930221025432 -3.3058384104686627 1.7243435524585771 5.8933411508798601 -7.5814216777682306 -3.1066156366670672 -5.2555459296703342 9.1324471547490074 -4.0190230388016932 1.4614195909283201 8.7437220149570045 -3.6730090264351136 1.9893759056762024 -0.10720308050563493 4.0942945087466525 -3.1718331710121794 -2.9188212828861699 3.4578775935897639 -2.7612260848283769 0.4142819943292711 -3.7918451285132995
leaf_weight=114 39 55 23 227 21 24 20 341 20 42 102 41 20 30 143 25 21 42 24 36 31 91 6351 108 193 37 51 20 2110 104
leaf_count=114 39 55 23 227 21 24 20 341 20 42 102 41 20 30 143 25 21 42 24 36 31 91 6351 108 193 37 51 20 2110 104
internal_value=0 0.0281722 0.857611 2.43461 0.183406 0.451435 -0.166383 0.440141 2.88582 1.75985 0.110583 -1.86362 -0.0570262 -0.0695903 -1.93139 -0.0298408 -0.0157158 0.00511295 -3.56238 -0.0157802 0.00263153 -0.0319638 0.0356956 2.18314 -2.05051 0.5706 0.0712153 1.70602 -0.023475 -0.166568
internal_weight=0 10467 975 292 683 662 528 504 134 269 484 143 9492 9472 198 9274 9249 9195 54 9174 9132 9096 8801 236 295 128 102 71 8565 6455
internal_count=10506 10467 975 292 683 662 528 504 134 269 484 143 9492 9472 198 9274 9249 9195 54 9174 9132 9096 8801 236 295 128 102 71 8565 6455
is_linear=0
shrinkage=0.5


Tree=17
num_leaves=31
num_cat=0
split_feature=18 30 30 0 16 30 36 16 24 24 24 24 15 15 39 18 7 10 24 5 24 10 16 30 30 24 1 17 38 24
split_gain=4512.27 32416.7 13022.4 13961.7 7640.85 5667.77 5014.93 3156.02 2980.87 2625.41 5566.1 4525.11 4080.66 4876.29 3794.48 3679.76 3489.47 3328.54 3025.68 2995.17 2831.37 2771.2 2726.09 4560.31 3072.15 2682.56 2674.31 3534.7 3083.49 2929.07
threshold=475.00000000000006 55.005001100000008 86.000000000000014 1.0000000180025095e-35 301.77500000000003 87.404998800000016 25.500000000000004 264.95000019000003 2068.0000000000005 2508.0000000000005 2493.7500000000005 2464.3499750000005 37026.798800000011 37009.150400000006 1.0000000180025095e-35 623.95001200000013 1.0000000180025095e-35 0.15949999500000003 3136.3499750000005 90.18999860000001 2788.0000000000005 0.32050000150000008 243.12999955000001 91.24499895000001 90.215000150000023 3104.6999500000006 1.0000000180025095e-35 1.0000000180025095e-35 0.77324998350000007 2620.0000000000005
decision_type=2 2 2 2 2 2 2 2 2 2 2 2 2 2 2 2 2 2 2 2 2 2 2 2 2 2 2 2 2 2
left_child=1 4 3 -2 6 -4 -1 8 -7 10 11 22 13 14 17 -12 21 -11 25 -14 -21 -15 24 -24 -10 26 -19 29 -29 -28
right_child=2 -3 5 -5 -6 7 -8 -9 9 12 15 -13 19 16 -16 -17 -18 18 -20 20 -22 -23 23 -25 -26 -27 27 28 -30 -31
leaf_value=1.0017741417690909 15.479952524815287 -19.558057824770611 -7.839947534644085 -1.5749449275788807 9.4802675675600767 -4.6713602130903915 -6.7703956673885211 5.0551555137480459 0.43757203676767886 1.5806826377709851 -0.15411824924185089 -1.5319625179037597 -1.5154608855308229 -0.7578340150648728 -0.5287849444762478 4.0235562287920779 7.6923158045472766 -0.32779516273153986 -4.8878841658433281 0.47302261901951431 -2.7467633045278488 3.7076789724248411 -2.2121902636364492 0.61581333814308148 2.4961358909354066 5.5367173422937812 1.543525132197368 0.012676503509283066 2.8554594215318447 -0.15473022921106003
leaf_weight=73 28 24 23 21 20 34 29 31 465 430 76 307 806 64 2357 172 29 1772 30 466 80 76 191 562 297 23 316 150 262 1292
leaf_count=73 28 24 23 21 20 34 29 31 465 430 76 307 806 64 2357 172 29 1772 30 466 80 76 191 562 297 23 316 150 262 1292
internal_value=0 -2.76027 0.0388996 8.17071 0.544208 0.000255568 -1.20796 0.0177832 0.00255866 0.0181033 0.52097 0.218479 -0.109572 0.0481453 -0.0194396 2.7433 2.70035 0.261385 0.113844 -0.902939 0.00125911 1.6663 0.57319 -0.101516 1.23993 0.153176 0.120522 0.513799 1.82047 0.179007
internal_weight=0 146 10360 49 122 10311 102 10288 10257 10223 2070 1822 8153 6801 6632 248 169 4275 3845 1352 546 140 1515 753 762 3815 3792 2020 412 1608
internal_count=10506 146 10360 49 122 10311 102 10288 10257 10223 2070 1822 8153 6801 6632 248 169 4275 3845 1352 546 140 1515 753 762 3815 3792 2020 412 1608
is_linear=0
shrinkage=0.5


Tree=18
num_leaves=31
num_cat=0
split_feature=16 12 15 15 24 24 30 24 10 31 30 24 24 2 15 18 28 31 10 16 5 16 18 32 32 16 32 5 24 32
split_gain=6429.1 52433.2 3827.61 6233.34 4881.95 4731.97 5374.22 4699.55 4788.12 4145.43 3374.96 3371.88 5370.51 3950.14 3269.13 3176.88 3038.19 2910.86 2803.31 2662.77 3526.72 3555.93 2971.14 2559.41 3159.35 3415.14 4407.56 3461.77 6471.8 5278.95
threshold=299.52500000000003 333.15000000000003 35020.050800000005 35987.150400000006 2693.7500000000005 2815.6500250000004 89.654998800000016 2864.3499750000005 0.069499999300000018 127681.8515 95.125000000000014 2848.3499750000005 2839.8499750000005 1.0000000180025095e-35 35006.500000000007 617.95001200000013 1.0000000180025095e-35 154887.50000000003 0.080499999200000019 246.62999955000001 87.215000150000023 242.62999955000001 605.0499880000001 -55.194999649999993 -41.979999549999995 229.67000045 -8.6700000799999994 84.735000600000021 2273.9000250000004 -11.245000399999999
decision_type=2 2 2 2 2 2 2 2 2 2 2 2 2 2 2 2 2 2 2 2 2 2 2 2 2 2 2 2 2 2
left_child=2 -2 4 9 14 19 -7 11 -9 18 16 12 13 -8 -1 -11 17 -10 -4 20 22 -22 -6 -5 -25 26 -26 -27 29 -29
right_child=1 -3 3 23 5 6 7 8 10 15 -12 -13 -14 -15 -16 -17 -18 -19 -20 -21 21 -23 -24 24 25 27 -28 28 -30 -31
leaf_value=1.3181712085878576 13.172302382332939 -19.878537480320251 1.405392536410579 1.2609397862528691 1.2586546462206614 -4.4877103325724601 2.1396848965968402 6.7017581931182315 -1.5921989942493748 5.6165708101221492 6.0661951562632686 4.9873116039147787 -1.640257627798611 9.1095742201027665 5.2582848929522328 -0.97530036615141735 2.2833783726406391 0.28839537790636205 -4.002643497931845 -2.3113831142342187 5.841963450650911 0.28158033500577129 -2.8806738902767783 -1.1325585963850506 7.3371904537909565 -2.9210693692264047 -0.33493985350315386 10.054876217475304 -0.06784047504654353 1.8663390348722906
leaf_weight=689 21 28 27 353 63 50 175 28 318 21 23 89 94 23 57 141 122 583 213 246 37 129 139 692 36 103 39 26 5860 81
leaf_count=689 21 28 27 353 63 50 175 28 318 21 23 89 94 23 57 141 122 583 213 246 37 129 139 692 36 103 39 26 5860 81
internal_value=0 -5.71389 0.0267745 -0.159055 0.519206 0.131941 0.609186 0.784337 0.249124 -2.07509 0.0763957 2.29305 1.47185 2.94932 1.61923 -0.120799 -0.0582723 -0.375344 -3.39424 -1.03785 -0.186527 1.52094 -1.5897 -0.0519274 -0.119712 -0.00565319 3.34768 -0.0470865 0.00252305 3.85608
internal_weight=0 49 10457 7592 2865 2119 1505 1455 1074 402 1046 381 292 198 746 162 1023 901 240 614 368 166 202 7190 6837 6145 75 6070 5967 107
internal_count=10506 49 10457 7592 2865 2119 1505 1455 1074 402 1046 381 292 198 746 162 1023 901 240 614 368 166 202 7190 6837 6145 75 6070 5967 107
is_linear=0
shrinkage=0.5


Tree=19
num_leaves=31
num_cat=0
split_feature=18 5 38 16 5 12 18 18 15 24 25 24 36 5 38 18 28 16 24 18 5 24 16 16 12 36 15 30 30 15
split_gain=4973.96 13261.5 28748.2 23289.7 13572.9 7597.11 10392.7 4626.8 2858 3030.75 3511.54 3710.38 2531.97 2299.63 3581.26 3508.91 4443.73 4145.87 3379.49 2876.26 2833.07 2586.8 2381.98 2274.48 3075.06 3017.99 2834.56 2654.49 2116.25 2093.8
threshold=331.00000000000006 24.754999200000004 0.71999999900000011 296.65000000000003 16.254999200000004 343.52500000000003 1.0000000180025095e-35 442.50000000000006 39987.69920000001 2144.3499750000005 1.0000000180025095e-35 2068.0000000000005 41.309999450000007 87.360000600000021 0.77285000650000013 629.50000000000011 1.0000000180025095e-35 253.67000045 2352.3499750000005 618.95001200000013 93.125000000000014 2893.7500000000005 258.67000000000002 235.67000045 360.17999880000002 48.395000450000005 37002.349600000009 90.375000000000014 89.505001050000018 33006.500000000007
decision_type=2 2 2 2 2 2 2 2 2 2 2 2 2 2 2 2 2 2 2 2 2 2 2 2 2 2 2 2 2 2
left_child=5 3 -3 7 -5 6 -1 -2 9 10 11 -4 -10 15 18 17 21 23 -15 -16 22 -17 29 26 25 27 28 -25 -11 -21
right_child=1 2 8 4 -6 -7 -8 -9 12 13 -12 -13 -14 14 19 16 -18 -19 -20 20 -22 -23 -24 24 -26 -27 -28 -29 -30 -31
leaf_value=-0.46199246048927306 3.5598334836405376 -16.030233702489308 -4.5341992259025572 5.9012838065624234 24.321999186277388 1.6607613400556147 -16.387835985138302 -4.3803712951485068 0.14663921892642975 0.56749180183437209 8.4351960840550344 3.6792922368781134 -7.4707368537783623 5.4881784081614269 2.9786028627556962 -0.68343685170831647 -5.4755828038098349 6.5812923493592637 -0.48070464984884709 3.9332443631095129 6.2617522895336153 -5.0794963041941328 -1.2384358334355057 -6.4212338870816064 -0.16687820625686214 -0.7815388195361862 -1.2395895304939439 -1.1826193871952237 2.8652976823555267 0.34492876593562644
leaf_weight=20 43 28 20 20 20 32 21 32 20 359 22 44 24 24 104 475 62 23 1990 41 20 36 240 57 1401 186 155 42 139 4806
leaf_count=20 43 28 20 20 20 32 21 32 20 359 22 44 24 24 104 475 62 23 1990 41 20 36 240 57 1401 186 155 42 139 4806
internal_value=0 0.0287779 -0.0307353 5.36841 15.1116 -4.11288 -8.61913 0.172013 0.0128008 0.0300688 2.9858 1.11258 -4.00829 0.00504977 0.156663 -0.368172 -1.47815 -0.0989008 -0.409576 0.375509 0.322499 -0.99314 0.299148 -0.164589 -0.471437 -1.96858 0.627672 -4.19879 1.20885 0.375282
internal_weight=0 10433 10318 115 40 73 41 75 10290 10246 86 64 44 10160 7225 2935 573 2362 2014 5211 5107 511 5087 2339 1686 285 653 99 498 4847
internal_count=10506 10433 10318 115 40 73 41 75 10290 10246 86 64 44 10160 7225 2935 573 2362 2014 5211 5107 511 5087 2339 1686 285 653 99 498 4847
is_linear=0
shrinkage=0.5


end of trees

feature_importances:
Column_24=112
Column_15=54
Column_18=53
Column_5=46
Column_30=46
Column_16=43
Column_36=31
Column_10=29
Column_12=26
Column_31=25
Column_2=22
Column_41=18
Column_38=17
Column_33=12
Column_1=11
Column_32=10
Column_39=9
Column_25=8
Column_28=8
Column_40=4
Column_7=3
Column_17=3
Column_37=3
Column_0=2
Column_11=2
Column_9=1
Column_19=1
Column_27=1

parameters:
[boosting: gbdt]
[objective: regression]
[metric: rmse,l2]
[tree_learner: serial]
[device_type: cpu]
[data: ]
[valid: ]
[num_iterations: 20]
[learning_rate: 0.5]
[num_leaves: 31]
[num_threads: -1]
[deterministic: 0]
[force_col_wise: 0]
[force_row_wise: 0]
[histogram_pool_size: -1]
[max_depth: 20]
[min_data_in_leaf: 20]
[min_sum_hessian_in_leaf: 0.001]
[bagging_fraction: 1]
[pos_bagging_fraction: 1]
[neg_bagging_fraction: 1]
[bagging_freq: 0]
[bagging_seed: 3]
[feature_fraction: 1]
[feature_fraction_bynode: 1]
[feature_fraction_seed: 2]
[extra_trees: 0]
[extra_seed: 6]
[early_stopping_round: 1000]
[first_metric_only: 0]
[max_delta_step: 0]
[lambda_l1: 0]
[lambda_l2: 0]
[linear_lambda: 0]
[min_gain_to_split: 0]
[drop_rate: 0.1]
[max_drop: 50]
[skip_drop: 0.5]
[xgboost_dart_mode: 0]
[uniform_drop: 0]
[drop_seed: 4]
[top_rate: 0.2]
[other_rate: 0.1]
[min_data_per_group: 100]
[max_cat_threshold: 32]
[cat_l2: 10]
[cat_smooth: 10]
[max_cat_to_onehot: 4]
[top_k: 20]
[monotone_constraints: ]
[monotone_constraints_method: basic]
[monotone_penalty: 0]
[feature_contri: ]
[forcedsplits_filename: ]
[refit_decay_rate: 0.9]
[cegb_tradeoff: 1]
[cegb_penalty_split: 0]
[cegb_penalty_feature_lazy: ]
[cegb_penalty_feature_coupled: ]
[path_smooth: 0]
[interaction_constraints: ]
[verbosity: -1]
[saved_feature_importance_type: 0]
[linear_tree: 0]
[max_bin: 255]
[max_bin_by_feature: ]
[min_data_in_bin: 3]
[bin_construct_sample_cnt: 200000]
[data_random_seed: 1]
[is_enable_sparse: 1]
[enable_bundle: 1]
[use_missing: 1]
[zero_as_missing: 0]
[feature_pre_filter: 1]
[pre_partition: 0]
[two_round: 0]
[header: 0]
[label_column: ]
[weight_column: ]
[group_column: ]
[ignore_column: ]
[categorical_feature: ]
[forcedbins_filename: ]
[precise_float_parser: 0]
[objective_seed: 5]
[num_class: 1]
[is_unbalance: 0]
[scale_pos_weight: 1]
[sigmoid: 1]
[boost_from_average: 1]
[reg_sqrt: 0]
[alpha: 0.9]
[fair_c: 1]
[poisson_max_delta_step: 0.7]
[tweedie_variance_power: 1.5]
[lambdarank_truncation_level: 30]
[lambdarank_norm: 1]
[label_gain: ]
[eval_at: ]
[multi_error_top_k: 1]
[auc_mu_weights: ]
[num_machines: 1]
[local_listen_port: 12400]
[time_out: 120]
[machine_list_filename: ]
[machines: ]
[gpu_platform_id: -1]
[gpu_device_id: -1]
[gpu_use_dp: 0]
[num_gpu: 1]

end of parameters

pandas_categorical:null
