tree
version=v3
num_class=1
num_tree_per_iteration=1
label_index=0
max_feature_idx=41
objective=regression
feature_names=Column_0 Column_1 Column_2 Column_3 Column_4 Column_5 Column_6 Column_7 Column_8 Column_9 Column_10 Column_11 Column_12 Column_13 Column_14 Column_15 Column_16 Column_17 Column_18 Column_19 Column_20 Column_21 Column_22 Column_23 Column_24 Column_25 Column_26 Column_27 Column_28 Column_29 Column_30 Column_31 Column_32 Column_33 Column_34 Column_35 Column_36 Column_37 Column_38 Column_39 Column_40 Column_41
feature_infos=[0:1] [0:1] [0:1] [0:1] [0:1] [0:94.629997299999999] [0:1] [0:1] none [0:1] [0:1.8550000200000001] [0:1] [273.14999999999998:1041.1500000000001] none none [-473:41051] [223.64999999999998:372.14999999999998] [0:1] [0:768] [0:1] [0:1] [0:1] none none [0:12288] [0:1] [0:1] [0:1] [0:1] [0:1] [0:127.129997] [0:163800] [-64:96.75] [0:1] none none [0:1016] [0:1] [0:0.99900001299999996] [0:1] [0:1] [0:1]
tree_sizes=2713 2743 2745 2737 2782 2744 2760 2758 2778 2734 2741 2791 2753 2757 2756 2776 2738 2765 2796 2766

Tree=0
num_leaves=31
num_cat=0
split_feature=40 25 30 11 36 41 10 1 31 10 36 18 10 30 10 1 12 2 7 1 15 30 18 9 12 18 30 30 18 10
split_gain=603320 520794 429620 339751 79401.9 60400.2 119923 231796 64385.7 47788.5 37352.5 18763.4 18597.6 18507.7 15380.5 132947 24359.9 14322.1 14142.9 13462.3 11162.2 10546.4 13009 9100.44 8128.5 8066.95 12773 8261.87 11789.8 7719.33
threshold=1.0000000180025095e-35 1.0000000180025095e-35 86.000000000000014 1.0000000180025095e-35 47.670000050000006 1.0000000180025095e-35 0.15049999950000001 1.0000000180025095e-35 114869.3515 0.51449999250000011 53.985000600000006 624.95001200000013 0.10050000250000002 91.154998800000016 0.25550000350000007 1.0000000180025095e-35 369.21000135000003 1.0000000180025095e-35 1.0000000180025095e-35 1.0000000180025095e-35 37004.050800000005 90.715000150000023 607.0499880000001 1.0000000180025095e-35 370.08999865000004 648.95001200000013 91.904998800000016 90.755001050000018 609.0499880000001 0.40450000750000009
decision_type=2 2 2 2 2 2 2 2 2 2 2 2 2 2 2 2 2 2 2 2 2 2 2 2 2 2 2 2 2 2
left_child=1 2 -1 10 11 8 7 -7 18 17 12 21 -2 -13 15 -8 -17 -3 -6 -15 -21 22 -4 -10 -14 27 -27 28 -16 -28
right_child=3 9 4 -5 5 6 14 -9 23 -11 -12 13 24 19 25 16 -18 -19 -20 20 -22 -23 -24 -25 -26 26 29 -29 -30 -31
leaf_value=23.24394002650979 36.346530483629714 43.243217836346382 53.585773193287878 23.24394002650979 54.29812735607257 50.325999512347607 50.821424956554949 25.167408938838783 45.905253195815369 32.259128013459616 37.019753547062223 46.929224505050215 41.781032131328878 50.05185071187028 51.521125550136645 39.794488712667878 24.390873408717486 37.655508205999141 51.035710402855514 54.361659374875892 50.858749986425003 55.085335038198025 48.765874098067734 52.698906882852235 45.497635457996218 42.39698169945968 46.296775003447351 51.448181731647459 45.708742985055856 49.774485185827771
leaf_weight=156 85 180 416 344 461 192 302 175 705 385 349 273 225 987 153 42 66 316 1189 484 429 476 211 53 425 98 252 439 203 435
leaf_count=156 85 180 416 344 461 192 302 175 705 385 349 273 225 987 153 42 66 316 1189 484 429 476 211 53 425 98 252 439 203 435
internal_value=46.4879 47.9907 49.2322 36.9345 49.7364 48.4336 46.6343 38.3294 50.1948 36.4389 41.2791 51.6313 43.3016 50.7788 48.1659 45.4372 30.3812 39.6833 51.9472 51.3319 52.7157 53.3109 51.9638 46.3803 44.2111 48.874 47.7371 49.9967 48.2068 48.4988
internal_weight=0 9078 8197 1428 8041 4765 2357 367 2408 881 1084 3276 735 2173 1990 410 108 496 1650 1900 913 1103 627 758 650 1580 785 795 356 687
internal_count=10506 9078 8197 1428 8041 4765 2357 367 2408 881 1084 3276 735 2173 1990 410 108 496 1650 1900 913 1103 627 758 650 1580 785 795 356 687
is_linear=0
shrinkage=1


Tree=1
num_leaves=31
num_cat=0
split_feature=40 25 5 11 36 41 10 1 31 10 18 30 30 1 36 30 10 1 12 10 36 18 18 15 39 1 33 10 9 18
split_gain=150830 130198 108397 84937.8 26552.3 18354.1 42078.3 136568 22102.5 15239.6 12365.1 14589.5 11860.4 10223.5 10076.2 10048.7 8710.23 15959.1 15341.6 8985.08 7998.82 7005.64 6801.77 6835.06 6218.82 11458.7 6264.33 6128.02 5727.29 5147.32
threshold=1.0000000180025095e-35 1.0000000180025095e-35 24.754999200000004 1.0000000180025095e-35 46.00499915000001 1.0000000180025095e-35 0.19049999900000003 1.0000000180025095e-35 129055.6015 0.56949999950000019 634.0499880000001 91.875000000000014 90.314998650000021 1.0000000180025095e-35 47.670000050000006 90.159999850000005 0.41050000450000007 1.0000000180025095e-35 375.08999850000004 0.33949999550000004 50.895000450000005 598.0499880000001 641.75000000000011 33991.099600000009 1.0000000180025095e-35 1.0000000180025095e-35 1.0000000180025095e-35 0.25949999650000005 1.0000000180025095e-35 641.75000000000011
decision_type=2 2 2 2 2 2 2 2 2 2 2 2 2 2 2 2 2 2 2 2 2 2 2 2 2 2 2 2 2 2
left_child=1 2 -1 12 13 8 7 -7 24 -3 15 -12 22 -4 -9 21 17 -13 27 -20 -14 -8 23 -2 26 -26 -6 -19 -10 -15
right_child=3 9 4 -5 5 6 10 14 28 -11 11 16 20 29 -16 -17 -18 18 19 -21 -22 -23 -24 -25 25 -27 -28 -29 -30 -31
leaf_value=-11.724684352259482 -13.706697884202004 -3.4692724203476599 2.0769586415928503 -11.621970176696777 1.0363423549360247 2.2577488786280826 3.2835951289782921 -18.827311737381894 -0.37973045702961 -7.8051564237692315 -2.5165047137313712 1.435717321831387 -0.82864500754051029 5.3472034081067843 -10.683755159378052 3.8806170506062267 2.4179168241411229 -8.0067754331089205 -14.439711421035057 -2.8020976890154459 -3.9689804438196243 -1.6708242794795132 -14.01847032546997 -3.7726892982573474 2.4264634744707201 5.7027025493826375 3.7440382072040026 1.5541126392557318 3.8803408245245614 2.928451815542898
leaf_weight=155 20 565 878 344 599 444 120 46 847 316 333 436 605 592 218 618 685 21 43 27 305 176 25 129 658 449 332 83 87 350
leaf_count=155 20 565 878 344 599 444 120 46 847 316 333 436 605 592 218 618 685 21 43 27 305 176 25 129 658 449 332 83 87 350
internal_value=0 0.751388 1.37217 -4.77668 1.6246 1.13322 0.312015 -3.097 2.03125 -5.02448 1.2615 0.435218 -2.60437 3.30444 -12.1027 2.73325 1.19423 -0.179906 -4.22825 -9.95092 -1.88118 0.337724 -6.38662 -5.10611 2.95433 3.75531 2.00192 -0.376451 0.0170856 4.44852
internal_weight=0 9078 8197 1428 8042 6222 3250 708 2972 881 2542 1628 1084 1820 264 914 1295 610 174 70 910 296 174 149 2038 1107 931 104 934 942
internal_count=10506 9078 8197 1428 8042 6222 3250 708 2972 881 2542 1628 1084 1820 264 914 1295 610 174 70 910 296 174 149 2038 1107 931 104 934 942
is_linear=0
shrinkage=0.5


Tree=2
num_leaves=31
num_cat=0
split_feature=31 15 17 30 18 30 30 18 30 30 18 30 18 30 30 10 11 10 10 18 41 1 18 18 30 41 1 32 36 12
split_gain=41690.4 26338 18131 12900.2 12641 10244 9931.11 9823.5 19782.1 18689.4 16117.8 9437.99 9184.93 8741.53 8458.37 8051.89 7353.92 8479.86 6812.15 6588.4 5888.47 7549.1 5835.57 5622.73 5773.75 6747.24 19130.2 8950.65 7736.22 8493.58
threshold=132908.75000000003 2186.0000000000005 1.0000000180025095e-35 87.934997600000017 649.0499880000001 91.125000000000014 91.814998650000021 643.95001200000013 92.125000000000014 91.154998800000016 608.0499880000001 90.314998650000021 661.50000000000011 89.375000000000014 92.935001350000007 0.14050000200000004 1.0000000180025095e-35 0.45649999350000009 0.32449999450000006 623.95001200000013 1.0000000180025095e-35 1.0000000180025095e-35 613.0499880000001 617.0499880000001 92.215000150000023 1.0000000180025095e-35 1.0000000180025095e-35 8.6199998850000021 46.985000600000006 369.02500000000003
decision_type=2 2 2 2 2 2 2 2 2 2 2 2 2 2 2 2 2 2 2 2 2 2 2 2 2 2 2 2 2 2
left_child=1 -1 3 -2 5 22 -6 9 -9 10 13 -12 -10 -3 -14 20 17 -8 23 -13 -15 -22 -5 -11 25 -25 -27 28 -28 -30
right_child=2 7 -4 4 6 -7 16 8 12 18 11 19 14 15 -16 -17 -18 -19 -20 -21 21 -23 -24 24 -26 26 27 -29 29 -31
leaf_value=-6.1147939843289993 -10.909649765491485 -0.015291318856739067 0.33647206032752941 0.26337279848797474 -5.8330561007713566 0.89954695378935667 -0.75431918790188102 -2.6936668655448641 2.0044493328099953 5.465333927584731 -2.7279786606378948 1.7139119309668469 -2.7989934672715893 3.2570478971682344 0.5453641060394756 4.0094768001362979 -5.208107746038281 -3.5266042780761793 3.9216309761309627 -1.1332918645944536 1.3740005402134792 -9.8491136616673955 -3.2560798787842518 2.5992802670623503 4.1012600175526046 1.9397359114213317 4.0694050463763149 -15.779893624782563 -0.84768869711622374 -11.881017852473903
leaf_weight=136 40 333 1197 173 227 573 731 485 956 92 390 399 228 51 1107 506 183 443 717 414 31 29 369 234 146 204 22 20 33 37
leaf_count=136 40 333 1197 173 227 573 731 485 956 92 390 399 228 51 1107 506 183 443 717 414 31 29 369 234 146 204 22 20 33 37
internal_value=0 0.770928 -1.28684 -1.99626 -1.86416 -0.57443 -2.77202 0.916477 0.207267 1.45469 0.509772 -0.705938 0.821389 2.04924 -0.0258071 3.16349 -2.25997 -1.80042 2.80644 0.264044 -0.692981 -4.0505 -2.13271 1.79174 1.30615 0.564173 -0.942836 -6.19324 -4.10918 -6.67959
internal_weight=0 6570 3936 2739 2699 1115 1584 6434 2776 3658 2153 1203 2291 950 1335 617 1357 1174 1505 813 111 60 542 788 696 550 316 112 92 70
internal_count=10506 6570 3936 2739 2699 1115 1584 6434 2776 3658 2153 1203 2291 950 1335 617 1357 1174 1505 813 111 60 542 788 696 550 316 112 92 70
is_linear=0
shrinkage=0.5


Tree=3
num_leaves=31
num_cat=0
split_feature=30 18 30 30 18 18 30 18 16 18 30 10 41 1 24 2 30 30 18 18 5 10 30 18 18 10 10 5 38 18
split_gain=11854.1 15267.7 15481.5 13396.5 20136.7 9720.52 6330.76 6192.19 7156.46 6043.97 8166.45 4908.74 5408.02 9448.71 6270.74 4885.25 4614.51 4369.71 6676.29 3984.14 4647.76 3767.8 3612.08 3848.15 3546.07 3123.7 2913.14 2861.71 2748.07 2655.5
threshold=89.029998800000016 654.0499880000001 92.505001050000018 91.74499895000001 627.95001200000013 691.0499880000001 90.375000000000014 597.2999880000001 235.92000045 588.0499880000001 89.909999850000005 0.15949999500000003 1.0000000180025095e-35 1.0000000180025095e-35 2508.0000000000005 1.0000000180025095e-35 93.904998800000016 93.784999850000005 673.0499880000001 667.95001200000013 87.99499895000001 0.31450000400000006 92.534999850000005 633.95001200000013 637.0499880000001 0.57949998950000003 0.33449999950000003 88.255001050000018 0.77590000650000013 617.95001200000013
decision_type=2 2 2 2 2 2 2 2 2 2 2 2 2 2 2 2 2 2 2 2 2 2 2 2 2 2 2 2 2 2
left_child=7 3 19 4 9 17 -6 8 -1 -2 -11 12 -12 -14 -15 24 -7 18 26 20 -3 -5 23 -23 -8 -19 -4 -25 -16 -13
right_child=1 2 5 21 6 16 15 -9 -10 10 11 29 13 14 28 -17 -18 25 -20 -21 -22 22 -24 27 -26 -27 -28 -29 -30 -31
leaf_value=0.93972852157995757 4.2237847043867527 -5.2756358834632326 -0.16058496654474347 0.91071108063078632 -4.3182796991119785 -4.3288030846750942 0.21122658740523548 -5.2720283770695664 -3.3707765870460191 -0.81713431657801117 1.7998420720653874 2.4147291650883376 0.80589707889744355 -13.252004718780517 -7.29479490007673 -3.5987797261921655 -1.1251627734154463 1.0599617848643093 -1.3719927944398924 -4.4358680363044884 -1.387274951435217 3.8699482838368282 3.9813351310789584 -0.095009671813327701 -1.4488383523575648 4.3716779584626115 1.3985449077989727 2.0065985613919364 0.7941033045450846 1.0216611971836798
leaf_weight=184 137 89 578 954 156 145 624 133 202 578 140 731 93 25 21 157 500 501 621 207 563 179 240 248 664 83 622 467 21 643
leaf_count=184 137 89 578 954 156 145 624 133 202 578 140 731 93 25 21 157 500 501 621 207 563 179 240 248 664 83 622 467 21 643
internal_value=0 0.121074 -0.649806 0.616857 0.0798693 -0.121737 -1.29224 -2.3298 -1.31603 0.999398 0.803243 1.36273 -0.469628 -2.45541 -6.98231 -0.965558 -1.84536 0.340524 -0.0411481 -2.52479 -1.91805 1.643 2.25905 1.79669 -0.644583 1.53063 0.647564 1.27765 -3.25035 1.76281
internal_weight=0 9987 3909 6078 3990 3050 1601 519 386 2389 2252 1674 300 160 67 1445 645 2405 1821 859 652 2088 1134 894 1288 584 1200 715 42 1374
internal_count=10506 9987 3909 6078 3990 3050 1601 519 386 2389 2252 1674 300 160 67 1445 645 2405 1821 859 652 2088 1134 894 1288 584 1200 715 42 1374
is_linear=0
shrinkage=0.5


Tree=4
num_leaves=31
num_cat=0
split_feature=2 36 10 39 41 1 11 15 11 12 36 15 37 5 18 18 30 39 10 33 10 15 1 10 12 30 18 10 10 18
split_gain=10510.6 6743.67 6146.96 4416.75 5451.39 4861.85 4244.66 3013.21 2903.44 3141.79 2901.37 4241.81 2821.03 2869.61 3121.08 2783.98 3486.36 2282.87 2269.8 2179.64 2450.61 2643.24 1921.73 6104 7484.54 1847.35 1981.9 1741.25 1679.64 1636.87
threshold=1.0000000180025095e-35 48.014999400000008 0.21049999400000002 1.0000000180025095e-35 1.0000000180025095e-35 1.0000000180025095e-35 1.0000000180025095e-35 2186.0000000000005 1.0000000180025095e-35 365.18499985 45.889999400000008 38004.099600000009 1.0000000180025095e-35 84.770000450000012 679.0499880000001 630.95001200000013 90.715000150000023 1.0000000180025095e-35 0.15949999500000003 1.0000000180025095e-35 0.60550001250000018 36001.050800000005 1.0000000180025095e-35 0.34950000050000002 373.05999985000005 92.505001050000018 646.95001200000013 0.059499999550000009 0.74050000350000011 676.95001200000013
decision_type=2 2 2 2 2 2 2 2 2 2 2 2 2 2 2 2 2 2 2 2 2 2 2 2 2 2 2 2 2 2
left_child=1 7 3 6 -5 -6 -3 -1 9 15 -9 19 13 -2 28 -4 -17 29 -7 20 21 25 -19 24 -24 26 -12 -23 -15 -11
right_child=12 2 8 4 5 18 -8 10 -10 17 11 -13 -14 14 -16 16 -18 22 -20 -21 -22 27 23 -25 -26 -27 -28 -29 -30 -31
leaf_value=-1.6363291953641332 -5.9414632977583466 0.11968361559777299 0.22838652176828853 -0.18014252488319471 -1.0556185615177338 -4.7295603497859533 -2.8964300288094416 1.4861227713908414 -2.1666843723907747 1.3966114098487499 0.99454693292173446 -1.072920788762622 -0.096818423646847521 -0.93095245757288769 -3.6344243432151675 -4.6703712354190774 -0.87308043203401298 0.2462751553357852 -9.0937571438347415 1.9712908176362929 1.780360090103462 1.9890460792302558 -0.19929324729101999 0.31963961141541447 -13.548576672871908 2.285532430225572 -1.2594776391587426 -0.025079187503064863 -3.373460341531497 0.14303143855732708
leaf_weight=152 39 491 462 128 78 109 153 818 139 768 712 409 356 721 153 74 330 549 41 277 347 113 21 99 21 231 113 2130 78 394
leaf_count=152 39 491 462 128 78 109 153 818 139 768 712 409 356 721 153 74 330 549 41 277 347 113 21 99 21 231 113 2130 78 394
internal_value=0 0.191789 -0.311235 -1.37815 -2.79147 -4.25748 -0.596878 0.55772 0.0622042 0.176191 0.622477 0.459397 -1.30408 -1.73777 -1.56556 -0.609942 -1.56862 0.543788 -5.92244 0.619151 0.516424 0.383479 -0.176603 -1.82313 -6.87393 1.03575 0.685814 0.0763903 -1.1694 0.971559
internal_weight=0 9159 3857 1000 356 228 644 5302 2857 2718 5150 4332 1347 991 952 866 404 1852 150 3923 3646 3299 690 141 42 1056 825 2243 799 1162
internal_count=10506 9159 3857 1000 356 228 644 5302 2857 2718 5150 4332 1347 991 952 866 404 1852 150 3923 3646 3299 690 141 42 1056 825 2243 799 1162
is_linear=0
shrinkage=0.5


Tree=5
num_leaves=31
num_cat=0
split_feature=30 18 18 5 18 30 5 18 18 5 18 5 18 18 30 30 18 30 18 18 18 39 18 10 10 41 1 25 16 10
split_gain=3663.55 6699.76 4799.25 4125.85 4119.2 4887.07 3121.52 3131.2 3049.72 2620.42 3778.08 2423.69 3087.39 2355.41 2277.25 1984.07 2057.07 1955.48 2337.62 1856.73 1756.73 3342.4 1734.68 1688.46 1476.35 2445.67 3123.85 1426.03 1420.72 1599.48
threshold=90.904998800000016 639.0499880000001 614.0499880000001 88.389999400000008 662.95001200000013 93.24499895000001 86.255001050000018 640.0499880000001 680.95001200000013 87.534999850000005 616.0499880000001 85.889999400000008 601.20001200000013 665.95001200000013 88.419998200000023 92.904998800000016 648.95001200000013 94.375000000000014 700.0499880000001 584.0499880000001 675.0499880000001 1.0000000180025095e-35 578.20001200000013 0.13700000200000004 0.23050000500000004 1.0000000180025095e-35 1.0000000180025095e-35 1.0000000180025095e-35 233.94999924999999 0.26049999850000005
decision_type=2 2 2 2 2 2 2 2 2 2 2 2 2 2 2 2 2 2 2 2 2 2 2 2 2 2 2 2 2 2
left_child=2 9 11 13 15 20 -4 -8 -7 10 23 12 14 -3 22 -5 -17 -10 -19 -16 -6 -22 28 -2 25 -13 -27 -11 29 -1
right_child=1 3 6 4 5 8 7 -9 17 27 -12 24 -14 -15 19 16 -18 18 -20 -21 21 -23 -24 -25 -26 26 -28 -29 -30 -31
leaf_value=4.3633369145294028 -1.3673572977383932 -0.83599244630629588 -2.5514212657167361 0.42549438398449685 -0.76828270112481967 0.96074203551587167 -0.29870234132867968 -2.6221077625743217 -0.90794888626172998 1.4153579342591043 -0.17219903473539294 1.9690168308075762 -1.7300477679493231 -4.794380721564476 2.5411155357638875 5.1972888459108377 1.321764326778192 1.4889519962742925 -0.71481722594411434 0.28692010645328325 -1.735777044969653 -8.0420516496119294 -3.4904656434115373 2.6500653955062816 1.6621468694216743 0.21860069688409567 -5.7703975452618161 4.4261874505659433 -0.99696426750511247 -0.99470971239050132
leaf_weight=30 30 1033 325 1433 689 774 746 180 634 964 734 76 286 39 123 38 346 250 232 355 243 23 53 204 316 64 33 41 186 26
leaf_count=30 30 1033 325 1433 689 774 746 180 634 964 734 76 286 39 123 38 346 250 232 355 243 23 53 204 316 64 33 41 186 26
internal_value=0 0.177935 -0.489941 -0.0955237 0.107857 -0.267744 -1.21824 -0.750336 0.198082 0.97267 0.385536 0.0986297 -0.326508 -0.980001 0.192783 0.695961 1.70528 -0.330859 0.428217 0.866975 -1.18964 -2.28106 -0.899635 2.13501 1.01933 -0.15484 -1.81889 1.53819 -0.332222 1.87567
internal_weight=0 7707 2799 5734 4662 2845 1251 926 1890 1973 968 1548 1059 1072 773 1817 384 1116 482 478 955 266 295 234 489 173 97 1005 242 56
internal_count=10506 7707 2799 5734 4662 2845 1251 926 1890 1973 968 1548 1059 1072 773 1817 384 1116 482 478 955 266 295 234 489 173 97 1005 242 56
is_linear=0
shrinkage=0.5


Tree=6
num_leaves=31
num_cat=0
split_feature=2 33 9 10 15 1 36 11 30 18 38 10 10 7 30 18 30 30 12 5 1 1 30 10 18 41 1 10 12 16
split_gain=3227.15 3244.16 2495.16 2743.36 1932 1930.34 1529.61 2508.97 1528.08 1160.07 1009.13 1316.93 972.611 961.459 930.286 911.281 2461.21 1872.75 1300.99 2816.54 2086 1074.33 905.113 1261.65 1063.64 878.256 6471.45 3023.31 2207.14 3331.78
threshold=1.0000000180025095e-35 1.0000000180025095e-35 1.0000000180025095e-35 0.44050000650000004 39003.900400000006 1.0000000180025095e-35 46.375000000000007 1.0000000180025095e-35 89.505001050000018 612.95001200000013 0.76905000200000007 0.14950000500000002 0.47949999550000005 1.0000000180025095e-35 88.154998800000016 623.95001200000013 89.849998500000012 91.465000150000023 373.05999985000005 87.560001400000019 1.0000000180025095e-35 1.0000000180025095e-35 91.24499895000001 0.20449999700000002 596.0499880000001 1.0000000180025095e-35 1.0000000180025095e-35 0.31049999600000006 363.93499985 246.37999955000001
decision_type=2 2 2 2 2 2 2 2 2 2 2 2 2 2 2 2 2 2 2 2 2 2 2 2 2 2 2 2 2 2
left_child=1 2 3 4 6 13 7 -1 9 -7 11 -8 -3 -5 -4 16 -12 -17 19 22 -21 -20 24 -24 -18 -19 -27 28 -28 -30
right_child=-2 12 14 5 -6 8 10 -9 -10 -11 15 -13 -14 -15 -16 17 18 25 21 20 -22 -23 23 -25 -26 26 27 -29 29 -31
leaf_value=0.082257686171902933 -0.7226049756546904 1.380558856158667 -0.97014129317777098 -0.59774313441416982 -3.7425510923449812 -0.30365144398252841 -0.87967042038589716 2.8141036362151852 0.76284784580139453 -4.5578440698710354 -1.1681567365832046 0.45646586419999929 -0.21197250612864368 1.0944065832805754 1.4893976001310438 -1.4699692270211342 3.3183619503676893 -0.03469695964021758 0.10367002682043956 1.3046582995189562 7.5199315746625262 -3.8848548805713654 5.2230190790217854 0.26420464315291109 -0.089043947284693239 -0.037364340801768904 0.48654552128003992 -0.77508770131329396 -10.31094217300415 -3.7707865016432258
leaf_weight=1100 1347 603 43 552 39 59 250 91 1730 22 282 703 114 99 363 516 25 904 52 27 27 25 23 29 273 919 23 116 23 127
leaf_count=1100 1347 603 43 552 39 59 250 91 1730 22 282 703 114 99 363 516 25 904 52 27 27 25 23 29 273 919 23 116 23 127
internal_value=0 0.106272 0.0195495 -0.0415503 -0.235707 0.398022 -0.210997 0.290988 0.663467 -1.45911 -0.348627 0.105958 1.12735 -0.340412 1.2289 -0.476383 0.00465874 -0.616046 0.692255 1.05125 4.41229 -1.19131 0.53269 2.45753 0.196812 -0.407417 -0.68634 -2.75004 -4.07428 -4.77361
internal_weight=0 9159 8442 8036 5574 2462 5535 1191 1811 81 4344 953 717 651 406 3391 763 2628 481 404 54 77 350 52 298 2112 1208 289 173 150
internal_count=10506 9159 8442 8036 5574 2462 5535 1191 1811 81 4344 953 717 651 406 3391 763 2628 481 404 54 77 350 52 298 2112 1208 289 173 150
is_linear=0
shrinkage=0.5


Tree=7
num_leaves=31
num_cat=0
split_feature=5 18 30 18 18 40 30 18 5 18 18 40 30 18 18 36 31 1 24 7 5 18 18 12 18 10 5 18 5 32
split_gain=1660.54 3904.88 2986.47 2829.13 2088.91 2177.74 1843.87 1785.86 2853.72 1743.12 1593.92 1412.91 1394.97 1827.68 1318.33 1243.91 1236.7 1540.44 1229.01 1212.27 1204.11 1837.88 1469.41 1194.51 1154.49 1286.1 1046.2 1013.28 850.71 846.981
threshold=87.094997400000011 644.69998200000009 92.255001050000018 620.0499880000001 658.95001200000013 1.0000000180025095e-35 92.935001350000007 669.95001200000013 90.139999400000008 684.0499880000001 694.50000000000011 1.0000000180025095e-35 94.875000000000014 706.0499880000001 709.2999880000001 53.985000600000006 114041.25000000001 1.0000000180025095e-35 2556.0000000000005 1.0000000180025095e-35 84.609996800000019 596.0499880000001 591.0499880000001 363.21499865000004 617.95001200000013 0.17950000600000002 89.43999860000001 632.95001200000013 89.255001050000018 16.119999900000003
decision_type=2 2 2 2 2 2 2 2 2 2 2 2 2 2 2 2 2 2 2 2 2 2 2 2 2 2 2 2 2 2
left_child=3 6 4 20 15 -6 16 28 10 -10 -9 23 13 -11 -14 26 18 19 -2 -18 22 -22 -1 -5 25 -20 -3 -13 -4 -26
right_child=1 2 7 11 5 -7 -8 8 9 12 -12 27 14 -15 -16 -17 17 -19 24 -21 21 -23 -24 -25 29 -27 -28 -29 -30 -31
leaf_value=-0.16983776696443406 0.93507800497930527 -0.68223629219606063 0.11013366619052806 -2.6773493273720783 -2.8215167524354277 -0.47654069098266394 5.1839092715897346 -0.9270576172259325 0.88717383921108872 -0.34109347227442421 -5.3530237078666687 1.3730581752312037 2.0610395592746436 -3.2315439602049687 -0.44860748737589501 1.7616195494774729 0.24420606014098126 1.9823384096576868 4.5850449839123977 2.8787482881120274 1.3928436683285434 -0.047758216751316765 -2.0766296319197863 -1.0836981655753954 -0.024013170190081957 0.62942146512051655 1.3061159678424399 -0.90077033492496172 0.81253144076653872 -2.5257914866719928
leaf_weight=393 605 815 836 163 213 185 22 649 546 618 21 81 111 60 99 64 401 308 27 49 272 1190 136 422 1013 86 72 124 890 35
leaf_count=393 605 815 836 163 213 185 22 649 546 618 21 81 111 60 99 64 401 308 27 49 272 1190 136 422 1013 86 72 124 890 35
internal_value=0 0.119269 -0.129979 -0.331303 -0.769742 -1.73152 0.626281 0.0953584 -0.213879 0.18415 -1.06578 -1.13191 -0.248114 -0.596886 0.87792 -0.367233 0.586556 1.12077 0.35726 0.531078 -0.0136347 0.220261 -0.660053 -1.52774 0.0561571 1.57457 -0.520837 -0.00233078 0.47232 -0.107565
internal_weight=0 7725 5179 2781 1349 398 2546 3830 2104 1434 670 790 888 678 210 951 2524 758 1766 450 1991 1462 529 585 1161 113 887 205 1726 1048
internal_count=10506 7725 5179 2781 1349 398 2546 3830 2104 1434 670 790 888 678 210 951 2524 758 1766 450 1991 1462 529 585 1161 113 887 205 1726 1048
is_linear=0
shrinkage=0.5


Tree=8
num_leaves=31
num_cat=0
split_feature=15 30 18 18 30 10 41 39 12 30 18 32 16 18 10 12 5 18 5 36 18 1 18 10 18 39 30 41 1 10
split_gain=1316.17 1198.43 2241.41 1761.11 1256.47 1345.7 1668.76 2082.57 2911.96 2378.96 1939.09 1680.86 1455.77 1183.49 1146.32 1128.49 1125.71 1109.25 1199.65 1315.8 1080.05 1040.27 940.761 853.676 853.653 803.674 859.543 774.291 1949 3064.61
threshold=39024.650400000006 91.625000000000014 631.0499880000001 647.75000000000011 89.564998650000021 0.23949999400000002 1.0000000180025095e-35 1.0000000180025095e-35 372.71499865000004 91.24499895000001 609.0499880000001 2.5299999700000004 246.87999955000001 613.95001200000013 0.089500002550000013 371.08999865000004 88.045002000000011 657.95001200000013 88.139999400000008 54.434999450000007 628.50000000000011 1.0000000180025095e-35 698.2999880000001 0.63949999250000011 612.0499880000001 1.0000000180025095e-35 92.875000000000014 1.0000000180025095e-35 1.0000000180025095e-35 0.28949999850000002
decision_type=2 2 2 2 2 2 2 2 2 2 2 2 2 2 2 2 2 2 2 2 2 2 2 2 2 2 2 2 2 2
left_child=1 2 4 16 24 6 21 -8 9 11 -10 13 -7 -9 -4 22 20 18 19 -16 -3 -6 -5 25 -1 26 -17 -27 -29 -30
right_child=-2 3 14 15 5 12 7 8 10 -11 -12 -13 -14 -15 17 23 -18 -19 -20 -21 -22 -23 -24 -25 -26 27 -28 28 29 -31
leaf_value=-0.31103330920908201 1.9255683023207397 0.9916000980311972 0.75450962260365484 -0.33860562444409786 -0.52725189164020991 0.62152223801852591 0.2863934853075612 0.50705893109402345 -1.7112390258722008 2.983487699301012 -7.5120079359587502 -5.0398645373061299 -1.3455132983698703 -2.8614837136533526 -1.3281108120387199 -0.29464779383054485 0.9441442253494946 -2.5809144523153278 0.13041256835666609 0.80260003220151976 -0.33504138813207129 1.1014473181568432 -2.8295616298340835 0.89934020861233388 -1.7683539270686033 0.322591373456383 0.45601072738053655 0.14763619277056383 -4.7303018738185205 -0.75235328321003803
leaf_weight=712 88 228 110 1349 172 1369 169 62 25 31 34 32 101 45 687 540 906 94 265 81 469 228 39 326 117 302 1298 344 62 221
leaf_count=712 88 228 110 1349 172 1369 169 62 25 31 34 32 101 45 687 540 906 94 265 81 469 228 39 326 117 302 1298 344 62 221
internal_value=0 -0.0162651 -0.21719 0.126866 0.0100585 0.202603 -0.320129 -1.04499 -2.02754 -0.977157 -5.05406 -1.86047 0.486372 -0.909618 -0.786138 -0.0340313 0.576634 -0.936511 -0.786875 -1.10339 0.0989245 0.401107 -0.408596 0.134057 -0.516711 0.0438933 0.235469 -0.335134 -0.651933 -1.62385
internal_weight=0 10418 4334 6084 3097 2268 798 398 229 170 59 139 1470 107 1237 4481 1603 1127 1033 768 697 400 1388 3093 829 2767 1838 929 627 283
internal_count=10506 10418 4334 6084 3097 2268 798 398 229 170 59 139 1470 107 1237 4481 1603 1127 1033 768 697 400 1388 3093 829 2767 1838 929 627 283
is_linear=0
shrinkage=0.5


Tree=9
num_leaves=31
num_cat=0
split_feature=40 11 11 12 18 30 10 39 1 15 12 30 10 15 16 36 38 12 24 12 5 24 2 37 31 12 38 16 18 30
split_gain=1086.91 2540.6 2017 1231.45 1127.61 1026.9 936.371 1669.47 2694.94 7389.62 5071.36 3837.25 2773.44 2652.32 2262.22 2565.53 3547.28 2399.09 2194.77 1418.68 1409.9 1342.85 1322.31 1062.39 1465.68 890.149 870.132 835.371 787.281 901.002
threshold=1.0000000180025095e-35 1.0000000180025095e-35 1.0000000180025095e-35 363.02500000000003 660.95001200000013 91.375000000000014 0.27050000450000006 1.0000000180025095e-35 1.0000000180025095e-35 36000.94920000001 365.05999985000005 91.375000000000014 0.13950000000000004 37004.750000000007 243.37999955000001 49.889999350000004 0.76784998150000006 373.05999985000005 2688.3499750000005 371.96000135000003 88.625000000000014 2576.3499750000005 1.0000000180025095e-35 1.0000000180025095e-35 147925.89850000004 375.08999850000004 0.77004998950000003 254.92000045 649.95001200000013 91.564998650000021
decision_type=2 2 2 2 2 2 2 2 2 2 2 2 2 2 2 2 2 2 2 2 2 2 2 2 2 2 2 2 2 2
left_child=1 6 4 -3 27 -6 7 22 -9 14 12 13 -11 -12 -10 16 -16 -18 19 -13 -17 -21 25 24 -24 -1 -8 -2 -4 -30
right_child=2 3 28 -5 5 -7 26 8 9 10 11 18 -14 -15 15 20 17 -19 -20 21 -22 -23 23 -25 -26 -27 -28 -29 29 -31
leaf_value=-0.039332907108022369 1.3578534191053566 0.078986810241690561 -1.7984354256292976 1.5738623760098509 -2.9091727593541146 0.37371939323879411 0.33454409093812526 -0.21783149608189462 -2.1107323656952572 -2.4633500681713572 -5.3672991295655565 -3.1278220891952513 4.0782332494854927 -13.412749776244164 -0.38322719468010796 1.061201183795929 8.1979548405198486 1.4008198877175648 -0.48803050493871841 -4.1305639274094412 -4.3631961326236306 -9.3753818818009815 -1.0796366413019793 -0.063168732097326985 -4.7885594213490981 0.95213380310170614 -0.12468298443742133 -1.933532752096653 2.2331907687818302 -0.54502205136548543
leaf_weight=1032 534 234 104 335 25 505 1353 715 63 43 21 50 26 20 45 25 34 21 37 23 23 26 123 164 34 290 4341 20 34 206
leaf_count=1032 534 234 104 335 25 505 1353 715 63 43 21 50 26 20 45 25 34 21 37 23 23 26 123 164 34 290 4341 20 34 206
internal_value=0 -0.0637848 0.405489 0.959098 0.740242 0.218866 -0.132185 -0.368083 -0.82399 -1.77236 -3.63443 -5.05186 0.00159437 -9.29191 0.398592 1.46675 2.90902 5.60269 -3.77361 -5.00156 -1.53799 -6.91353 -0.042872 -0.953165 -1.88284 0.17816 -0.0155621 1.23903 -0.64937 -0.151442
internal_weight=0 9078 1428 569 1084 530 8509 2815 1172 457 246 177 69 41 211 148 100 55 136 99 48 49 1643 321 157 1322 5694 554 344 240
internal_count=10506 9078 1428 569 1084 530 8509 2815 1172 457 246 177 69 41 211 148 100 55 136 99 48 49 1643 321 157 1322 5694 554 344 240
is_linear=0
shrinkage=0.5


Tree=10
num_leaves=31
num_cat=0
split_feature=15 18 30 18 30 18 24 30 18 18 40 5 30 18 30 5 5 18 18 5 30 25 10 18 15 15 25 5 18 31
split_gain=750.924 1607.39 1222.5 824.854 950.014 746.233 990.546 755.147 756.416 725.972 978.035 752.159 730.07 679.565 826.468 695.504 677.29 635.572 613.515 887.778 709.698 606.063 541.819 704.842 524.209 518.386 761.978 489.402 581.817 752.947
threshold=36047.900400000006 633.95001200000013 92.154998800000016 657.95001200000013 93.505001050000018 696.2999880000001 2604.4000250000004 93.465000150000023 663.0499880000001 669.0499880000001 1.0000000180025095e-35 87.560001400000019 92.375000000000014 606.0499880000001 90.404998800000016 86.43999860000001 88.625000000000014 680.0499880000001 683.0499880000001 91.889999400000008 94.49499895000001 1.0000000180025095e-35 0.020499999650000003 631.95001200000013 34005.150400000006 37001.94920000001 1.0000000180025095e-35 86.110000600000021 578.20001200000013 123598.1015
decision_type=2 2 2 2 2 2 2 2 2 2 2 2 2 2 2 2 2 2 2 2 2 2 2 2 2 2 2 2 2 2
left_child=2 16 13 -4 -5 7 -7 9 -9 11 12 -3 -11 14 27 22 25 -14 20 -20 -6 -8 -15 24 -24 -2 -27 28 -1 -30
right_child=1 5 3 4 18 6 21 8 -10 10 -12 -13 17 15 -16 -17 -18 -19 19 -21 -22 -23 23 -25 -26 26 -28 -29 29 -31
leaf_value=0.27596803049156704 0.89073447288367258 -0.71090877245604644 0.61103807344547356 -0.54575809289855326 0.55235853385497891 -3.853611595928669 -0.26522382165670577 2.5033108380369167 0.36075398041621637 -3.8449438803869747 0.23907695152735878 0.14619877577230425 -0.53513447634316214 1.297698540687561 1.138919025613939 -0.31655826170145235 2.9237626632054647 -2.2002029027541479 -0.63937824070453642 1.4514667551583527 2.7464063514110655 -2.5056709160699562 -1.6577393276260255 -2.7249341789504578 -0.48109509737696499 0.13882690332412942 1.7951599479113753 0.99336366116695884 -1.1434894632358379 0.48062773233221978
leaf_weight=249 580 293 710 553 258 24 269 44 646 23 214 2025 243 25 148 1919 30 75 220 66 43 34 141 58 288 804 76 81 270 97
leaf_count=249 580 293 710 553 258 24 269 44 646 23 214 2025 243 25 148 1919 30 75 220 66 43 34 141 58 288 804 76 81 270 97
internal_value=0 0.130481 -0.136947 0.187984 -0.0754971 -0.0386632 -0.761543 0.0276803 0.497381 -0.0851263 -0.598782 0.0378586 -1.12459 -0.320439 0.0658192 -0.4547 0.572072 -0.927839 0.367526 -0.156876 0.865794 -0.516627 -0.972462 -1.089 -0.867824 0.52375 0.281874 -0.162041 -0.31397 -0.714227
internal_weight=0 5380 5126 1850 1140 3890 327 3563 690 2873 555 2318 341 3276 845 2431 1490 318 587 286 301 303 512 487 429 1460 880 697 616 367
internal_count=10506 5380 5126 1850 1140 3890 327 3563 690 2873 555 2318 341 3276 845 2431 1490 318 587 286 301 303 512 487 429 1460 880 697 616 367
is_linear=0
shrinkage=0.5


Tree=11
num_leaves=31
num_cat=0
split_feature=40 33 11 38 30 5 18 30 5 16 10 9 15 15 18 5 30 12 32 18 5 30 18 5 5 38 18 5 10 38
split_gain=648.059 1018.93 586.382 672.417 656.114 547.105 661.355 1094.53 1032.57 641.838 611.287 779.076 735.035 599.365 552.055 542.717 542.082 862.73 767.862 510.928 1026.24 635.435 574.031 1342.73 861.859 657.461 531.545 747.917 504.73 1043.94
threshold=1.0000000180025095e-35 1.0000000180025095e-35 1.0000000180025095e-35 0.79390001300000013 90.255001050000018 91.889999400000008 678.0499880000001 93.904998800000016 90.255001050000018 251.12999955000001 0.12049999800000001 1.0000000180025095e-35 37048.050800000005 37006.050800000005 702.50000000000011 91.395000500000023 91.125000000000014 368.21499865000004 6.6649999650000007 594.20001200000013 85.389999400000008 89.755001050000018 629.50000000000011 87.715000150000023 86.755001050000018 0.7610999945000001 664.75000000000011 89.610000600000021 0.18550000300000002 0.78209999200000013
decision_type=2 2 2 2 2 2 2 2 2 2 2 2 2 2 2 2 2 2 2 2 2 2 2 2 2 2 2 2 2 2
left_child=2 -2 3 5 -4 6 7 10 9 -8 11 16 13 19 -10 -16 -1 -18 -19 21 -21 -12 24 -24 25 -22 -25 -28 29 -26
right_child=1 -3 4 -5 -6 -7 8 -9 14 -11 12 -13 -14 -15 15 -17 17 18 -20 20 22 -23 23 26 28 -27 27 -29 -30 -31
leaf_value=-0.28130274924605375 0.069712952486327986 1.0460149772292568 -0.35686156716155637 -2.8427923132072794 0.80294636530891939 0.80509836043667238 -3.6512710432852469 1.3046632640469236 -0.082604413170373717 -1.1477378702842864 0.13579082468026121 0.81582500726875407 0.33915621070512125 -0.65410188460315499 -3.5851225056078122 -0.45851856321096418 -2.5173500632191752 -0.081568933732754798 -2.5636229388415814 -1.1143172235349015 1.1188106797197286 1.7885303907794878 -0.96369884925687477 0.088251332930440185 0.77455384404936312 -0.36150466930778075 -1.3016401611992883 -0.051630251221776176 0.42323062318805138 4.8641781933605674
leaf_weight=293 1072 356 177 22 392 173 31 147 597 147 213 92 1132 453 23 35 91 141 40 234 85 80 450 2048 71 638 180 357 716 20
leaf_count=293 1072 356 177 22 392 173 31 147 597 147 213 92 1132 453 23 35 91 141 40 234 85 80 450 2048 71 638 180 357 716 20
internal_value=0 0.313105 -0.0492524 -0.0821135 0.442163 -0.0749573 -0.0932697 -0.0462127 -0.51588 -1.58375 -0.0732891 -0.533472 -0.0280083 -0.102964 -0.225681 -1.69838 -0.75318 -1.26149 -0.630089 -0.0539333 -0.0930682 0.587051 -0.0407194 -0.166607 0.208999 -0.18747 -0.0278485 -0.470628 0.564201 1.67337
internal_weight=0 1428 9078 8509 569 8487 8314 7481 833 178 7334 657 6677 5545 655 58 565 272 181 5092 4799 293 4565 3035 1530 723 2585 537 807 91
internal_count=10506 1428 9078 8509 569 8487 8314 7481 833 178 7334 657 6677 5545 655 58 565 272 181 5092 4799 293 4565 3035 1530 723 2585 537 807 91
is_linear=0
shrinkage=0.5


Tree=12
num_leaves=31
num_cat=0
split_feature=24 30 10 28 10 7 36 1 18 18 10 30 41 1 12 16 10 12 38 36 1 30 31 18 5 30 36 24 30 38
split_gain=390.912 781.595 605.131 461.615 919.276 1314.93 762.893 703.062 575.773 716.725 564.038 1057.53 528.949 1247.56 4233.95 2159.72 1695.24 1134.27 936.879 992.209 678.215 526.643 524.612 426.761 752.839 519.045 423.867 461.463 508.69 694.986
threshold=2656.3499750000005 91.314998650000021 0.53049999450000007 1.0000000180025095e-35 0.35950000550000005 1.0000000180025095e-35 46.985000600000006 1.0000000180025095e-35 364.50000000000006 573.50000000000011 0.23050000500000004 88.419998200000023 1.0000000180025095e-35 1.0000000180025095e-35 366.12000120000005 241.67000045 0.13950000000000004 370.08999865000004 0.77590000650000013 47.98000145000001 1.0000000180025095e-35 87.404998800000016 135913.10150000002 645.75000000000011 87.360000600000021 90.99499895000001 48.23000145000001 2544.3499750000005 90.404998800000016 0.77525001750000011
decision_type=2 2 2 2 2 2 2 2 2 2 2 2 2 2 2 2 2 2 2 2 2 2 2 2 2 2 2 2 2 2
left_child=3 -2 -3 8 -5 7 -7 -6 22 21 12 -12 20 -14 16 -16 -15 -17 19 -19 -11 -10 -1 24 26 -25 27 28 -13 -30
right_child=1 2 -4 4 5 6 -8 -9 9 10 11 23 13 14 15 17 -18 18 -20 -21 -22 -23 -24 25 -26 -27 -28 -29 29 -31
leaf_value=-0.18666644503430621 -0.46824094648635262 -0.10140384191671938 0.3610754788659245 0.20025498127338823 -0.55631746121465719 -3.0640206641477086 -0.95049547701741433 0.9329500241604235 0.62836061689201039 -0.31143802342009963 -2.8056461325398199 -0.2704521229052585 0.052406273479632073 -0.30693110028902687 -8.0677921943366524 0.13532461610532576 4.7644032136752053 -7.1196247183758281 -0.83033707399259915 -2.4752999487454477 0.60826773925884747 2.8028654500498265 -3.0926900386810301 -1.8268528455210959 1.0133919733862606 0.15999815087069316 0.78305471025158035 -0.79770384760658175 1.2644956962681038 -0.38334685098859911
leaf_weight=41 1119 3093 917 746 271 69 112 112 79 381 27 253 397 45 20 31 26 23 22 23 423 43 25 34 498 990 269 132 188 97
leaf_count=41 1119 3093 917 746 271 69 112 112 79 381 27 253 397 45 20 31 26 23 22 23 423 43 25 34 498 990 269 132 188 97
internal_value=0 -0.0987517 0.00435514 0.094197 -0.163935 -0.645646 -1.7562 -0.120814 0.177342 0.201505 0.163975 0.306537 -0.0910167 -0.451863 -1.50552 -3.32867 1.55018 -2.37127 -3.51398 -4.79746 0.172437 1.39478 -1.28743 0.340681 0.516444 0.0940285 0.252887 0.0400287 0.245569 0.703651
internal_weight=0 5129 4010 5377 1310 564 181 383 4067 4001 3879 2488 1391 587 190 119 71 99 68 46 804 122 66 2461 1437 1024 939 670 538 285
internal_count=10506 5129 4010 5377 1310 564 181 383 4067 4001 3879 2488 1391 587 190 119 71 99 68 46 804 122 66 2461 1437 1024 939 670 538 285
is_linear=0
shrinkage=0.5


Tree=13
num_leaves=31
num_cat=0
split_feature=18 5 18 5 10 5 18 10 31 5 24 1 16 30 16 2 40 30 18 16 18 12 18 24 5 18 38 30 10 5
split_gain=374.299 841.724 688.307 652.149 664.45 513.864 529.319 589.433 501.15 712.411 588.676 563.041 623.64 496.288 494.589 480.047 465.655 444.058 461.903 455.267 442.958 421.404 625.226 459.231 412.654 747.967 681.851 477.693 410.467 481.032
threshold=635.95001200000013 88.905002600000017 666.75000000000011 88.560001400000019 0.27950000750000009 89.784999850000005 710.20001200000013 0.28949999850000002 130533.70300000001 15.815000050000002 2736.3499750000005 1.0000000180025095e-35 236.87999955000001 93.404998800000016 274.77500000000003 1.0000000180025095e-35 1.0000000180025095e-35 94.654998800000016 687.20001200000013 247.77500000000001 697.20001200000013 360.80999985000005 620.0499880000001 2893.7500000000005 84.99499895000001 601.20001200000013 0.76049998400000007 91.904998800000016 0.42049999550000006 89.755001050000018
decision_type=2 2 2 2 2 2 2 2 2 2 2 2 2 2 2 2 2 2 2 2 2 2 2 2 2 2 2 2 2 2
left_child=3 14 13 8 -5 -4 7 -7 10 -10 15 12 16 28 -2 24 -11 18 19 -9 -19 22 -13 -24 26 -26 -1 -27 -3 -30
right_child=1 2 5 4 -6 6 -8 17 9 11 -12 21 -14 -15 -16 -17 -18 20 -20 -21 -22 -23 23 -25 25 27 -28 -29 29 -31
leaf_value=0.33364744838156285 -0.31502184041016479 0.034811474133904514 -0.55465838247443999 3.0003891678956838 0.29198454430809728 -0.33454880764058559 -0.96504880037779606 -0.40125652653751548 -2.4192083410241385 -1.2088619778786476 -0.58236536495222924 1.1437048744245442 0.49344047988903383 1.2156561823507568 1.919624397456646 -1.4615591649711133 0.50672158409478296 2.43147025472588 -0.27199927568640919 0.62111723621179005 0.49918076436666919 1.3568608797468509 -1.2396359777590935 1.481442779302597 0.97585848171125955 0.016507056083766094 -0.86852450269104098 1.1016119223139766 0.35569294633773657 1.5752646456490838
leaf_weight=218 2589 851 482 39 54 545 126 135 22 120 396 113 370 146 25 50 59 45 363 563 87 226 69 20 270 1666 257 108 390 102
leaf_count=218 2589 851 482 39 54 545 126 135 22 120 396 113 370 146 25 50 59 45 363 563 87 226 69 20 270 1666 257 108 390 102
internal_value=0 -0.0748543 0.0742805 0.118988 1.42777 -0.0944766 0.0245189 0.0962597 0.0882828 0.394561 -0.0149119 0.457921 0.12278 0.340166 -0.29365 0.0725586 -0.64339 0.293067 0.18547 0.42338 1.15792 0.887811 0.363033 -0.628158 0.10301 0.200566 -0.316791 0.0825676 0.24499 0.608531
internal_weight=0 6449 3835 4057 93 2346 1864 1738 3964 999 2965 977 549 1489 2614 2569 179 1193 1061 698 132 428 202 89 2519 2044 475 1774 1343 492
internal_count=10506 6449 3835 4057 93 2346 1864 1738 3964 999 2965 977 549 1489 2614 2569 179 1193 1061 698 132 428 202 89 2519 2044 475 1774 1343 492
is_linear=0
shrinkage=0.5


Tree=14
num_leaves=31
num_cat=0
split_feature=40 10 38 30 18 33 18 15 5 5 38 24 18 5 18 38 1 30 15 5 18 38 5 38 18 38 16 15 10 18
split_gain=434.277 443.803 391.19 441.174 491.695 467.872 431.668 418.625 502.687 359.656 486.74 402.427 385.19 444.629 401.044 361.624 338.149 379.064 336.87 317.349 314.558 428.283 354.333 329.136 321.627 516.189 410.157 797.805 411.397 447.311
threshold=1.0000000180025095e-35 0.94249999550000008 0.77390000200000009 92.845001200000013 652.0499880000001 1.0000000180025095e-35 648.95001200000013 37048.050800000005 89.625000000000014 83.895000500000023 0.76675000750000011 2831.6500250000004 602.0499880000001 86.110000600000021 618.95001200000013 0.7610999945000001 1.0000000180025095e-35 90.465000150000023 34046.349600000009 89.670002000000025 585.0499880000001 0.78125000000000011 85.864997900000006 0.77509999250000006 618.0499880000001 0.77404999750000003 244.17000045 35003.050800000005 0.29549999550000006 606.95001200000013
decision_type=2 2 2 2 2 2 2 2 2 2 2 2 2 2 2 2 2 2 2 2 2 2 2 2 2 2 2 2 2 2
left_child=2 16 3 4 7 6 -5 8 9 10 11 -1 -11 14 -14 18 17 -2 -15 -6 21 23 -22 -4 25 -24 28 -28 29 -27
right_child=1 -3 20 5 19 -7 -8 -9 -10 12 -12 -13 13 15 -16 -17 -18 -19 -20 -21 22 -23 24 -25 -26 26 27 -29 -30 -31
leaf_value=-0.049910353479582233 0.87257671146056592 -1.8318307530879974 -0.10562956556677819 2.5027819982281438 -0.82094603909217934 -0.73301047985441981 0.46525018654742351 0.62868263423191983 -2.4392892959572019 0.66198291930716158 -2.2841923381475842 -2.2070948158701262 -0.23819543893808837 -0.84706418216228485 -1.716971016699268 0.019634494577379275 0.54127172743767604 -0.11246826873647833 1.1116131818093729 0.36841023954707131 -0.70356346003951109 -0.94864665654798352 -1.7430186564883878 2.3785817719995976 -0.15394850169444704 0.62444426733786351 3.6801973546926794 0.2150710166796394 0.65203404918171559 -0.79891716597589435
leaf_weight=218 117 25 20 27 267 80 698 297 21 261 34 24 176 26 62 1158 695 591 141 71 264 24 31 40 4591 87 26 46 237 151
leaf_count=218 117 25 20 27 267 80 698 297 21 261 34 24 176 26 62 1158 695 591 141 71 264 24 31 40 4591 87 26 46 237 151
internal_value=0 0.25631 -0.0403184 0.0888732 -0.00624151 0.414508 0.541131 0.0727187 -0.00513195 0.0192096 -0.512729 -0.263846 0.0997004 0.00580674 -0.623423 0.118831 0.293519 0.0503146 0.806669 -0.571111 -0.123706 0.836466 -0.138552 1.55051 -0.109694 0.241812 0.354297 1.46637 0.185731 -0.278613
internal_weight=0 1428 9078 3561 2756 805 725 2418 2121 2100 276 242 1824 1563 238 1325 1403 708 167 338 5517 84 5433 60 5169 578 547 72 475 238
internal_count=10506 1428 9078 3561 2756 805 725 2418 2121 2100 276 242 1824 1563 238 1325 1403 708 167 338 5517 84 5433 60 5169 578 547 72 475 238
is_linear=0
shrinkage=0.5


Tree=15
num_leaves=31
num_cat=0
split_feature=16 18 5 30 18 12 18 36 24 18 38 5 38 39 24 5 10 39 38 10 5 41 1 39 1 24 24 30 41 32
split_gain=242.149 241.119 654.703 415.78 640.094 496.403 373.261 368.981 405.115 392.258 360.854 356.842 339.252 335.78 722.239 324.673 340.757 801.278 765.569 749.119 612.21 946.727 1898.58 457.726 513.603 425.812 727.587 420.946 386.251 383.86
threshold=321.02500000000003 676.95001200000013 91.005001050000018 92.284999850000005 652.75000000000011 372.12000120000005 721.50000000000011 46.00499915000001 2399.6500250000004 596.0499880000001 0.73749998250000004 84.735000600000021 0.75609999900000002 1.0000000180025095e-35 2719.6500250000004 89.49499895000001 0.30449999850000004 1.0000000180025095e-35 0.7851000130000001 0.29950000350000006 88.389999400000008 1.0000000180025095e-35 1.0000000180025095e-35 1.0000000180025095e-35 1.0000000180025095e-35 2639.6500250000004 2724.0000000000005 92.24499895000001 1.0000000180025095e-35 -34.004999149999996
decision_type=2 2 2 2 2 2 2 2 2 2 2 2 2 2 2 2 2 2 2 2 2 2 2 2 2 2 2 2 2 2
left_child=1 3 -3 7 5 13 -4 9 10 -1 -9 -11 -6 -5 -15 16 17 -10 19 20 29 -22 -23 24 -18 -20 -27 28 -25 -19
right_child=-2 2 6 4 12 -7 -8 8 15 11 -12 -13 -14 14 -16 -17 23 18 25 -21 21 22 -24 27 -26 26 -28 -29 -30 -31
leaf_value=0.23456296947890101 -1.738132582604885 -0.44794097452742465 0.29701387829207365 0.62084437486529354 -1.8519834791836531 0.29951635797434079 -1.3377766946481693 -1.4554731704294681 0.072612269738975693 -2.1811832847694554 0.74290599998452567 -0.34227036271532746 0.079957369561248617 0.93424095424707043 3.5584991662166057 0.78127650275928318 -0.51114785649009387 0.29111683325365534 -0.49656737934459338 -3.6085822013291446 0.19981344050217059 0.22062219679355621 -6.1182758681200164 -0.055770584422054896 0.13557627552387411 3.7832580165316663 -0.11007860722020268 -1.1083553753028947 0.65283972473685137 -0.68061296893322609
leaf_weight=327 20 924 620 125 23 428 37 20 1255 27 280 1151 1890 80 39 128 462 129 33 22 31 21 27 274 915 24 24 46 645 479
leaf_count=327 20 924 620 125 23 428 37 20 1255 27 280 1151 1890 80 39 128 462 129 33 22 31 21 27 274 915 24 24 46 645 479
internal_value=0 0.00331515 -0.176627 0.0352621 0.204195 0.623987 0.204948 -0.0338345 0.0337091 -0.249929 0.596347 -0.384419 0.0567296 1.19314 1.79429 -0.00367553 -0.0265782 -0.175705 -0.570183 -0.736551 -0.644579 -1.954 -3.34501 0.103637 -0.0814074 0.886044 1.83659 0.367685 0.441567 -0.47444
internal_weight=0 10486 1581 8905 2585 672 657 6320 4815 1505 300 1178 1913 244 119 4515 4387 2045 790 709 687 79 48 2342 1377 81 48 965 919 608
internal_count=10506 10486 1581 8905 2585 672 657 6320 4815 1505 300 1178 1913 244 119 4515 4387 2045 790 709 687 79 48 2342 1377 81 48 965 919 608
is_linear=0
shrinkage=0.5


Tree=16
num_leaves=31
num_cat=0
split_feature=16 18 18 30 15 15 18 5 2 18 38 15 24 10 15 15 39 18 24 38 36 18 5 38 32 18 10 1 10 30
split_gain=233.316 440.641 317.393 313.931 248.053 316.355 288.104 387.025 473.327 467.648 522.335 393.6 362.121 281.678 261.576 261.717 334.382 261.202 264.702 258.051 254.382 242.106 284 242.506 239.878 292.504 271.727 212.844 292.027 552.6
threshold=232.52500000000001 623.95001200000013 559.0499880000001 87.810001350000007 35991.099600000009 36000.94920000001 603.20001200000013 86.639999400000008 1.0000000180025095e-35 615.0499880000001 0.77809998400000013 37001.050800000005 2559.6500250000004 0.26950000250000006 35004.750000000007 35968.048800000011 1.0000000180025095e-35 637.95001200000013 2273.9000250000004 0.7763500215000001 44.120000850000004 702.50000000000011 92.255001050000018 0.78690001350000005 3.7200000300000005 650.95001200000013 0.34450000550000009 1.0000000180025095e-35 0.42450000350000006 91.505001050000018
decision_type=2 2 2 2 2 2 2 2 2 2 2 2 2 2 2 2 2 2 2 2 2 2 2 2 2 2 2 2 2 2
left_child=1 2 -1 -4 14 27 -7 8 17 10 12 -10 -9 -12 -2 16 -16 18 -8 -17 -11 23 -23 -22 25 -18 -26 -6 29 -29
right_child=4 -3 3 -5 5 6 7 9 11 20 13 -13 -14 -15 15 19 24 -19 -20 -21 21 22 -24 -25 26 -27 -28 28 -30 -31
leaf_value=1.6793752323303903 -0.020894884690532703 -1.9595846389420331 -1.9577850898106892 -0.1708328936956007 0.11579034944770102 0.5714988733331362 0.7683274642522655 2.5773769085510421 -0.58758225023746491 0.57270886468732563 -1.3811233761505439 -3.523858061858586 0.22938718305279812 0.86737850320835908 -0.25218877076459167 0.44885682800123766 -1.2212411809402208 -1.5857287712107577 -0.30913616259002091 -0.42048363165660319 -0.0054146181744392802 -0.994459031239873 0.2710709818031477 0.38938881508555667 -3.1967113384833703 0.58154760921994841 -0.88802395105361942 0.29560344381944131 0.2530837619137129 2.2575881027013942
leaf_weight=21 2548 40 27 274 313 240 67 52 25 207 26 21 24 30 254 155 90 34 382 190 4473 124 69 426 26 30 25 76 169 68
leaf_count=21 2548 40 27 274 313 240 67 52 25 207 26 21 24 30 254 155 90 34 382 190 4473 124 69 426 26 30 25 76 169 68
internal_value=0 -0.394433 -0.200005 -0.331124 0.0140758 0.0685878 0.0343847 0.0127559 -0.395496 0.0525212 0.982129 -1.92806 1.83591 -0.176569 -0.0980698 -0.353449 -0.616085 -0.249538 -0.148357 -0.0299104 0.0293644 0.00727632 -0.542016 0.0289161 -1.15661 -0.770544 -2.065 0.407341 0.698891 1.2221
internal_weight=0 362 322 301 10144 6826 6200 5960 529 5431 132 46 76 56 3318 770 425 483 449 345 5299 5092 193 4899 171 120 51 626 313 144
internal_count=10506 362 322 301 10144 6826 6200 5960 529 5431 132 46 76 56 3318 770 425 483 449 345 5299 5092 193 4899 171 120 51 626 313 144
is_linear=0
shrinkage=0.5


Tree=17
num_leaves=31
num_cat=0
split_feature=40 18 5 16 5 18 33 31 10 15 15 41 32 32 39 18 18 25 5 30 18 12 18 24 18 1 32 10 10 38
split_gain=207.849 255.957 512.858 431.98 784.514 411.961 402.69 924.757 514.626 272.303 273.272 367.942 399.374 381.795 447.902 338.583 256.477 267.238 306.161 251.289 470.564 242.301 519.135 498.919 694.704 693.353 420.072 844.309 390.014 382.721
threshold=1.0000000180025095e-35 640.95001200000013 87.465000150000023 263.77500000000003 87.560001400000019 627.95001200000013 1.0000000180025095e-35 144608.10150000002 0.29950000350000006 37016.650400000006 38007.050800000005 1.0000000180025095e-35 3.4900000100000006 -24.850000349999998 1.0000000180025095e-35 665.95001200000013 613.0499880000001 1.0000000180025095e-35 88.229999550000016 92.845001200000013 664.75000000000011 374.37000100000006 667.0499880000001 2752.3499750000005 660.0499880000001 1.0000000180025095e-35 -35.505001049999997 0.33949999550000004 0.16749999700000004 0.78589999650000009
decision_type=2 2 2 2 2 2 2 2 2 2 2 2 2 2 2 2 2 2 2 2 2 2 2 2 2 2 2 2 2 2
left_child=1 2 5 4 -3 -1 9 -8 -9 19 -11 -12 13 15 -15 -13 -4 -18 -19 20 -6 22 26 -23 25 -25 27 -21 -28 -26
right_child=-2 3 16 -5 6 -7 7 8 -10 10 11 12 -14 14 -16 -17 17 18 -20 21 -22 23 -24 24 29 -27 28 -29 -30 -31
leaf_value=0.01844834430248812 0.17731926851669955 -1.2714169844150029 1.5681713233009362 1.1520424802134286 -0.18590380137528359 -0.5051740488655283 -0.11702298640300789 -4.1767288857982274 -1.334926201030612 0.30254601824915556 0.38495493586920698 1.2159639599919319 0.38287576691049047 -0.75435459527165394 -3.1272108736070425 -1.3156138564060842 0.22253339224542806 0.46305183517305476 2.8419155393327986 4.0909149152040483 -1.1436253717572955 0.23513998463219218 -0.12103480973768972 -0.46278290808200834 -0.11593480487509321 -4.1866323924064632 -0.85205703926253684 0.18553016503011027 0.70585893301268199 -1.5852684120719249
leaf_weight=2470 1428 145 39 67 1244 443 239 21 66 861 141 25 61 43 37 28 1344 38 21 25 143 351 521 25 300 25 49 31 223 52
leaf_count=2470 1428 145 39 67 1244 443 239 21 66 861 141 25 61 43 37 28 1344 38 21 25 143 351 521 25 300 25 49 31 223 52
internal_value=0 -0.0278929 0.0595396 -0.108513 -0.126652 -0.0611825 -0.0898555 -0.625107 -2.02088 -0.0481609 0.153465 -0.229696 -0.676426 -1.16227 -1.8518 -0.121473 0.303412 0.268255 1.30977 -0.128838 -0.284645 0.00605822 0.189188 -0.200419 -0.580721 -2.32471 0.681951 1.92901 0.425205 -0.332995
internal_weight=0 9078 4355 4723 4656 2913 4511 326 87 4185 1196 335 194 133 80 53 1442 1403 59 2989 1387 1602 849 753 402 50 328 56 272 352
internal_count=10506 9078 4355 4723 4656 2913 4511 326 87 4185 1196 335 194 133 80 53 1442 1403 59 2989 1387 1602 849 753 402 50 328 56 272 352
is_linear=0
shrinkage=0.5


Tree=18
num_leaves=31
num_cat=0
split_feature=31 7 17 7 36 28 18 12 10 30 18 30 12 10 2 37 2 36 24 30 18 12 1 24 18 1 12 36 24 38
split_gain=191.755 1415.51 552.032 531.209 685.169 940.17 598.064 940.225 400.023 385.288 1113.89 440.131 379.566 376.885 634.878 564.255 516.267 396.897 354.66 339.453 560.912 282.353 647.479 588.403 777.15 1297.88 2374.55 587.286 796.33 540.628
threshold=109203.70300000001 1.0000000180025095e-35 1.0000000180025095e-35 1.0000000180025095e-35 48.519998550000004 1.0000000180025095e-35 649.95001200000013 366.37000120000005 0.54950001850000019 91.99499895000001 647.75000000000011 90.715000150000023 365.18499985 0.52949997750000011 1.0000000180025095e-35 1.0000000180025095e-35 1.0000000180025095e-35 50.014999400000008 2975.6500250000004 93.125000000000014 652.75000000000011 372.27500000000003 1.0000000180025095e-35 2687.6500250000004 645.75000000000011 1.0000000180025095e-35 375.08999850000004 49.389999350000004 2570.2500000000005 0.78290000550000005
decision_type=2 2 2 2 2 2 2 2 2 2 2 2 2 2 2 2 2 2 2 2 2 2 2 2 2 2 2 2 2 2
left_child=3 2 13 21 5 8 7 -6 12 10 11 -3 -5 14 -2 19 -15 -18 -4 20 -16 22 -1 -23 25 -25 -27 28 -24 -29
right_child=1 9 18 4 6 -7 -8 -9 -10 -11 -12 -13 -14 16 15 -17 17 -19 -20 -21 -22 23 27 24 -26 26 -28 29 -30 -31
leaf_value=-0.1058324699475934 0.16339724692103996 0.22437104066254712 -0.32422185130610409 -0.82414369374656904 -0.38141191650954503 -1.2928527831049779 -0.50704387766257908 0.92237094826855692 -0.96435009815583106 1.1155175623138036 -1.3265620025371512 1.6085432138931643 0.45014656337213904 -0.064198548832402766 -0.66051113864248789 0.16052125033526543 0.92374551137221383 -0.77715070349605464 -1.5056797189008393 -0.17484633281742487 -2.2622709249315616 0.11856064239148333 0.081313437456472973 -0.15763571734229723 -0.15852354368637445 -0.40958827737956605 -5.7249075978210096 -1.2115412426872119 0.91793656898630227 1.4957999703676805
leaf_weight=1308 1424 119 603 78 258 325 364 298 114 350 75 111 233 374 318 334 352 38 71 237 66 1069 560 105 543 47 38 93 578 23
leaf_count=1308 1424 119 603 78 258 325 364 298 114 350 75 111 233 374 318 334 352 38 71 237 66 1069 560 105 543 47 38 93 578 23
internal_value=0 0.078465 -0.0380644 -0.0581531 -0.297972 -0.652683 -0.0088062 0.317378 -0.163141 0.757538 0.346742 0.892385 0.13055 0.0499896 -0.0481291 -0.363536 0.355519 0.758017 -0.448678 -0.645396 -0.935814 0.0336201 0.140283 -0.118028 -0.463066 -1.33342 -2.78585 0.396996 0.506242 -0.674741
internal_weight=0 4472 3817 6034 1670 750 920 556 425 655 305 230 311 3143 2379 955 764 390 674 621 384 4364 2562 1802 733 190 85 1254 1138 116
internal_count=10506 4472 3817 6034 1670 750 920 556 425 655 305 230 311 3143 2379 955 764 390 674 621 384 4364 2562 1802 733 190 85 1254 1138 116
is_linear=0
shrinkage=0.5


Tree=19
num_leaves=31
num_cat=0
split_feature=5 18 10 39 12 5 18 5 25 24 30 5 2 18 38 18 12 5 15 10 24 16 36 41 40 12 31 10 31 10
split_gain=176.708 423.304 274.697 290.603 348.787 273.027 530.265 367.486 566.723 449.446 427.434 432.409 421.769 377.986 343.772 328.78 313.552 302.076 301.331 287.114 284.724 268.814 310.155 307.432 308.094 292.791 289.559 265.6 282.99 262.121
threshold=91.395000500000023 689.20001200000013 0.10749999800000001 1.0000000180025095e-35 374.37000100000006 89.755001050000018 659.0499880000001 88.670002000000025 1.0000000180025095e-35 2896.3499750000005 93.154998800000016 89.639999400000008 1.0000000180025095e-35 649.95001200000013 0.77439999550000016 636.75000000000011 360.9999985 87.74499895000001 34005.150400000006 0.54950001850000019 2509.7500000000005 246.87999955000001 46.00499915000001 1.0000000180025095e-35 1.0000000180025095e-35 370.08999865000004 154535.60150000002 0.29950000350000006 131885.00000000003 0.26700000500000004
decision_type=2 2 2 2 2 2 2 2 2 2 2 2 2 2 2 2 2 2 2 2 2 2 2 2 2 2 2 2 2 2
left_child=1 5 -3 -4 -5 6 7 15 9 10 11 13 14 -9 -11 17 -8 -1 -19 -10 -15 22 -17 24 -24 -26 -23 -25 -29 -22
right_child=-2 2 3 4 -6 -7 16 8 19 12 -12 -13 -14 20 -16 21 -18 18 -20 -21 29 26 23 27 25 -27 -28 28 -30 -31
leaf_value=-0.011573056505241694 0.32056408349519594 0.95415452533754808 -0.42965802941727371 -3.2730726429394315 -0.81384280275391496 0.20792055807777465 -1.7662538411850865 0.60746274521582377 0.88877102692744558 -2.0113892966792699 1.5459142663713656 -1.5483520374153599 -2.1491133616689373 1.2674027262194278 0.2046961259174471 -1.0202731379894303 -0.28799473253828328 1.8493215259004501 0.27824309267100145 3.0289002525806428 -0.80162595128033143 0.10512042204322725 -0.79170216292029982 -0.75985486853263673 0.71029782172565048 -0.67664428099884955 -1.1781644249691607 0.74885677113197746 -0.23609993041062088 0.093574360998630424
leaf_weight=3394 413 29 291 21 46 1444 37 466 42 21 66 33 34 38 105 158 1176 32 660 25 115 679 330 74 82 71 47 160 134 283
leaf_count=3394 413 29 291 21 46 1444 37 466 42 21 66 33 34 38 105 158 1176 32 660 25 115 679 330 74 82 71 47 160 134 283
internal_value=0 -0.0131173 -0.525921 -0.645815 -1.58465 0.00732931 -0.0277292 0.0248169 0.273374 0.191776 0.316152 0.229345 -0.58635 0.294383 -0.164651 -0.0276188 -0.333086 0.0498139 0.350894 1.68733 -0.0402388 -0.209976 -0.376919 -0.257472 -0.519791 0.0666842 0.0220428 0.0868218 0.299931 -0.165089
internal_weight=0 10093 387 358 67 9706 8262 7049 1228 1161 1001 935 160 902 126 5821 1213 4086 692 67 436 1735 1009 851 483 153 726 368 294 398
internal_count=10506 10093 387 358 67 9706 8262 7049 1228 1161 1001 935 160 902 126 5821 1213 4086 692 67 436 1735 1009 851 483 153 726 368 294 398
is_linear=0
shrinkage=0.5


end of trees

feature_importances:
Column_18=125
Column_30=76
Column_10=64
Column_5=55
Column_1=32
Column_12=29
Column_15=26
Column_38=25
Column_24=22
Column_36=21
Column_16=16
Column_41=15
Column_39=13
Column_31=12
Column_40=11
Column_2=10
Column_11=9
Column_32=9
Column_25=7
Column_7=6
Column_33=6
Column_9=4
Column_37=3
Column_17=2
Column_28=2

parameters:
[boosting: gbdt]
[objective: regression]
[metric: rmse,l2]
[tree_learner: serial]
[device_type: cpu]
[data: ]
[valid: ]
[num_iterations: 20]
[learning_rate: 0.5]
[num_leaves: 31]
[num_threads: -1]
[deterministic: 0]
[force_col_wise: 0]
[force_row_wise: 0]
[histogram_pool_size: -1]
[max_depth: 20]
[min_data_in_leaf: 20]
[min_sum_hessian_in_leaf: 0.001]
[bagging_fraction: 1]
[pos_bagging_fraction: 1]
[neg_bagging_fraction: 1]
[bagging_freq: 0]
[bagging_seed: 3]
[feature_fraction: 1]
[feature_fraction_bynode: 1]
[feature_fraction_seed: 2]
[extra_trees: 0]
[extra_seed: 6]
[early_stopping_round: 1000]
[first_metric_only: 0]
[max_delta_step: 0]
[lambda_l1: 0]
[lambda_l2: 0]
[linear_lambda: 0]
[min_gain_to_split: 0]
[drop_rate: 0.1]
[max_drop: 50]
[skip_drop: 0.5]
[xgboost_dart_mode: 0]
[uniform_drop: 0]
[drop_seed: 4]
[top_rate: 0.2]
[other_rate: 0.1]
[min_data_per_group: 100]
[max_cat_threshold: 32]
[cat_l2: 10]
[cat_smooth: 10]
[max_cat_to_onehot: 4]
[top_k: 20]
[monotone_constraints: ]
[monotone_constraints_method: basic]
[monotone_penalty: 0]
[feature_contri: ]
[forcedsplits_filename: ]
[refit_decay_rate: 0.9]
[cegb_tradeoff: 1]
[cegb_penalty_split: 0]
[cegb_penalty_feature_lazy: ]
[cegb_penalty_feature_coupled: ]
[path_smooth: 0]
[interaction_constraints: ]
[verbosity: -1]
[saved_feature_importance_type: 0]
[linear_tree: 0]
[max_bin: 255]
[max_bin_by_feature: ]
[min_data_in_bin: 3]
[bin_construct_sample_cnt: 200000]
[data_random_seed: 1]
[is_enable_sparse: 1]
[enable_bundle: 1]
[use_missing: 1]
[zero_as_missing: 0]
[feature_pre_filter: 1]
[pre_partition: 0]
[two_round: 0]
[header: 0]
[label_column: ]
[weight_column: ]
[group_column: ]
[ignore_column: ]
[categorical_feature: ]
[forcedbins_filename: ]
[precise_float_parser: 0]
[objective_seed: 5]
[num_class: 1]
[is_unbalance: 0]
[scale_pos_weight: 1]
[sigmoid: 1]
[boost_from_average: 1]
[reg_sqrt: 0]
[alpha: 0.9]
[fair_c: 1]
[poisson_max_delta_step: 0.7]
[tweedie_variance_power: 1.5]
[lambdarank_truncation_level: 30]
[lambdarank_norm: 1]
[label_gain: ]
[eval_at: ]
[multi_error_top_k: 1]
[auc_mu_weights: ]
[num_machines: 1]
[local_listen_port: 12400]
[time_out: 120]
[machine_list_filename: ]
[machines: ]
[gpu_platform_id: -1]
[gpu_device_id: -1]
[gpu_use_dp: 0]
[num_gpu: 1]

end of parameters

pandas_categorical:null
