tree
version=v3
num_class=1
num_tree_per_iteration=1
label_index=0
max_feature_idx=38
objective=regression
feature_names=Column_0 Column_1 Column_2 Column_3 Column_4 Column_5 Column_6 Column_7 Column_8 Column_9 Column_10 Column_11 Column_12 Column_13 Column_14 Column_15 Column_16 Column_17 Column_18 Column_19 Column_20 Column_21 Column_22 Column_23 Column_24 Column_25 Column_26 Column_27 Column_28 Column_29 Column_30 Column_31 Column_32 Column_33 Column_34 Column_35 Column_36 Column_37 Column_38
feature_infos=[0:154] [0:1] none [0:62.953098300000001] none [0:1] none [64.781196600000001:94.6875] [0:1] [0:58.828098300000001] [0:4.0039000500000004] [332.71769939999996:375.18399699999998] none none [17997:39005] none [224.35000079999998:274.75000001999996] [497.625:918.875] [0:1] [-39.611112833333337:223.24444222222223] [0.0410160013:3.4316399099999999] [0:102.875] [1035.75:2512.5] [0:306.39999399999999] [43.3125:72.406196600000001] [0:1] [-4:6.6875] none [75.781196600000001:89.5] [0:1] none [0:475.875] [223.16570129999997:273.93124999999998] none [64.158698999999999:87.460296600000007] none [0.555999994:0.79299998299999996] none none
tree_sizes=2854 2853 2894 2887 2880 2929 2938 2861 2907 2873 2892 2910 2927 2907 2909 2880 2877 2883

Tree=0
num_leaves=31
num_cat=0
split_feature=1 3 3 20 34 34 26 20 20 34 3 26 21 9 20 26 9 20 20 34 3 20 9 11 20 34 9 7 34 21
split_gain=29.5562 21.7872 20.9296 12.8935 9.54236 8.18048 7.69058 7.51642 6.09979 4.46316 4.24114 3.22934 3.78877 2.37194 2.35594 2.15163 2.05427 3.44457 1.84833 2.27146 1.74152 1.72167 1.9495 1.72157 1.59511 1.52775 1.7223 1.47784 1.47246 1.44389
threshold=1.0000000180025095e-35 42.179649350000012 42.179649350000012 2.1269450200000004 75.047550200000003 78.730152150000023 -2.4062499999999996 0.42089800550000006 0.97558552050000003 72.761852250000018 30.605400100000004 -3.4062499999999996 94.445301050000012 30.339799900000003 1.2675750250000002 -3.5937499999999996 31.035100000000003 1.7685500400000003 1.8271400350000002 74.603153250000005 30.019499800000002 0.76562449350000017 31.035100000000003 361.04370345000001 1.5419849750000003 76.761852250000018 31.035100000000003 84.788997650000013 72.190448750000016 93.632801050000012
decision_type=2 2 2 2 2 2 2 2 2 2 2 2 2 2 2 2 2 2 2 2 2 2 2 2 2 2 2 2 2 2
left_child=1 6 3 5 29 7 9 -2 10 13 -8 -11 -13 -1 20 -9 -10 27 25 -20 -7 -14 -23 -6 -24 26 -17 -18 -19 -5
right_child=2 -3 -4 4 23 14 8 15 16 11 -12 12 21 -15 -16 18 17 28 19 -21 -22 22 24 -25 -26 -27 -28 -29 -30 -31
leaf_value=0.0099616499811327995 -0.07565102756981551 0.12696648992359602 -0.12894361413557492 -0.12205727121734845 -0.010186686008955202 -0.022432028561017212 0.0012624140162443721 0.117120510742642 0.0035914665270365747 0.095422586289163391 0.046747541778971148 0.083083487478990234 0.044420661094803054 0.12485841062251271 -0.0087157726875855338 0.00053777624832628879 -0.027420930540929974 0.055657592609180115 -0.088450626724993597 -0.0021388409201076024 -0.0807673856653639 0.019933300420463252 -0.060613219926472443 0.14525064220914383 0.020911539615733679 -0.0131522436124973 0.024978912790957951 -0.068593857109695247 -0.0089444546655482356 -0.19430244244262751
leaf_weight=56 326 466 453 158 79 166 1030 41 995 174 1020 203 224 227 224 1772 562 131 121 206 558 322 204 23 85 887 1215 356 270 123
leaf_count=56 326 466 453 158 79 166 1030 41 995 174 1020 203 224 227 224 1772 562 131 121 206 558 322 204 23 85 887 1215 356 270 123
internal_value=-0.00128192 0.0229123 -0.0253733 -0.0174198 -0.106131 -0.0112602 0.0146362 -0.00248843 0.00403356 0.0455862 0.023894 0.032385 0.021818 0.102123 -0.0535277 0.00313416 -0.0135611 -0.0265003 0.0020217 -0.0340768 -0.0673922 0.00692351 -0.00682339 0.0248629 -0.0366353 0.00506873 0.0104795 -0.0433878 0.01216 -0.153681
internal_weight=0 6325 6352 5899 383 5516 5859 4568 4364 1495 2050 1212 1038 283 948 4242 2314 1319 4201 327 724 835 611 102 289 3874 2987 918 401 281
internal_count=12677 6325 6352 5899 383 5516 5859 4568 4364 1495 2050 1212 1038 283 948 4242 2314 1319 4201 327 724 835 611 102 289 3874 2987 918 401 281
is_linear=0
shrinkage=1


Tree=1
num_leaves=31
num_cat=0
split_feature=1 3 3 20 34 26 21 26 21 26 34 20 21 26 21 26 34 21 26 10 26 26 21 26 21 26 21 26 3 3
split_gain=7.38906 5.45919 5.2324 3.31124 3.34374 2.78384 3.46119 2.37646 3.52878 3.34344 2.36724 2.54808 2.03842 1.97173 1.62864 2.06552 1.67067 1.26152 1.95785 1.19411 1.81204 1.05208 0.956822 1.30023 0.865091 1.81741 0.863992 1.12892 0.928471 0.821494
threshold=1.0000000180025095e-35 46.210899350000012 42.179649350000012 2.0644450200000004 73.968250250000011 -1.7187499999999998 92.507801050000012 -2.0937499999999996 93.570301050000012 -2.5312499999999996 79.619003300000017 0.39257749900000005 94.99214935000002 -2.8437499999999996 96.08589935000002 -3.4687499999999996 74.285648350000017 91.96089935000002 -1.4687499999999998 1.0703050500000002 -3.7187499999999996 -3.3437499999999996 93.02339935000002 -1.9062499999999998 97.945301050000012 -3.1562499999999996 93.882801050000012 -2.2812499999999996 31.816399550000003 32.285100950000007
decision_type=2 2 2 2 2 2 2 2 2 2 2 2 2 2 2 2 2 2 2 2 2 2 2 2 2 2 2 2 2 2
left_child=1 5 3 10 -5 6 -1 8 -8 12 11 -2 -10 14 -14 16 -16 18 -7 20 -13 -12 23 -9 25 -17 27 -11 -28 -18
right_child=2 -3 -4 4 -6 17 7 22 9 26 21 19 13 -15 15 24 29 -19 -20 -21 -22 -23 -24 -25 -26 -27 28 -29 -30 -31
leaf_value=0.071324359607152485 -0.046234329318891536 0.065493589110693404 -0.063830846672873559 -0.083897647563872968 0.0057562918911918089 0.048344026763443251 0.068973855989659494 0.0429391456919338 0.067246016197784156 0.055826698025935387 0.038393836202094855 0.1389567306637764 0.079903198821491314 -0.024612949323660184 0.13653097265133901 0.077226800337919718 0.059446991538416226 -0.027385594762161996 -0.0035279771993277408 -0.020735744246111781 0.0039269317876442162 -0.040288319621317209 -0.029862040083796556 -0.020849739178534062 -0.022351656806194022 -0.010671166765954962 -0.01128901824425132 -0.021413654606691455 -0.058096677134193614 -0.031329074226151638
leaf_weight=278 293 445 453 273 168 200 326 143 260 83 46 25 132 217 56 92 81 469 2011 518 4020 556 372 181 209 163 296 110 165 36
leaf_count=278 293 445 453 273 168 200 326 143 260 83 46 25 132 217 56 92 81 469 2011 518 4020 556 372 181 209 163 296 110 165 36
internal_value=0 0.0120971 -0.0120457 -0.00806896 -0.0497438 0.00805604 0.0180123 0.0129402 0.0209134 0.0126673 -0.00470168 -0.00103534 0.027863 0.017478 0.0293554 0.0188808 0.0655092 -0.00383202 0.0011642 0.00186699 0.00476148 -0.0342761 -0.0125606 0.007304 0.00149562 0.021041 -0.0162835 0.0118037 -0.0280423 0.0315159
internal_weight=0 6325 6352 5899 441 5880 3200 2922 2226 1900 5458 4856 1246 986 769 637 173 2680 2211 4563 4045 602 696 324 464 255 654 193 461 117
internal_count=12677 6325 6352 5899 441 5880 3200 2922 2226 1900 5458 4856 1246 986 769 637 173 2680 2211 4563 4045 602 696 324 464 255 654 193 461 117
is_linear=0
shrinkage=0.5


Tree=2
num_leaves=31
num_cat=0
split_feature=34 1 20 3 3 26 21 26 34 3 21 26 9 9 11 10 9 20 26 26 26 34 21 26 0 9 34 9 3 11
split_gain=1.90005 1.80692 2.55026 2.68113 1.79694 1.72079 1.66577 1.56994 2.04528 1.57693 1.38732 2.47247 1.40389 1.23788 1.08762 0.948193 1.44172 1.65355 0.940871 0.757359 0.74925 0.741343 0.732127 2.2659 0.682147 0.655385 0.651705 0.612693 0.593646 0.588117
threshold=78.285648350000017 1.0000000180025095e-35 0.83691352600000013 31.324199650000004 37.324199700000008 -3.7812499999999996 96.820301050000012 -2.6562499999999996 73.015850050000012 30.331999800000002 94.070301050000012 -2.3437499999999996 31.355400100000004 29.706999800000002 355.44179765000007 0.65624949350000017 31.066399550000003 1.6337800050000002 -2.6562499999999996 -0.84374999999999989 -2.2812499999999996 72.761852250000018 93.163997650000013 -2.0937499999999996 119.71849800000001 31.394499800000002 72.444396950000012 32.816400550000004 24.706999800000002 353.63469925000004
decision_type=2 2 2 2 2 2 2 2 2 2 2 2 2 2 2 2 2 2 2 2 2 2 2 2 2 2 2 2 2 2
left_child=1 2 3 27 6 -2 7 8 -3 -10 11 21 -12 -7 20 -4 -17 24 -8 -5 -15 -9 23 26 -18 -24 -13 -1 -25 -30
right_child=5 4 15 19 -6 13 18 10 9 -11 12 22 -14 14 -16 16 17 -19 -20 -21 -22 -23 25 28 -26 -27 -28 -29 29 -31
leaf_value=0.0004162303579456246 0.081352237810162792 -0.033605375711987212 0.011313153803183216 0.040738104230707936 -0.032146929394379367 0.001862159684443465 -0.025385437606931818 -0.0086440394996948871 -0.0038262121764137962 0.093630772510576721 -0.0090827126838252826 -0.0083260418614372611 -0.070041937196175713 0.013104435532276547 -0.038293288639007307 0.0070337538273681846 -0.023517064573756939 0.0098618504320498439 -0.10665648012626462 0.011880232050726322 -0.020878672448829447 0.090912154067773365 -0.0044716143655531664 0.036319197274067183 -0.05706555871707495 -0.041929914979680856 0.086641689509471487 0.044611121512605767 0.0089968035174703594 -0.006541489359746991
leaf_weight=1181 47 72 911 1140 507 705 271 23 59 140 332 22 132 229 679 798 417 286 41 284 556 100 347 110 238 176 101 84 932 1757
leaf_count=1181 47 72 911 1140 507 705 271 23 59 140 332 22 132 229 679 798 417 286 41 284 556 100 347 110 238 176 101 84 932 1757
internal_value=0 0.00281736 0.00925376 0.020102 -0.00389173 -0.0132998 -0.000787634 0.00177026 0.0386088 0.0647365 -0.000705738 0.00263886 -0.0264246 -0.0153508 -0.0236399 -0.00175416 -0.00859965 -0.0218573 -0.0360653 0.0349827 -0.0109651 0.072296 0.000151831 0.00323558 -0.0357072 -0.0170771 0.0696556 0.00335091 0.000316804 -0.00115596
internal_weight=0 10461 5339 2689 5122 2216 4615 4303 271 199 4032 3568 464 2169 1464 2650 1739 941 312 1424 785 123 3445 2922 655 523 123 1265 2799 2689
internal_count=12677 10461 5339 2689 5122 2216 4615 4303 271 199 4032 3568 464 2169 1464 2650 1739 941 312 1424 785 123 3445 2922 655 523 123 1265 2799 2689
is_linear=0
shrinkage=0.5


Tree=3
num_leaves=31
num_cat=0
split_feature=26 21 21 26 26 21 26 21 9 26 21 9 21 26 21 26 3 21 26 3 21 21 21 9 26 21 21 26 26 26
split_gain=0.941069 3.0574 1.66337 3.26239 1.33372 2.37579 1.27643 1.95099 1.21221 0.966555 0.724086 1.124 0.643659 1.88856 0.977392 1.73563 0.740867 0.688049 1.24815 0.645693 0.621502 0.610182 0.610016 1.52152 1.38492 0.615313 0.602327 0.586987 0.522524 0.48953
threshold=-2.2187499999999996 93.757801050000012 92.757801050000012 -1.8437499999999998 -2.6562499999999996 95.515598300000008 -3.2812499999999996 98.42964935000002 31.160100000000003 -3.8437499999999996 94.445301050000012 30.667900100000004 92.30464935000002 -1.5937499999999998 91.49214935000002 -1.2812499999999998 30.933549900000003 90.83589935000002 -1.0312499999999998 30.878899550000003 92.36714935000002 91.80464935000002 97.08589935000002 31.519499800000002 -3.0937499999999996 98.21089935000002 101.13249950000001 -2.7187499999999996 -2.4687499999999996 -2.0312499999999996
decision_type=2 2 2 2 2 2 2 2 2 2 2 2 2 2 2 2 2 2 2 2 2 2 2 2 2 2 2 2 2 2
left_child=1 -1 3 20 5 27 7 -7 -4 -9 28 -12 13 21 15 -15 -16 18 -17 -14 -2 -5 24 -24 -8 -25 -11 -3 -6 -10
right_child=2 4 8 12 10 6 22 9 29 26 11 -13 19 14 16 17 -18 -19 -20 -21 -22 -23 23 25 -26 -27 -28 -29 -30 -31
leaf_value=0.041469898384247528 0.068228237643118264 0.05255338163906853 -0.0056240358369258354 0.056448826546679001 0.025912001994627818 0.05258708509767894 0.055359837769647126 0.050113686065625156 -0.016838681870094182 -0.0063387976604422965 -0.0064992104182724879 -0.045377481179641126 -0.0022063858748157389 0.032561097659226851 -0.0051695645841700281 0.034509802791568997 -0.033260696962482669 -0.01888412875203626 -0.002958044260598763 -0.032482360155240239 0.028830243415382189 0.017789987130584897 -0.0069198190047573601 -0.040613576965346836 -0.009600923762196182 -0.11083031674094784 -0.063297050375452579 0.011070923532252922 -0.0073377513430813914 -0.041261199048717431
leaf_weight=536 154 322 1326 151 166 250 100 62 380 205 497 297 383 381 542 242 414 569 2727 326 286 315 427 78 457 52 60 116 410 446
leaf_count=536 154 322 1326 151 166 250 100 62 380 205 497 297 383 381 542 242 414 569 2727 326 286 315 427 78 457 52 60 116 410 446
internal_value=0 0.00630461 -0.00294366 0.00105078 0.000917753 0.00874848 0.000247845 0.0193354 -0.0149901 -0.00608632 -0.0112513 -0.0210418 -0.0019724 -9.33756e-05 -0.00300027 0.000496426 -0.0173346 -0.00295655 9.59197e-05 -0.0161274 0.0426195 0.0303168 -0.00963863 -0.021339 0.00206169 -0.0687003 -0.019235 0.0415672 0.00224464 -0.0300257
internal_weight=0 4035 8642 6490 3499 2129 1691 577 2152 327 1370 794 6050 5341 4875 3919 956 3538 2969 709 440 466 1114 557 557 130 265 438 576 826
internal_count=12677 4035 8642 6490 3499 2129 1691 577 2152 327 1370 794 6050 5341 4875 3919 956 3538 2969 709 440 466 1114 557 557 130 265 438 576 826
is_linear=0
shrinkage=0.5


Tree=4
num_leaves=31
num_cat=0
split_feature=34 5 26 21 21 26 9 34 11 26 26 21 21 26 10 9 21 26 9 20 21 20 9 26 21 34 20 9 20 34
split_gain=0.568587 0.496389 0.421683 0.978945 0.683595 1.05278 0.610302 0.400666 0.642045 0.46208 0.329807 0.530883 0.415117 0.399577 0.394462 0.365801 0.682117 0.369597 0.311032 0.307934 0.298709 0.28599 0.260207 0.248962 0.319935 0.239387 0.238163 0.235608 0.272618 0.231679
threshold=81.714252450000018 1.0000000180025095e-35 -2.9687499999999996 96.36714935000002 94.96089935000002 -2.5937499999999996 31.105400100000004 75.682453150000015 350.56265105000006 -1.4062499999999998 -3.6562499999999996 100.94499950000001 98.257801050000012 -3.3437499999999996 0.96093702300000017 31.355400100000004 99.24214935000002 -3.4062499999999996 31.355400100000004 1.4550750250000002 91.74214935000002 0.74316352600000013 31.355400100000004 -2.8437499999999996 95.882801050000012 71.174549100000021 0.23535100350000002 30.777299900000003 1.6435500400000003 77.396747600000012
decision_type=2 2 2 2 2 2 2 2 2 2 2 2 2 2 2 2 2 2 2 2 2 2 2 2 2 2 2 2 2 2
left_child=1 21 3 -3 5 18 -6 26 27 20 11 22 13 -12 -13 -14 17 -17 -4 25 -10 -1 -5 24 -8 -20 -7 28 -9 -11
right_child=-2 2 4 10 6 7 23 8 9 29 12 14 15 -15 -16 16 -18 -19 19 -21 -22 -23 -24 -25 -26 -27 -28 -29 -30 -31
leaf_value=0.0095923928543925289 -0.018551391676664933 0.043119620477247288 0.0055008577151594547 0.0071008307456325451 -0.003448609466257504 0.019029062120162688 0.013841638926394461 0.0032079011682297335 0.024791478695801627 -0.013641835471523034 0.038143150488031095 0.032325067896057262 -0.0022447550964567239 0.0024481526333089234 -0.059474455714225771 0.015142073383968738 -0.11718234756872767 -0.047931735394437659 0.0037482243814420972 0.010836357041625888 -0.0069415646270146875 -0.060954012013241354 0.066552930939314331 -0.037590274444774113 -0.042906999417648813 0.060053473068016082 0.0020867888672182712 0.0098804424929191635 -0.01911930153867723 -0.035146698414694602
leaf_weight=20 400 186 93 26 658 215 63 516 78 300 100 22 283 363 25 45 21 48 22 64 1506 51 63 253 41 133 5891 790 186 215
leaf_count=20 400 186 93 26 658 215 63 516 78 300 100 22 283 363 25 45 21 48 22 64 1506 51 63 253 41 133 5891 790 186 215
internal_value=0 0.000604427 0.000846908 0.00982197 -0.000115403 0.00113842 -0.0124795 0.000218604 -0.00397235 -0.00960903 0.00360373 0.0264834 -1.44541e-05 0.0101577 -0.0165045 -0.0118776 -0.0357909 -0.0174122 0.0297265 0.0400142 -0.00537895 -0.0410818 0.0491849 -0.0291247 -0.00853042 0.0520618 0.00268335 0.00395753 -0.00270785 -0.0226196
internal_weight=0 12277 12206 1182 11024 10009 1015 9697 3591 2099 996 136 860 463 47 397 114 93 312 219 1584 71 89 357 104 155 6106 1492 702 515
internal_count=12677 12277 12206 1182 11024 10009 1015 9697 3591 2099 996 136 860 463 47 397 114 93 312 219 1584 71 89 357 104 155 6106 1492 702 515
is_linear=0
shrinkage=0.5


Tree=5
num_leaves=31
num_cat=0
split_feature=26 21 26 9 20 1 3 3 20 11 11 28 10 31 10 17 34 1 14 9 21 26 26 21 21 26 34 10 21 3
split_gain=0.285335 0.33531 0.428506 0.23911 0.230537 0.388708 0.697531 0.632702 0.851481 0.548026 0.383938 0.364517 0.343774 0.30626 0.291833 0.267035 0.258172 0.403268 0.461903 0.30861 0.301625 1.38092 0.680465 0.477499 0.398568 0.636018 0.370652 0.419342 0.336798 0.313064
threshold=-3.9062499999999996 100.17150100000002 -3.4687499999999996 31.355400100000004 0.76269447800000012 1.0000000180025095e-35 35.003900550000004 31.691399550000003 0.47558550550000006 355.35139695000004 353.36364975000004 79.007801050000012 0.69960898150000006 347.03100600000005 0.52636650200000001 798.06250000000011 71.872951500000013 1.0000000180025095e-35 31994.500000000004 30.527299900000003 93.351497650000013 -1.9687499999999998 -2.3437499999999996 94.195301050000012 92.42964935000002 -1.6562499999999998 74.857051850000019 0.88281199350000017 92.05464935000002 30.503899550000003
decision_type=2 2 2 2 2 2 2 2 2 2 2 2 2 2 2 2 2 2 2 2 2 2 2 2 2 2 2 2 2 2
left_child=-1 2 -2 -3 5 6 12 8 9 14 -9 -6 -4 -14 -7 -10 17 -13 -19 -20 21 -18 23 -22 25 28 27 -27 -23 -24
right_child=1 3 4 -5 11 7 -8 10 15 -11 -12 16 13 -15 -16 -17 20 18 19 -21 22 24 29 -25 -26 26 -28 -29 -30 -31
leaf_value=0.045083027305580413 0.024737979199604264 -0.009760106458772691 -0.0051303039926804128 -0.051004660544076971 -0.0506616135933559 0.026933474691274266 0.020893319412367595 -0.00097707946953126375 0.01618876785946512 -0.029276456684790786 -0.025399903511245842 0.0027685209152376053 -0.026643917456285322 0.010865981445226448 -0.014435164436387518 -0.0091961668268292374 0.026519115701588328 0.0088205570664940235 -0.0046983368873528284 -0.031736637247535469 0.021163152661700428 0.043727604703294232 -0.0057971265196425838 -0.0021429987232486564 -0.011686306018143201 0.012169536188735621 -0.0058463859147305465 -0.011650520224754657 0.0082351466713338727 -0.024047235663018935
leaf_weight=35 175 113 899 51 38 90 652 277 758 254 384 452 58 881 81 120 514 139 150 356 259 124 449 1451 723 771 1542 243 145 493
leaf_count=35 175 113 899 51 38 90 652 277 758 254 384 452 58 881 81 120 514 139 150 356 259 124 449 1451 723 771 1542 243 145 493
internal_value=0 -0.000124815 0.000170398 -0.0225862 -0.000179056 0.00269415 0.00684252 -0.00256524 0.00382662 -0.0145446 -0.0151652 -0.00180949 0.00185824 0.00854908 0.0073378 0.0127193 -0.00157183 -0.00868329 -0.0167084 -0.0237213 -0.000409886 0.00229799 -0.00455748 0.001387 -0.00121093 0.00147003 -0.000963807 0.00646118 0.024596 -0.0153484
internal_weight=0 12642 12478 164 12303 4454 2490 1964 1303 425 661 7849 1838 939 171 878 7811 1097 645 506 6714 4062 2652 1710 3548 2825 2556 1014 269 942
internal_count=12677 12642 12478 164 12303 4454 2490 1964 1303 425 661 7849 1838 939 171 878 7811 1097 645 506 6714 4062 2652 1710 3548 2825 2556 1014 269 942
is_linear=0
shrinkage=0.5


Tree=6
num_leaves=31
num_cat=0
split_feature=26 21 21 26 9 16 21 26 26 21 26 3 9 26 21 21 26 21 34 9 26 21 3 9 21 26 20 10 26 21
split_gain=0.226787 0.799807 0.219957 0.240836 0.170016 0.239354 0.163162 1.15567 0.475087 0.897609 0.353222 0.294532 0.253413 0.233273 0.404869 0.209367 0.206951 0.489205 0.18656 0.186135 0.184218 0.592707 0.257237 0.252511 0.358645 0.323531 0.242651 0.198134 0.176882 0.431893
threshold=-0.093749999999999986 88.101497650000013 87.101497650000013 0.28125000000000006 31.300700200000005 236.00000035000002 89.99214935000002 -0.84374999999999989 -1.1562499999999998 91.14839935000002 -1.4062499999999998 30.238200200000005 31.675700200000005 -0.65624999999999989 89.538997650000013 91.67964935000002 -1.7812499999999998 92.663997650000013 82.793602000000007 32.02729990000001 -2.1562499999999996 93.632801050000012 29.808549900000003 30.527299900000003 93.05464935000002 -1.9687499999999998 2.2021449800000004 0.64160099650000013 -2.7812499999999996 95.632801050000012
decision_type=2 2 2 2 2 2 2 2 2 2 2 2 2 2 2 2 2 2 2 2 2 2 2 2 2 2 2 2 2 2
left_child=1 -1 3 -2 -4 -6 7 -3 9 -8 15 -10 -12 14 -9 -11 17 -17 20 -18 21 22 -19 -22 25 -25 -26 -24 29 -23
right_child=2 6 4 -5 5 -7 8 13 11 10 12 -13 -14 -15 -16 16 19 18 -20 -21 23 28 27 24 26 -27 -28 -29 -30 -31
leaf_value=0.045180744808458261 0.034424571086568649 0.048845619479307323 -0.0074570686133951149 -0.0041081716566076353 -0.063796752337733964 -0.018262675938846465 0.026150244597503095 0.042283044822397642 -0.00076297587831936401 0.014508400208172925 -0.0041548015003663461 -0.016287079977719335 -0.024007943770241475 -0.005234133693735021 -0.0057776315475348387 0.016852485037461298 -0.0011931690612540307 -0.0049444179936836011 -0.018002370357373992 -0.013239779242072612 0.0018931211418728505 0.022266158226264137 0.010076571893643466 0.021809520924114621 -0.024066350906194807 -0.012685394695305247 0.018908600035097659 0.031653853279343731 -0.0029121183384274705 0.00053867458437636734
leaf_weight=100 43 138 208 712 38 120 340 78 544 274 504 697 236 625 100 492 1086 100 134 455 864 273 176 125 375 149 36 269 1976 1410
leaf_count=100 43 138 208 712 38 120 340 78 544 274 504 697 236 625 100 492 1086 100 134 455 864 273 176 125 375 149 36 269 1976 1410
internal_value=0 0.000658673 -0.00679004 -0.00191359 -0.0168494 -0.0292139 0.000270038 0.00657776 -0.000294448 0.000934983 -2.46307e-05 -0.00948199 -0.0104863 -0.000686201 0.0152827 0.000920167 0.000450069 0.00170629 0.000440462 -0.00475009 0.000870036 0.00258748 0.0179705 -0.00379112 -0.0109607 0.00305134 -0.0203021 0.0231199 0.000296214 0.0040631
internal_weight=0 11556 1121 755 366 158 11456 941 10515 9274 8934 1241 740 803 178 8194 7920 6379 5887 1541 5753 4204 545 1549 685 274 411 445 3659 1683
internal_count=12677 11556 1121 755 366 158 11456 941 10515 9274 8934 1241 740 803 178 8194 7920 6379 5887 1541 5753 4204 545 1549 685 274 411 445 3659 1683
is_linear=0
shrinkage=0.5


Tree=7
num_leaves=31
num_cat=0
split_feature=31 10 7 26 20 3 17 10 3 34 34 17 1 1 7 20 34 34 1 20 17 21 7 20 28 9 11 7 10 22
split_gain=0.116955 0.242858 0.167395 0.158684 0.152915 0.216602 0.268964 0.223105 0.180534 0.169728 0.301468 0.396538 0.345115 0.279655 0.243308 0.185396 0.175604 0.172903 0.157657 0.274241 0.129462 0.289333 0.128323 0.122674 0.11948 0.117458 0.111554 0.106747 0.105444 0.107271
threshold=411.71850600000005 0.79199150200000001 88.02339935000002 -2.9062499999999996 0.5830075145000001 32.199199700000008 688.81250000000011 0.9833979905000001 28.980400100000004 72.952350600000003 70.920551300000014 750.18750000000011 1.0000000180025095e-35 1.0000000180025095e-35 83.695301050000012 1.2050750250000002 78.793602000000007 69.587249750000012 1.0000000180025095e-35 0.9423825145000001 651.31250000000011 86.58589935000002 85.89839935000002 1.1210899950000004 85.757801050000012 33.722600950000007 363.84469835000004 83.05464935000002 0.11621050150000002 1759.6850000000002
decision_type=2 2 2 2 2 2 2 2 2 2 2 2 2 2 2 2 2 2 2 2 2 2 2 2 2 2 2 2 2 2
left_child=1 28 3 -2 8 -6 7 -7 -3 10 12 13 17 14 -12 16 27 -8 19 -9 21 -10 -13 -16 25 -4 -24 -11 -1 -30
right_child=2 4 24 -5 5 6 9 18 20 15 11 22 -14 -15 23 -17 -18 -19 -20 -21 -22 -23 26 -25 -26 -27 -28 -29 29 -31
leaf_value=-0.013272560105206839 0.042978178622183019 -0.0090800223521253446 -0.0079319765882603088 0.0056411852836517375 -0.0023919851110608139 -0.0077535693852667942 0.058466811511047684 -0.10738766997713935 0.028393658000000176 0.011743715238315583 -0.021230467683857397 0.021328047022287702 -0.023372600125372154 -0.0005643704033445829 -0.11341627332678234 0.0069313089007351425 0.0056270123601821747 0.0046378755675894872 -0.023798575185840793 -0.033891264221165326 0.01208141278068321 -0.04985879296954307 -9.8931680743892981e-07 -0.065214953103074527 0.0006086639344436549 -0.045554438780527562 -0.049269012373406439 -0.025374620925436762 0.0031240150709920139 -0.0010482565503596552
leaf_weight=130 29 223 153 1521 1326 61 26 22 21 22 21 29 73 20 22 244 94 35 42 30 347 27 27 33 1722 24 20 162 3202 2969
leaf_count=130 29 223 153 1521 1326 61 26 22 21 22 21 29 73 20 22 244 94 35 42 30 347 27 27 33 1722 24 20 162 3202 2969
internal_value=0 -0.00092846 0.00248415 0.00633975 -0.00469191 -0.00656159 -0.0121861 -0.0313018 0.00229366 -0.00860768 -0.0179575 -0.0318097 -0.000177142 -0.0531706 -0.0670144 -0.00312672 -0.0119546 0.0275814 -0.0465831 -0.0649859 0.00871476 -0.0156233 -0.00482755 -0.0844955 -0.000662864 -0.0130333 -0.0209661 -0.0209366 0.000819773 0.00111665
internal_weight=0 9228 3449 1550 2927 2309 983 155 618 828 306 172 134 96 76 522 278 61 94 52 395 48 76 55 1899 177 47 184 6301 6171
internal_count=12677 9228 3449 1550 2927 2309 983 155 618 828 306 172 134 96 76 522 278 61 94 52 395 48 76 55 1899 177 47 184 6301 6171
is_linear=0
shrinkage=0.5


Tree=8
num_leaves=31
num_cat=0
split_feature=20 28 11 28 34 20 11 1 20 20 34 1 20 11 32 22 16 34 21 10 1 28 34 5 14 34 9 20 20 10
split_gain=0.111818 0.308948 0.120345 0.14455 0.14714 0.193051 0.160641 0.185256 0.230727 0.147217 0.132762 0.163425 0.144075 0.120119 0.129781 0.154181 0.150573 0.117843 0.102101 0.0973633 0.126159 0.149406 0.112345 0.097201 0.108218 0.197025 0.113982 0.130673 0.105442 0.107136
threshold=2.1044900450000004 83.27339935000002 345.14139785000003 81.913997650000013 73.460247050000007 1.6562450500000001 350.20125045000003 1.0000000180025095e-35 1.1630800350000003 0.52734351150000014 74.603153250000005 1.0000000180025095e-35 1.0595700150000003 356.25494995000003 244.53284970000001 2304.3100600000002 245.49999940000001 70.730152150000023 88.71089935000002 0.65624949350000017 1.0000000180025095e-35 85.52339935000002 79.365047450000006 1.0000000180025095e-35 31998.299800000004 76.097599050000014 35.003900550000004 0.75292950900000011 0.51562449350000017 0.91699150200000001
decision_type=2 2 2 2 2 2 2 2 2 2 2 2 2 2 2 2 2 2 2 2 2 2 2 2 2 2 2 2 2 2
left_child=2 18 10 4 5 9 7 -6 -9 -4 11 -1 -13 17 -15 16 -16 -5 -2 20 22 -22 -19 -18 25 26 28 -28 -25 -30
right_child=1 -3 3 13 6 -7 -8 8 -10 -11 -12 12 -14 14 15 -17 23 19 -20 -21 21 -23 -24 24 -26 -27 27 -29 29 -31
leaf_value=0.0088866519394644027 0.01150504805146709 0.011796899328496343 -0.008033842841599928 -0.015432486010095918 -0.01570159975615459 -0.033371162665150077 -0.025253780417504812 -0.0077749009744021913 0.025972026519707175 0.011680102915000953 0.007138483805643474 -0.0063173848117300197 -0.040757853365820745 -0.0048298238239999538 0.027221467583348938 -0.033591198543196213 -0.020615226938389242 0.0032547421447689292 -0.010905018347033328 -0.00020481964922838516 0.0086168163090480764 0.051306695865821983 -0.016118570429092 -0.011321312526782201 -0.00071459858631984531 -0.0205519002178088 0.041173578321899253 0.010485541214686386 0.0052546590953583784 0.032542555100219542
leaf_weight=107 62 624 156 88 267 38 155 148 77 241 924 98 44 1995 51 34 57 401 282 1152 853 21 92 77 4160 59 54 97 220 43
leaf_count=107 62 624 156 88 267 38 155 148 77 241 924 98 44 1995 51 34 57 401 282 1152 853 21 92 77 4160 59 54 97 220 43
internal_value=0 0.00516463 -0.000426968 -0.000961821 -0.00643621 0.000674761 -0.0112172 -0.00679505 0.00377405 0.00393357 0.00437714 -0.00586979 -0.0169891 -0.000335283 -0.00143502 -3.91759e-05 0.000197596 0.00255306 -0.00686599 0.00318137 0.00603499 0.00964255 -0.000360562 -9.152e-05 0.000156856 0.00674822 0.0100287 0.0214601 0.00495181 0.00971618
internal_weight=0 968 11709 10536 1082 435 647 492 225 397 1173 249 142 9454 6847 4852 4818 2607 344 2519 1367 874 493 4767 4710 550 491 151 340 263
internal_count=12677 968 11709 10536 1082 435 647 492 225 397 1173 249 142 9454 6847 4852 4818 2607 344 2519 1367 874 493 4767 4710 550 491 151 340 263
is_linear=0
shrinkage=0.5


Tree=9
num_leaves=31
num_cat=0
split_feature=26 7 26 11 3 1 24 34 0 9 17 10 22 3 20 14 1 26 21 9 24 21 26 20 9 20 21 3 20 21
split_gain=0.0918164 0.0968718 0.161526 0.134726 0.153219 0.133775 0.22253 0.144455 0.14215 0.125959 0.124599 0.110571 0.0880597 0.155794 0.166732 0.154944 0.161179 0.106061 0.263325 0.161016 0.148737 0.141124 0.195876 0.179646 0.175354 0.136559 0.114874 0.0974833 0.153274 0.165212
threshold=-3.9062499999999996 91.99214935000002 -3.5937499999999996 365.92285005000002 35.605400100000004 1.0000000180025095e-35 71.296848300000008 77.904750800000002 130.09349800000004 31.160100000000003 869.31250000000011 0.75292950900000011 2099.9350600000002 32.199199700000008 1.0341750400000003 34990.500000000007 1.0000000180025095e-35 -3.0312499999999996 97.882801050000012 32.355400100000004 66.953098300000008 94.788997650000013 -2.4687499999999996 0.93554651750000006 30.816399550000003 1.2363250250000002 94.288997650000013 29.808549900000003 1.5624950500000001 97.17964935000002
decision_type=2 2 2 2 2 2 2 2 2 2 2 2 2 2 2 2 2 2 2 2 2 2 2 2 2 2 2 2 2 2
left_child=-1 2 9 4 5 8 7 -7 -3 -2 12 -12 17 -14 -15 -16 -17 18 27 -20 -21 22 24 -23 -19 26 -26 -4 29 -29
right_child=1 3 10 -5 -6 6 -8 -9 -10 -11 11 -13 13 14 15 16 -18 21 19 20 -22 23 -24 -25 25 -27 -28 28 -30 -31
leaf_value=0.025573826408279793 -0.0056854494267158332 0.0086458181368040017 0.0020149355655524268 0.011440961815354127 0.0093991361895743274 -0.033946787478635089 -0.0020235449569141069 -0.093321808347744603 -0.043431730521842835 0.033047729507493039 -0.0072154651042418902 0.031627430637742864 0.002643801880767569 -0.00032603696186168728 -0.0083432758088610223 -0.082115042349323625 -0.029005420969333499 -0.0026244501571889723 0.0026509752090721618 -0.04679730246346947 -0.00098640081363127511 0.0012459553270234875 -0.00016735433955983125 -0.010876898926391864 0.036328727997761656 0.0054636746922608979 0.011098088870848863 0.041507916478012954 0.00075127462258609804 0.0067949961253907535
leaf_weight=35 31 38 79 52 39 20 22 21 20 65 27 57 200 89 53 20 50 184 212 37 34 564 9506 667 107 152 78 109 59 50
leaf_count=35 31 38 79 52 39 20 22 21 20 65 27 57 200 89 53 20 50 184 212 37 34 564 9506 667 107 152 78 109 59 50
internal_value=0 -7.08024e-05 0.000109954 -0.0106689 -0.0178546 -0.0266389 -0.0425907 -0.0643584 -0.00931196 0.0205401 -4.90618e-05 0.0191422 -0.000180659 -0.00736656 -0.0168103 -0.0287379 -0.0441796 6.9433e-05 0.00666308 -0.00425099 -0.0248597 -0.000270265 0.000350008 -0.00532264 0.00978964 0.0165677 0.0256909 0.0170627 0.0225158 0.0305919
internal_weight=0 12642 12430 212 160 121 63 41 58 96 12334 84 12250 412 212 123 70 11838 580 283 71 11258 10027 1231 521 337 185 297 218 159
internal_count=12677 12642 12430 212 160 121 63 41 58 96 12334 84 12250 412 212 123 70 11838 580 283 71 11258 10027 1231 521 337 185 297 218 159
is_linear=0
shrinkage=0.5


Tree=10
num_leaves=31
num_cat=0
split_feature=34 26 21 3 20 34 20 34 1 20 3 26 26 1 10 9 21 3 22 28 7 17 31 3 23 17 28 22 0 34
split_gain=0.0779021 0.0580207 0.240439 0.129126 0.0813615 0.0889554 0.0774414 0.0721491 0.0999305 0.147649 0.241135 0.164002 0.100311 0.0894044 0.119201 0.0671725 0.0706806 0.0663524 0.208849 0.141948 0.139255 0.134737 0.13027 0.128437 0.14743 0.141952 0.124715 0.130798 0.18954 0.198475
threshold=66.476146700000015 -3.2187499999999996 97.71089935000002 29.761699650000004 0.97558552050000003 77.269798250000022 2.0019450200000004 78.920551300000014 1.0000000180025095e-35 0.59374949350000017 31.691399550000003 -3.6562499999999996 -3.5937499999999996 1.0000000180025095e-35 1.2050749650000003 31.300700200000005 99.070301050000012 30.386699650000004 1912.7450000000001 85.226497650000013 86.476497650000013 771.06250000000011 410.09350600000005 36.644498850000012 261.25000000000006 798.93750000000011 83.757801050000012 1711.1850000000002 120.21849800000001 78.412647250000006
decision_type=2 2 2 2 2 2 2 2 2 2 2 2 2 2 2 2 2 2 2 2 2 2 2 2 2 2 2 2 2 2
left_child=-1 2 3 -2 -5 -6 7 8 9 -4 -11 -12 -10 15 -15 16 -9 -3 19 20 26 -21 -22 24 25 -20 27 -19 29 -29
right_child=1 17 6 4 5 -7 -8 13 12 10 11 -13 -14 14 -16 -17 -18 18 23 21 22 -23 -24 -25 -26 -27 -28 28 -30 -31
leaf_value=-0.026344222773332149 -0.0042836905227482524 0.0012073682853727995 0.014801632113381197 0.050996943616844488 0.0068514412987101623 0.039311875956347928 0.016263647313176303 -0.016381418684475301 -0.039216900364501782 0.013667479443829506 -0.00031587228295393288 -0.052848187502091512 -0.0082256918400231329 0.028332861094367539 -0.016059280082117766 -0.028293306609460462 0.023739684104878943 0.0015392106882534081 -0.022808182302704903 0.036109122723007057 -0.0059045690270674335 0.0054139229422743547 -0.031952439966441183 0.0034044854702274178 -0.0024862027230434024 -0.0079186413024894299 0.0042356651377068993 -0.01166200936113938 0.002651673809686127 0.0063128896211777389
leaf_weight=28 36 4933 91 33 46 39 61 21 39 50 24 39 79 62 20 24 23 1655 255 38 240 604 60 274 553 430 1262 904 569 185
leaf_count=28 36 4933 91 33 46 39 61 21 39 50 24 39 79 62 20 24 23 1655 255 38 240 604 60 274 553 430 1262 904 569 185
internal_value=0 5.83159e-05 0.00452676 0.0219287 0.0299257 0.0217451 -0.000501179 -0.00266782 -0.00688704 -0.00018793 -0.0122592 -0.0328359 -0.0184685 0.00638944 0.0175055 -0.00701524 0.00459098 -0.000198315 -0.00118483 0.00024197 -0.000678402 0.00723077 -0.0111141 -0.00639097 -0.00855894 -0.0134615 5.90899e-06 -0.00160531 -0.00474413 -0.00860842
internal_weight=0 12649 687 154 118 85 533 472 322 204 113 63 118 150 82 68 44 11962 7029 5517 4875 642 300 1512 1238 685 4575 3313 1658 1089
internal_count=12677 12649 687 154 118 85 533 472 322 204 113 63 118 150 82 68 44 11962 7029 5517 4875 642 300 1512 1238 685 4575 3313 1658 1089
is_linear=0
shrinkage=0.5


Tree=11
num_leaves=31
num_cat=0
split_feature=26 21 26 26 21 26 26 21 21 34 34 34 1 11 24 7 21 11 9 20 9 28 10 28 3 21 26 28 22 34
split_gain=0.074366 0.291322 0.189141 0.189043 0.29406 0.250555 0.168229 0.379978 0.152981 0.1527 0.15018 0.122445 0.162571 0.116412 0.108804 0.127632 0.105155 0.0894336 0.0917702 0.181824 0.0879452 0.0944089 0.0914356 0.0830243 0.0820171 0.114059 0.102411 0.0748203 0.0881436 0.0991214
threshold=-0.15624999999999997 89.195301050000012 -0.53124999999999989 -0.78124999999999989 90.351497650000013 -0.96874999999999989 -1.3437499999999998 91.288997650000013 87.96089935000002 69.079349500000021 73.269798250000022 72.571350100000004 1.0000000180025095e-35 357.42954865000002 58.640600200000009 85.788997650000013 88.80464935000002 338.99735105000002 33.12104990000001 1.1630800350000003 31.035100000000003 83.58589935000002 0.66601499900000005 84.538997650000013 30.386699650000004 90.788997650000013 -1.2187499999999998 85.726497650000013 1725.1850000000002 78.730152150000023
decision_type=2 2 2 2 2 2 2 2 2 2 2 2 2 2 2 2 2 2 2 2 2 2 2 2 2 2 2 2 2 2
left_child=1 2 -1 4 5 9 7 11 -4 -3 16 12 -6 -11 27 23 -2 -12 -19 -20 -5 22 -22 -16 -8 26 -26 28 -9 -30
right_child=10 3 8 20 6 -7 24 14 -10 13 17 -13 -14 -15 15 -17 -18 18 19 -21 21 -23 -24 -25 25 -27 -28 -29 29 -31
leaf_value=0.034517373450322034 0.0031383276648605019 -0.012002228581695817 0.031506236120737316 -0.0031437667206549729 0.029010789786380799 0.0031837765577380963 -0.001121033525382218 -0.00046095954915014467 0.0034395268539932867 0.024432178872805882 0.014779536674420038 0.032785335908831731 -0.022788053777601038 0.054696388484444469 0.0036280574306184676 -0.00033452844950882307 -0.030633488961029798 -0.0061036445743714767 -0.033874983000125557 -0.0039291710857710591 -0.012762503793248824 -0.0024964672098131092 -0.035465522150170979 0.01806328509729134 0.025883440956074213 -0.012413711411701646 -0.0036624608010192563 0.023964377299610835 -0.010625708879668148 0.0079307637690762042
leaf_weight=83 582 20 58 341 33 228 689 749 298 94 36 119 28 48 1940 4892 24 357 105 98 113 98 73 105 35 556 181 24 588 82
leaf_count=83 582 20 58 341 33 228 689 749 298 94 36 119 28 48 1940 4892 24 357 105 98 113 98 73 105 35 556 181 24 588 82
internal_value=0 0.000391945 0.0130234 -0.000110522 0.000396514 0.0138664 -0.000127712 0.000718645 0.00801219 0.0289013 -0.00374174 0.0234486 0.00523427 0.0346623 0.000230412 0.00105212 0.00180083 -0.0093773 -0.0109302 -0.0194184 -0.00855652 -0.0150556 -0.0216728 0.00436923 -0.00508652 -0.00862566 0.00112507 -0.00371983 -0.00418806 -0.00835462
internal_weight=0 11475 439 11036 10411 390 10021 8560 356 162 1202 180 61 142 8380 6937 606 596 560 203 625 284 186 2045 1461 772 216 1443 1419 670
internal_count=12677 11475 439 11036 10411 390 10021 8560 356 162 1202 180 61 142 8380 6937 606 596 560 203 625 284 186 2045 1461 772 216 1443 1419 670
is_linear=0
shrinkage=0.5


Tree=12
num_leaves=31
num_cat=0
split_feature=20 31 26 21 9 21 3 26 9 10 26 3 10 10 34 21 20 20 21 21 26 9 9 20 10 26 9 21 26 28
split_gain=0.0846843 0.0850495 0.0634407 0.276835 0.156507 0.143675 0.231491 0.117511 0.241557 0.111522 0.0964006 0.168705 0.096502 0.0960319 0.127429 0.120559 0.106343 0.0976762 0.0904091 0.0893715 0.125778 0.0897306 0.0876004 0.111723 0.0833994 0.079544 0.0761631 0.0899089 0.0738314 0.0713328
threshold=2.1913999300000007 371.78100600000005 -1.9062499999999998 93.08589935000002 31.550700200000005 92.24214935000002 30.675700200000005 -1.5312499999999998 30.527299900000003 0.70898401750000006 -2.2812499999999996 30.386699650000004 0.43456999950000003 0.75292950900000011 75.555553450000005 93.320301050000012 0.69531199350000017 1.5185500400000003 94.038997650000013 91.320301050000012 -1.2187499999999998 32.816400550000004 29.886699650000004 1.3300750250000002 0.46777300550000006 -2.0937499999999996 29.175700200000005 92.726497650000013 -1.7812499999999998 82.83589935000002
decision_type=2 2 2 2 2 2 2 2 2 2 2 2 2 2 2 2 2 2 2 2 2 2 2 2 2 2 2 2 2 2
left_child=2 -2 3 4 -1 7 -7 8 -4 -6 18 12 -12 -13 15 25 -17 -18 22 20 29 -21 -5 -24 -10 -15 27 -8 -28 -9
right_child=1 -3 5 10 9 6 26 19 24 -11 11 13 -14 14 -16 16 17 -19 -20 21 -22 -23 23 -25 -26 -27 28 -29 -30 -31
leaf_value=0.0012030611350369788 -0.0062006986657327347 0.0077829525397701584 -0.0074586510331573659 -0.0061433631325139345 0.0077898700058795312 0.00058172497283180441 0.011607329269121265 0.0011317906696509956 0.0013568929688208113 0.024438955088164727 0.011859430038521432 -0.0045293510608984192 -0.0019530499528937458 0.015231176269994847 -0.0055421673673360294 -0.0065664527634077749 -0.056696117876774886 -0.017893018180747396 -1.5892548848701621e-05 -0.0028394185666694061 -0.00077077960026615566 -0.015039531375766885 0.016539559619531564 -0.0029757047108004745 0.018345753071007366 -0.026822564334989609 -0.0078852127412445319 -0.012207573456122956 -0.019215907917261871 0.015908536562665904
leaf_weight=276 133 596 200 93 189 746 68 145 97 215 173 396 470 23 135 23 55 23 2955 744 3192 189 261 102 283 22 247 95 344 187
leaf_count=276 133 596 200 93 189 746 68 145 97 215 173 396 470 23 135 23 55 23 2955 744 3192 189 261 102 283 22 247 95 344 187
internal_value=0 0.00523175 -0.000319212 0.000947147 0.0103804 -0.00136744 -0.00566292 -8.82638e-05 0.00660644 0.0166502 -0.000408728 -0.00403689 0.00176322 -0.00954572 -0.016615 -0.0268537 -0.0364441 -0.0452542 0.000995312 -0.000959462 0.000192587 -0.00531082 0.00754818 0.0110559 0.0140091 -0.00532843 -0.0118413 -0.00227252 -0.0144804 0.00945484
internal_weight=0 729 11948 5411 680 6537 1500 5037 580 404 4731 1320 643 677 281 146 101 78 3411 4457 3524 933 456 363 380 45 754 163 591 332
internal_count=12677 729 11948 5411 680 6537 1500 5037 580 404 4731 1320 643 677 281 146 101 78 3411 4457 3524 933 456 363 380 45 754 163 591 332
is_linear=0
shrinkage=0.5


Tree=13
num_leaves=31
num_cat=0
split_feature=3 20 28 11 20 34 17 36 3 34 22 20 9 34 7 21 1 14 34 32 28 22 7 9 1 34 34 10 34 11
split_gain=0.0721721 0.0565279 0.0909578 0.0652813 0.123804 0.0716941 0.108948 0.0604476 0.0596038 0.0534347 0.0755281 0.0506446 0.227863 0.153149 0.186372 0.149456 0.18056 0.096737 0.0863237 0.0826409 0.0720821 0.0685061 0.0642656 0.0856286 0.0633091 0.182292 0.128882 0.128448 0.132399 0.282879
threshold=37.324199700000008 0.48730400200000007 79.007801050000012 358.96560135000004 1.1210899950000004 71.999950400000003 744.18750000000011 0.74850001950000011 46.210899350000012 68.190448750000016 1823.1850000000002 0.48144450800000005 30.855400100000004 74.920551300000014 90.601497650000013 92.99214935000002 1.0000000180025095e-35 37000.500000000007 77.396747600000012 236.36100045000001 79.46089935000002 1488.4350000000002 86.663997650000013 29.253899550000003 1.0000000180025095e-35 70.349147800000011 70.793602000000007 1.8857349750000003 74.476146700000015 348.30379715000004
decision_type=2 2 2 2 2 2 2 2 2 2 2 2 2 2 2 2 2 2 2 2 2 2 2 2 2 2 2 2 2 2
left_child=9 8 -3 -4 5 -5 -7 -6 -2 10 -1 12 13 15 17 19 -17 22 -14 -11 21 -13 23 -15 26 -26 -22 28 29 -27
right_child=1 2 3 4 7 6 -8 -9 -10 11 -12 20 18 14 -16 16 -18 -19 -20 -21 24 -23 -24 -25 25 27 -28 -29 -30 -31
leaf_value=-0.0005206420068681627 0.023724614475625305 -0.032386653032153843 0.0051524144568405898 0.013664348465997888 0.033842571107670666 -0.050607041887997181 -0.010674094665859245 -0.0020932228177447209 0.0059469077999130234 0.0068288136479941908 -0.020905569331692898 0.00034988170227734372 0.0031065626938227477 -0.014670705257915393 -0.05017710811807774 0.0034738855521833823 0.049971286679815069 0.019870340196496767 0.025254991315402247 -0.010610219849519537 0.0073287051722812167 -0.027102509335158988 -0.02423600296592043 0.0058423922660842753 -0.0091093415812695689 -0.011734530473958053 -0.0018811973364979224 -0.015942388708936051 0.00089617357717479613 0.0092087417723620956
leaf_weight=113 53 20 460 23 25 20 117 22 427 87 76 44 527 202 34 106 26 23 48 310 418 47 102 68 374 184 4163 94 3161 1303
leaf_count=113 53 20 460 23 25 20 117 22 427 87 76 44 527 202 34 106 26 23 48 310 418 47 102 68 374 184 4163 94 3161 1303
internal_value=0 0.0037467 0.000837935 0.00183417 -0.00553969 -0.0121671 -0.0165037 0.0170216 0.00790986 -0.000379878 -0.00871776 -0.00024068 -0.00291289 -0.00763554 -0.0146557 -0.00194249 0.0126325 -0.0115981 0.00495547 -0.00678857 0.000177842 -0.0138288 -0.0135437 -0.00950444 0.000309285 0.00151821 -0.00104083 0.0023564 0.00272647 0.00661724
internal_weight=0 1167 687 667 207 160 137 47 480 11510 189 11321 1533 958 429 529 132 395 575 397 9788 91 372 270 9697 5116 4581 4742 4648 1487
internal_count=12677 1167 687 667 207 160 137 47 480 11510 189 11321 1533 958 429 529 132 395 575 397 9788 91 372 270 9697 5116 4581 4742 4648 1487
is_linear=0
shrinkage=0.5


Tree=14
num_leaves=31
num_cat=0
split_feature=22 20 9 34 11 11 28 34 23 17 31 34 26 14 19 10 3 24 22 10 26 0 9 34 11 22 23 3 34 20
split_gain=0.0434108 0.0801701 0.0864757 0.159061 0.121918 0.0817841 0.0717528 0.0739589 0.100784 0.0709918 0.0587435 0.0568144 0.0548457 0.087404 0.0533713 0.0482049 0.0439703 0.0438042 0.097192 0.0634 0.0590605 0.0584477 0.0621964 0.146559 0.0853866 0.0575944 0.0562886 0.0919371 0.0544901 0.0602514
threshold=1625.6850000000002 1.3408150050000003 33.324199700000008 77.142848950000015 345.14139785000003 362.39905015000005 80.71089935000002 74.539649950000026 249.15000150000003 746.43750000000011 365.46850600000005 71.619003300000017 2.4687500000000004 24994.000000000004 -29.916666861111111 0.78710901750000006 36.503900550000004 60.671850200000009 1828.1850000000002 0.84472599650000013 0.78125000000000011 117.65599800000001 32.18354990000001 75.872951500000013 361.49550095000001 2044.7450000000001 253.65000150000003 31.371049900000003 78.285648350000017 1.7685500400000003
decision_type=2 2 2 2 2 2 2 2 2 2 2 2 2 2 2 2 2 2 2 2 2 2 2 2 2 2 2 2 2 2
left_child=1 2 5 4 -4 15 7 8 -2 11 -6 14 13 -8 -3 -1 -9 18 19 21 -21 -15 -23 24 -24 26 27 -20 29 -29
right_child=6 9 3 -5 10 -7 12 16 -10 -11 -12 -13 -14 17 -16 -17 -18 -19 25 20 -22 22 23 -25 -26 -27 -28 28 -30 -31
leaf_value=-0.00070221954755996256 -0.052085490571334957 -0.034682968005152609 0.045664959405435294 -0.0088076479005394503 0.0060771996137994498 0.022891763320311585 0.029456929732114077 -0.0075784368340724283 -0.011100932674404854 0.019725163602068337 0.03078188975341618 -0.0025213809328991435 -0.016196698656680178 0.00028634688758578448 -0.0050677649123826995 0.0085681292159958729 0.011915387062636467 0.0010192425749681237 0.0024892283762854182 -0.0023453027036387823 -0.029734763142187148 0.001447521604940347 0.016751177541763439 0.00048932093036015546 0.048130750414673927 -0.018878411367040826 -0.0023270725943329009 -0.024320198159207086 0.0040289311781870549 0.0039274518864906649
leaf_weight=611 20 29 41 56 77 47 25 112 60 31 35 326 53 2527 32 182 39 4658 95 1238 20 405 110 155 27 64 1420 133 27 22
leaf_count=611 20 29 41 56 77 47 25 112 60 31 35 326 53 2527 32 182 39 4658 95 1238 20 405 110 155 27 64 1420 133 27 22
internal_value=0 0.00255769 0.00489095 0.0139921 0.0223371 0.0026265 -0.000334713 -0.00905563 -0.0213471 -0.00329776 0.0137974 -0.00514198 -0.000151224 -7.33902e-05 -0.0191471 0.0014254 -0.00254361 -0.000141114 -0.00100687 0.000229734 -0.00278075 0.00140442 0.00545804 0.0110206 0.0229355 -0.00415422 -0.00359892 -0.0101189 -0.0167 -0.0203109
internal_weight=0 1467 1049 209 153 840 11210 231 80 418 112 387 10979 10926 61 793 151 10901 6243 4482 1258 3224 697 292 137 1761 1697 277 182 155
internal_count=12677 1467 1049 209 153 840 11210 231 80 418 112 387 10979 10926 61 793 151 10901 6243 4482 1258 3224 697 292 137 1761 1697 277 182 155
is_linear=0
shrinkage=0.5


Tree=15
num_leaves=31
num_cat=0
split_feature=11 3 28 21 16 26 31 21 28 20 34 28 9 34 21 20 21 22 34 24 10 28 11 26 10 24 20 34 20 7
split_gain=0.0409866 0.0726055 0.10933 0.165461 0.131405 0.127603 0.120309 0.118727 0.126314 0.10124 0.139893 0.147253 0.115479 0.103537 0.123043 0.164482 0.0842213 0.0822303 0.079806 0.0783916 0.0829513 0.0746421 0.0741678 0.0729524 0.0729081 0.0722307 0.0718996 0.0696241 0.0702432 0.0676632
threshold=359.86915055000003 30.081999800000002 87.86714935000002 94.132801050000012 253.09999980000001 -2.1562499999999996 451.15600600000005 100.69499950000001 86.601497650000013 1.0693300350000003 70.793602000000007 84.851497650000013 31.160100000000003 71.999950400000003 92.11714935000002 2.0830050700000005 97.445301050000012 1894.6850000000002 78.539649950000026 59.640600200000009 0.72851499900000005 87.89839935000002 369.62734835000003 -1.6562499999999998 0.63183549050000021 59.953100200000009 1.4062450500000001 72.571350100000004 2.0517550700000005 91.788997650000013
decision_type=2 2 2 2 2 2 2 2 2 2 2 2 2 2 2 2 2 2 2 2 2 2 2 2 2 2 2 2 2 2
left_child=-1 17 3 5 -4 -3 7 8 -5 10 -7 12 -12 22 15 23 -6 27 -16 20 -14 29 24 -15 -11 26 -26 -2 -29 -19
right_child=1 2 4 6 16 9 -8 -9 -10 13 11 -13 19 14 18 -17 -18 21 -20 -21 -22 -23 -24 -25 25 -27 -28 28 -30 -31
leaf_value=0.00077772119136063165 0.0034401427943244077 0.0069066424713841931 0.036109093789048995 -0.010907007031115275 0.013684481808853049 0.002026837987292873 -0.042118010048467949 -0.038596648168944134 0.001406525734204034 0.00012382330084159099 -0.0080958767865762209 -0.0019038389254512262 -0.02499871361799182 0.02973115595523268 -0.0057785036249268628 0.055466629401780668 -0.010788555766339414 0.0052845529673102663 0.017008075092194808 -0.013023280134677469 -0.053854469530051574 -0.010352428588896444 0.021478732379720263 0.0057264732969011705 -0.04346118529016773 -0.001951281303131575 -0.014854033368509391 -0.0058894266094973845 0.013731755116094398 0.026132455236908821
leaf_weight=7251 446 437 37 600 78 292 26 30 319 154 136 223 66 36 263 20 64 767 45 58 40 73 23 262 30 69 82 660 49 41
leaf_count=7251 446 437 37 600 78 292 26 30 319 154 136 223 66 36 263 20 64 767 45 58 40 73 23 262 30 69 82 660 49 41
internal_value=0 -0.0010393 -0.00245674 -0.00312716 0.0095696 -0.000757074 -0.00856255 -0.00764323 -0.00663278 -0.00261869 -0.00674013 -0.0116349 -0.0188683 0.0007949 0.00467349 0.0115723 0.00265438 0.00132077 -0.0024493 -0.0278015 -0.0358877 0.00495909 -0.00598722 0.00862637 -0.00787294 -0.0146768 -0.0225167 -0.00145443 -0.00453338 0.00634243
internal_weight=0 5426 3390 3211 179 2236 975 949 919 1799 815 523 300 984 626 318 142 2036 308 164 106 881 358 298 335 181 112 1155 709 808
internal_count=12677 5426 3390 3211 179 2236 975 949 919 1799 815 523 300 984 626 318 142 2036 308 164 106 881 358 298 335 181 112 1155 709 808
is_linear=0
shrinkage=0.5


Tree=16
num_leaves=31
num_cat=0
split_feature=28 7 26 21 17 23 20 7 34 11 3 34 17 11 11 16 20 24 22 34 23 0 23 34 0 20 9 20 20 20
split_gain=0.0505187 0.0595263 0.0666238 0.0867021 0.0550641 0.057973 0.0350724 0.0454731 0.049647 0.0385633 0.0320382 0.0672474 0.0874123 0.098405 0.0538654 0.100593 0.0655506 0.05269 0.0472915 0.0509782 0.0531036 0.0404335 0.0320229 0.0581689 0.0761261 0.09759 0.0632185 0.0495898 0.0464715 0.0593203
threshold=88.80464935000002 91.288997650000013 -3.1562499999999996 97.538997650000013 845.06250000000011 238.05000300000003 0.66699150200000001 89.71089935000002 76.097599050000014 363.93504945000001 28.917900100000004 76.317447650000005 845.06250000000011 362.48939745000001 366.10355225000001 252.59999980000001 0.81542950900000011 69.984348300000008 2235.2451200000005 81.714252450000018 244.75000000000003 125.71849800000001 250.94999700000002 73.587249750000012 113.40599800000001 0.51562449350000017 30.222600000000003 1.2587800050000002 1.9062449950000002 1.0986250050000002
decision_type=2 2 2 2 2 2 2 2 2 2 2 2 2 2 2 2 2 2 2 2 2 2 2 2 2 2 2 2 2 2
left_child=1 2 3 -1 5 -5 7 -7 -9 -8 14 12 -12 -14 15 16 -3 -15 19 20 -13 -19 23 24 27 26 -26 -4 29 -27
right_child=-2 10 22 4 -6 6 9 8 -10 -11 11 18 13 17 -16 -17 -18 21 -20 -21 -22 -23 -24 -25 25 28 -28 -29 -30 -31
leaf_value=0.015235658999278335 0.022454191036522388 -0.014245949157227118 0.0008843637172072338 0.017220500139267864 0.017898720909765554 -0.0333481679437682 0.0034366179212762895 0.0061585420110662065 -0.023745697862266199 -0.015752599723782623 -0.047061041471103883 -0.021340536962573726 -0.041956652190128806 0.019498236756771804 0.020428233348798973 -0.027027705090243697 0.017042510578052162 -0.027128553738640176 0.017555364087456837 -0.029205315413751771 0.0024629038460465655 0.0042843397677643225 0.00052373650770914883 -1.8384956110241013e-05 -0.006721509982728296 -0.0037839992852241266 -0.036745657064020637 -0.007368882056377488 0.010756802454125136 -0.022818847202473659
leaf_weight=164 25 26 586 37 43 20 144 35 23 32 22 30 20 20 27 34 47 21 24 21 107 20 7613 2944 27 160 50 264 36 55
leaf_count=164 25 26 586 37 43 20 144 35 23 32 22 30 20 20 27 34 47 21 24 21 107 20 7613 2944 27 160 50 264 36 55
internal_value=0 -4.43689e-05 0.000156349 0.00582063 0.00119769 -0.00127016 -0.00396368 -0.0127893 -0.00570004 -5.23307e-05 -0.00590446 -0.00890243 -0.0191119 -0.0115208 0.000471818 -0.00456391 0.00589868 -0.00154177 -0.00312455 -0.0062658 -0.00274953 -0.0118052 -8.40275e-05 -0.00120652 -0.00417584 -0.0106463 -0.0262177 -0.001679 -0.00586945 -0.00865338
internal_weight=0 12652 12233 498 334 291 254 78 58 176 419 285 103 81 134 107 73 61 182 158 137 41 11735 4122 1178 328 77 850 251 215
internal_count=12677 12652 12233 498 334 291 254 78 58 176 419 285 103 81 134 107 73 61 182 158 137 41 11735 4122 1178 328 77 850 251 215
is_linear=0
shrinkage=0.5


Tree=17
num_leaves=31
num_cat=0
split_feature=36 1 31 7 34 11 34 10 11 19 28 3 20 10 1 20 20 1 26 7 10 10 26 7 7 26 1 20 24 19
split_gain=0.0285936 0.0570703 0.0279609 0.0785046 0.0550477 0.0519316 0.125086 0.0668 0.0549341 0.0508587 0.0450793 0.0506384 0.0494223 0.0626753 0.0452988 0.0448342 0.0531247 0.0443531 0.043878 0.0522779 0.0475684 0.0437631 0.0395423 0.0686169 0.0388711 0.0436245 0.0376266 0.0382165 0.0358433 0.0353144
threshold=0.57049998650000011 1.0000000180025095e-35 379.46850600000005 83.913997650000013 69.460247050000007 354.99000015000007 74.603153250000005 1.1679649950000004 355.98389665000002 -34.805555361111111 83.726497650000013 33.003900550000004 1.7060500400000003 0.44335900250000004 1.0000000180025095e-35 1.0917950300000003 0.56640601150000014 1.0000000180025095e-35 0.78125000000000011 81.27339935000002 0.61328101150000014 1.7060499800000002 -1.0312499999999998 83.30464935000002 82.99214935000002 -0.65624999999999989 1.0000000180025095e-35 0.53808549050000021 57.796850200000009 -34.361111305555546
decision_type=2 2 2 2 2 2 2 2 2 2 2 2 2 2 2 2 2 2 2 2 2 2 2 2 2 2 2 2 2 2
left_child=1 -1 5 10 -5 21 7 -7 -8 -6 12 15 18 14 -14 16 -12 -10 19 -4 -20 -2 23 -21 25 -24 27 -26 -25 -23
right_child=2 -3 3 4 9 6 8 -9 17 -11 11 -13 13 -15 -16 -17 -18 -19 20 22 -22 29 24 28 26 -27 -28 -29 -30 -31
leaf_value=-0.0047736323559311802 -1.6058236321253274e-05 0.027735697040851746 0.02620376882259734 -0.0062904369388249266 0.01356033979901043 -0.0031294136394981586 -0.0023139821349231655 0.016952621259325597 -0.007201205740021842 0.00011459427477214165 -0.004007297921634745 0.024386538899291241 0.008220665552653373 0.0015635647200893058 0.039376553506359969 -0.0076515297942723222 0.02223491571257236 -0.029402769316220656 -0.0017839168877083254 0.03172769862262962 -0.030407578989286862 -0.029740067063054692 0.020613138740431639 -0.0042001767011453812 -0.0038030312845127329 -0.00018580722454417911 0.00045517712391705974 -0.027178151403657265 0.012509520905829656 -0.0053777988057346175
leaf_weight=27 3143 27 23 337 71 519 43 45 31 7444 30 57 20 54 28 39 54 82 47 26 21 21 31 69 34 135 72 36 60 51
leaf_count=27 3143 27 23 337 71 519 43 45 31 7444 30 57 20 54 28 39 54 82 47 26 21 21 31 69 34 135 72 36 60 51
internal_value=0 0.011481 -4.91148e-05 0.0004517 -3.8723e-05 -0.00115485 -0.00499314 -0.00152712 -0.0175241 0.000241627 0.00505792 0.0120672 0.00313465 0.0132489 0.0263949 0.00635819 0.0128627 -0.0233121 0.00127246 0.00293692 -0.0106236 -0.000295266 0.00178112 0.0082947 -0.00149682 0.00369833 -0.00757003 -0.0158245 0.00357178 -0.0124835
internal_weight=0 54 12623 8688 7852 3935 720 564 156 7515 836 180 656 102 48 123 84 113 554 486 68 3215 463 155 308 166 142 70 129 72
internal_count=12677 54 12623 8688 7852 3935 720 564 156 7515 836 180 656 102 48 123 84 113 554 486 68 3215 463 155 308 166 142 70 129 72
is_linear=0
shrinkage=0.5


end of trees

feature_importances:
Column_26=83
Column_21=74
Column_20=61
Column_34=61
Column_9=42
Column_3=38
Column_10=28
Column_11=25
Column_1=22
Column_28=20
Column_7=17
Column_22=13
Column_17=11
Column_24=8
Column_31=7
Column_0=6
Column_23=6
Column_14=5
Column_16=4
Column_19=3
Column_5=2
Column_32=2
Column_36=2

parameters:
[boosting: gbdt]
[objective: regression]
[metric: rmse,l2]
[tree_learner: serial]
[device_type: cpu]
[data: ]
[valid: ]
[num_iterations: 20]
[learning_rate: 0.5]
[num_leaves: 31]
[num_threads: -1]
[deterministic: 0]
[force_col_wise: 0]
[force_row_wise: 0]
[histogram_pool_size: -1]
[max_depth: 20]
[min_data_in_leaf: 20]
[min_sum_hessian_in_leaf: 0.001]
[bagging_fraction: 1]
[pos_bagging_fraction: 1]
[neg_bagging_fraction: 1]
[bagging_freq: 0]
[bagging_seed: 3]
[feature_fraction: 1]
[feature_fraction_bynode: 1]
[feature_fraction_seed: 2]
[extra_trees: 0]
[extra_seed: 6]
[early_stopping_round: 1000]
[first_metric_only: 0]
[max_delta_step: 0]
[lambda_l1: 0]
[lambda_l2: 0]
[linear_lambda: 0]
[min_gain_to_split: 0]
[drop_rate: 0.1]
[max_drop: 50]
[skip_drop: 0.5]
[xgboost_dart_mode: 0]
[uniform_drop: 0]
[drop_seed: 4]
[top_rate: 0.2]
[other_rate: 0.1]
[min_data_per_group: 100]
[max_cat_threshold: 32]
[cat_l2: 10]
[cat_smooth: 10]
[max_cat_to_onehot: 4]
[top_k: 20]
[monotone_constraints: ]
[monotone_constraints_method: basic]
[monotone_penalty: 0]
[feature_contri: ]
[forcedsplits_filename: ]
[refit_decay_rate: 0.9]
[cegb_tradeoff: 1]
[cegb_penalty_split: 0]
[cegb_penalty_feature_lazy: ]
[cegb_penalty_feature_coupled: ]
[path_smooth: 0]
[interaction_constraints: ]
[verbosity: -1]
[saved_feature_importance_type: 0]
[linear_tree: 0]
[max_bin: 255]
[max_bin_by_feature: ]
[min_data_in_bin: 3]
[bin_construct_sample_cnt: 200000]
[data_random_seed: 1]
[is_enable_sparse: 1]
[enable_bundle: 1]
[use_missing: 1]
[zero_as_missing: 0]
[feature_pre_filter: 1]
[pre_partition: 0]
[two_round: 0]
[header: 0]
[label_column: ]
[weight_column: ]
[group_column: ]
[ignore_column: ]
[categorical_feature: ]
[forcedbins_filename: ]
[precise_float_parser: 0]
[objective_seed: 5]
[num_class: 1]
[is_unbalance: 0]
[scale_pos_weight: 1]
[sigmoid: 1]
[boost_from_average: 1]
[reg_sqrt: 0]
[alpha: 0.9]
[fair_c: 1]
[poisson_max_delta_step: 0.7]
[tweedie_variance_power: 1.5]
[lambdarank_truncation_level: 30]
[lambdarank_norm: 1]
[label_gain: ]
[eval_at: ]
[multi_error_top_k: 1]
[auc_mu_weights: ]
[num_machines: 1]
[local_listen_port: 12400]
[time_out: 120]
[machine_list_filename: ]
[machines: ]
[gpu_platform_id: -1]
[gpu_device_id: -1]
[gpu_use_dp: 0]
[num_gpu: 1]

end of parameters

pandas_categorical:null
