tree
version=v3
num_class=1
num_tree_per_iteration=1
label_index=0
max_feature_idx=38
objective=regression
feature_names=Column_0 Column_1 Column_2 Column_3 Column_4 Column_5 Column_6 Column_7 Column_8 Column_9 Column_10 Column_11 Column_12 Column_13 Column_14 Column_15 Column_16 Column_17 Column_18 Column_19 Column_20 Column_21 Column_22 Column_23 Column_24 Column_25 Column_26 Column_27 Column_28 Column_29 Column_30 Column_31 Column_32 Column_33 Column_34 Column_35 Column_36 Column_37 Column_38
feature_infos=[0:154] [0:1] none [0:62.953098300000001] none [0:1] none [64.781196600000001:94.6875] [0:1] [0:58.828098300000001] [0:4.0039000500000004] [332.71769939999996:375.18399699999998] none none [17997:39005] none [224.35000079999998:274.75000001999996] [497.625:918.875] [0:1] [-39.611112833333337:223.24444222222223] [0.0410160013:3.4316399099999999] [0:102.875] [1035.75:2512.5] [0:306.39999399999999] [43.3125:72.406196600000001] [0:1] [-4:6.6875] none [75.781196600000001:89.5] [0:1] none [0:475.875] [223.16570129999997:273.93124999999998] none [64.158698999999999:87.460296600000007] none [0.555999994:0.79299998299999996] none none
tree_sizes=2653 2713 2737 2756 2762 2811 2824 2851 2804 2848 2850 2844 2862 2887 2856 2874 2900 2886 2883 2867

Tree=0
num_leaves=31
num_cat=0
split_feature=7 7 7 7 7 7 7 7 7 7 7 7 7 7 7 7 7 7 7 7 7 7 7 7 7 7 7 7 7 7
split_gain=101398 28463.7 27705.9 5325.32 4137.73 4017.09 3176.71 793.166 750.981 712.193 655.137 607.836 604.326 593.011 509.758 113.558 109.005 106.58 103.751 82.5426 80.7565 78.017 75.8435 72.1584 67.8308 66.504 65.7341 61.9233 59.3436 35.1332
threshold=84.61714935000002 88.320301050000012 80.538997650000013 76.788997650000013 86.320301050000012 82.882801050000012 90.976497650000013 78.86714935000002 89.570301050000012 92.61714935000002 73.820247650000013 85.49214935000002 87.24214935000002 81.80464935000002 83.788997650000013 75.632801050000012 77.89839935000002 79.74214935000002 90.288997650000013 85.038997650000013 87.77339935000002 81.163997650000013 86.757801050000012 82.382801050000012 88.89839935000002 85.92964935000002 84.195301050000012 83.351497650000013 72.812450400000003 93.58589935000002
decision_type=2 2 2 2 2 2 2 2 2 2 2 2 2 2 2 2 2 2 2 2 2 2 2 2 2 2 2 2 2 2
left_child=2 4 3 10 11 13 8 16 24 -8 28 19 22 21 27 -12 -5 -9 -10 -2 -14 -4 -6 -15 -3 -13 -16 -7 -1 -11
right_child=1 6 5 7 12 14 9 17 18 29 15 25 20 23 26 -17 -18 -19 -20 -21 -22 -23 -24 -25 -26 -27 -28 -29 -30 -31
leaf_value=82.92644863913165 89.784522687674382 91.77247174653462 87.675654687919817 85.853616444323393 90.687099725151057 88.882231748320578 93.306686097455895 86.886072911460857 92.479692595640799 94.215111172931799 84.486943573662472 90.254360815117224 91.194378393426518 88.357741320341759 89.342765845746783 85.236757768734421 86.410177423561095 87.316534621906186 92.852447257378458 90.013884936869403 91.489406583232253 88.026141885688276 90.923442400127243 88.632147699017821 92.10225461291887 90.467377293957412 89.560279572187611 89.120390205642622 83.693011345574092 94.631912029119789
leaf_weight=51 711 332 262 153 728 528 356 266 366 84 100 756 566 455 639 102 207 313 381 875 393 403 636 506 294 711 761 565 50 127
leaf_count=51 711 332 262 153 728 528 356 266 366 84 100 756 566 455 639 102 207 313 381 875 393 403 636 506 294 711 761 565 50 127
internal_value=89.8902 91.1007 88.2383 86.1683 90.5083 88.8625 92.7425 86.7564 92.3313 93.7381 84.3457 90.1256 91.0111 88.251 89.2612 84.8656 86.1736 87.1188 92.6698 89.9111 91.3153 87.8881 90.7973 88.5022 91.9274 90.3576 89.461 89.0053 83.3059 94.466
internal_weight=0 7316 5361 1242 5376 4119 1940 939 1373 567 303 3053 2323 1626 2493 202 360 579 747 1586 959 665 1364 961 626 1467 1400 1093 101 211
internal_count=12677 7316 5361 1242 5376 4119 1940 939 1373 567 303 3053 2323 1626 2493 202 360 579 747 1586 959 665 1364 961 626 1467 1400 1093 101 211
is_linear=0
shrinkage=1


Tree=1
num_leaves=31
num_cat=0
split_feature=7 7 7 7 7 7 7 7 7 7 7 7 7 7 7 7 7 7 7 7 7 7 7 7 7 7 7 7 7 7
split_gain=25454.4 7582.78 6543.06 1145.29 1063.94 1035.38 992.266 274.628 198.223 172.324 159.155 152.723 148.91 141.132 118.152 28.8941 26.83 25.3116 24.606 22.4486 21.8152 20.6318 20.2483 19.4058 18.0547 17.0715 16.1361 15.9778 15.9514 13.65
threshold=84.445301050000012 88.08589935000002 80.17964935000002 76.226497650000013 82.632801050000012 86.11714935000002 90.601497650000013 91.99214935000002 78.46089935000002 89.288997650000013 81.42964935000002 86.99214935000002 85.27339935000002 83.55464935000002 74.851497650000013 72.812450400000003 79.27339935000002 77.24214935000002 91.46089935000002 82.132801050000012 89.92964935000002 87.507801050000012 85.726497650000013 83.99214935000002 86.538997650000013 84.851497650000013 83.11714935000002 93.913997650000013 88.61714935000002 80.882801050000012
decision_type=2 2 2 2 2 2 2 2 2 2 2 2 2 2 2 2 2 2 2 2 2 2 2 2 2 2 2 2 2 2
left_child=2 5 3 14 10 12 9 18 17 28 29 24 25 26 15 -1 -10 -5 -8 -12 -11 -13 -14 -15 -7 -2 -6 -9 -3 -4
right_child=1 6 4 8 13 11 7 27 16 20 19 21 22 23 -16 -17 -18 -19 -20 -21 -22 -23 -24 -25 -26 -27 -28 -29 -30 -31
leaf_value=-3.4818832173066983 -0.10182597911396307 0.87723805657856124 -1.1804522136344184 -2.2012434052486047 -0.57041176672904725 0.34187881572493189 1.5641619842879626 2.1869987350521667 -1.628642115234769 1.2039541958188853 -0.85394017065424721 0.58485535773842368 0.12251504421457091 -0.33275295504667224 -2.4749059295654297 -3.019418911933899 -1.398597909619633 -1.8961904247601826 1.8058461480670505 -0.69773285607107327 1.3866074491554583 0.72474981653865278 0.23748360269310367 -0.21403439874201055 0.45458018108454118 0.0059435824238330357 -0.44748375684628866 2.4666195946770744 1.0288288692633312 -1.0265807480182287
leaf_weight=51 698 382 316 102 527 725 392 165 213 303 461 589 802 618 100 100 313 204 144 459 355 477 733 777 697 776 541 74 318 265
leaf_count=51 698 382 316 102 527 725 392 165 213 303 461 589 802 618 100 100 313 204 144 459 355 477 733 777 697 776 541 74 318 265
internal_value=0 0.576233 -0.871142 -1.96031 -0.573571 0.265738 1.37642 1.82784 -1.6779 1.11879 -0.905391 0.504377 0.0684182 -0.371353 -2.89645 -3.17562 -1.49175 -1.99787 1.62909 -0.776006 1.3025 0.647454 0.177415 -0.266628 0.39712 -0.0450898 -0.508142 2.27358 0.946104 -1.11027
internal_weight=0 7630 5047 1083 3964 5497 2133 775 832 1358 1501 2488 3009 2463 251 151 526 306 536 920 658 1066 1535 1395 1422 1474 1068 239 700 581
internal_count=12677 7630 5047 1083 3964 5497 2133 775 832 1358 1501 2488 3009 2463 251 151 526 306 536 920 658 1066 1535 1395 1422 1474 1068 239 700 581
is_linear=0
shrinkage=0.5


Tree=2
num_leaves=31
num_cat=0
split_feature=7 7 7 7 7 7 7 7 7 7 7 7 7 7 7 7 7 26 7 7 7 7 7 7 7 7 7 7 7 7
split_gain=6377.06 1940.47 1598.05 300.178 290.459 238.323 231.822 72.112 57.1233 45.334 41.235 40.9632 32.0817 31.9643 25.5155 12.1068 10.3266 7.65731 7.63813 6.10403 5.32331 4.97032 4.86439 4.83622 4.21404 4.01384 3.77207 3.71386 3.53764 2.85681
threshold=84.36714935000002 88.17964935000002 80.288997650000013 76.226497650000013 86.163997650000013 91.288997650000013 82.74214935000002 89.788997650000013 78.195301050000012 85.195301050000012 81.64839935000002 87.070301050000012 93.070301050000012 73.820247650000013 83.64839935000002 79.46089935000002 89.11714935000002 3.8437500000000004 85.64839935000002 87.58589935000002 90.538997650000013 74.851497650000013 77.58589935000002 86.601497650000013 82.070301050000012 80.757801050000012 83.21089935000002 84.788997650000013 91.71089935000002 94.265598300000008
decision_type=2 2 2 2 2 2 2 2 2 2 2 2 2 2 2 2 2 2 2 2 2 2 2 2 2 2 2 2 2 2
left_child=2 4 3 13 9 7 10 16 22 27 25 23 28 17 26 -10 -3 -1 -11 -13 -9 -15 -5 -6 -12 -4 -8 -2 -7 -14
right_child=1 5 6 8 11 12 14 20 15 18 24 19 29 21 -16 -17 -18 -19 -20 -21 -22 -23 -24 -25 -26 -27 -28 -29 -30 -31
leaf_value=-1.5909105569888384 -0.058500866925458653 0.46983703149331585 -0.5895535004473178 -1.084071962864368 0.17763790972728996 0.86035841143371272 -0.27128331889952967 0.68187054665640712 -0.81673582697671554 0.051926283805818256 -0.41812505981285281 0.30149713508048448 1.1601926945149899 -1.4305266046524048 -0.13415515135367848 -0.67788863791444431 0.58485224397475533 -1.9192004048306008 0.11778513708262034 0.37794929672161054 0.7658498042542744 -1.2374529457092285 -0.9428724357397249 0.23591593282638923 -0.34531259709232492 -0.50584852626637555 -0.21198634485549786 -0.0077491697022476448 0.97796862732086864 1.3486496883889902
leaf_weight=78 714 555 214 154 752 149 529 393 315 836 292 597 160 50 1156 313 301 23 930 464 363 100 101 676 622 433 544 728 112 23
leaf_count=78 714 555 214 154 752 149 529 393 315 836 292 597 160 50 1156 313 301 23 930 464 363 100 101 676 622 433 544 728 112 23
internal_value=0 0.282616 -0.444988 -0.965725 0.132344 0.699005 -0.289179 0.609664 -0.828571 0.0328989 -0.436947 0.260516 1.02337 -1.44822 -0.185694 -0.747533 0.51028 -1.66567 0.0866085 0.334931 0.722194 -1.30181 -1.02815 0.205226 -0.368574 -0.533535 -0.24122 -0.0328787 0.910827 1.18388
internal_weight=0 7753 4924 1134 5697 2056 3790 1612 883 3208 1561 2489 444 251 2229 628 856 101 1766 1061 756 150 255 1428 914 647 1073 1442 261 183
internal_count=12677 7753 4924 1134 5697 2056 3790 1612 883 3208 1561 2489 444 251 2229 628 856 101 1766 1061 756 150 255 1428 914 647 1073 1442 261 183
is_linear=0
shrinkage=0.5


Tree=3
num_leaves=31
num_cat=0
split_feature=7 7 7 7 7 7 7 7 17 26 7 7 7 7 7 7 7 7 7 7 7 7 7 7 7 7 19 7 7 7
split_gain=1604.8 533.904 357.773 81.5802 67.9628 66.0422 49.6711 15.1714 14.6529 14.4312 13.5274 13.1685 11.1152 8.40384 6.5441 6.18903 2.79954 2.489 2.46888 2.19489 1.89583 1.87544 1.62146 1.29969 1.06595 1.03706 0.966496 0.874531 0.799544 0.727323
threshold=84.08589935000002 87.945301050000012 80.038997650000013 85.820301050000012 90.74214935000002 76.226497650000013 82.27339935000002 91.788997650000013 582.50000000000011 3.0312500000000004 86.882801050000012 89.195301050000012 78.71089935000002 84.913997650000013 83.05464935000002 81.55464935000002 93.39839935000002 90.08589935000002 77.58589935000002 86.445301050000012 85.36714935000002 88.55464935000002 74.851497650000013 87.413997650000013 83.913997650000013 90.288997650000013 -30.916666472222218 80.757801050000012 94.078098300000008 87.77339935000002
decision_type=2 2 2 2 2 2 2 2 2 2 2 2 2 2 2 2 2 2 2 2 2 2 2 2 2 2 2 2 2 2
left_child=2 3 5 13 11 8 15 -6 9 -1 19 21 18 -2 -8 27 26 -13 -7 -5 -15 -3 -10 -12 -16 -19 -9 -4 -18 -25
right_child=1 4 6 10 7 12 14 16 22 -11 23 17 -14 20 24 -17 28 25 -20 -21 -22 -23 -24 29 -26 -27 -28 -29 -30 -31
leaf_value=-0.74700468778610229 -0.031633778622541533 0.21117262774520068 -0.29626521435153635 0.072188980297094599 0.41165362433325109 -0.54203597040145424 -0.15516362728783001 0.58814725509056676 -0.70854377392495027 -1.2953208655118942 0.14052945361228361 0.30015481612304362 -0.37455769543940165 0.0046385138801634147 -0.10510603668204972 -0.20449683660442389 0.5825750532604399 0.39787077028816992 -0.45808117333891357 0.10748799771398429 0.038583545854956713 0.26197083826575962 -0.61872645735740661 0.18590030037971197 -0.069096246719478616 0.33942743289470673 0.47828132941805085 -0.26060285148475149 0.65992477353738277 0.14206141127845434
leaf_weight=30 1433 417 316 1117 431 154 811 26 101 20 629 410 424 869 1114 515 105 109 203 727 781 322 100 371 252 250 87 377 49 127
leaf_count=30 1433 417 316 1117 431 154 811 26 101 20 629 410 424 869 1114 515 105 109 203 727 781 322 100 371 252 250 87 377 49 127
internal_value=0 0.130091 -0.243276 0.0533558 0.340677 -0.500997 -0.164703 0.469673 -0.724112 -0.966331 0.112482 0.280969 -0.429291 -0.00362199 -0.119586 -0.246012 0.56333 0.326773 -0.494297 0.0861057 0.0207058 0.233307 -0.663859 0.155638 -0.0984629 0.357172 0.50356 -0.276864 0.607186 0.174721
internal_weight=0 8260 4417 6054 2206 1032 3385 698 251 50 2971 1508 781 3083 2177 1208 267 769 357 1844 1650 739 201 1127 1366 359 113 693 154 498
internal_count=12677 8260 4417 6054 2206 1032 3385 698 251 50 2971 1508 781 3083 2177 1208 267 769 357 1844 1650 739 201 1127 1366 359 113 693 154 498
is_linear=0
shrinkage=0.5


Tree=4
num_leaves=31
num_cat=0
split_feature=7 7 7 7 7 7 7 24 26 7 7 7 7 7 7 7 24 3 7 7 7 7 26 19 7 7 7 7 17 7
split_gain=403.981 125.254 97.0938 23.0339 17.3964 16.1942 13.7084 5.63198 5.44924 3.88109 3.21105 2.48934 2.25953 1.6663 1.64593 1.0411 1.00443 1.19695 0.991063 1.31723 0.716072 1.03404 0.617303 0.546265 0.493315 0.475709 1.13723 0.602642 0.471385 0.466131
threshold=84.30464935000002 88.507801050000012 80.038997650000013 86.05464935000002 77.24214935000002 82.570301050000012 91.55464935000002 48.828100200000009 3.1562500000000004 87.36714935000002 89.99214935000002 81.33589935000002 85.163997650000013 79.070301050000012 83.445301050000012 93.39839935000002 50.265600200000009 38.285100950000007 78.86714935000002 78.71089935000002 86.92964935000002 87.24214935000002 2.5312500000000004 -20.916666472222218 87.163997650000013 79.74214935000002 79.61714935000002 79.89839935000002 614.25000000000011 83.351497650000013
decision_type=2 2 2 2 2 2 2 2 2 2 2 2 2 2 2 2 2 2 2 2 2 2 2 2 2 2 2 2 2 2
left_child=2 3 4 12 7 11 10 8 -1 20 -3 -4 -2 18 29 -8 17 22 19 -6 -5 24 -9 -24 -22 26 -15 -27 -18 -7
right_child=1 6 5 9 13 14 15 16 -10 -11 -12 -13 -14 25 -16 -17 28 -19 -20 -21 21 -23 23 -25 -26 27 -28 -29 -30 -31
leaf_value=-0.35937078091604957 -0.0084734182710736444 0.13946668678661489 -0.14322398899701136 0.048759623663941529 -0.2309807610278036 -0.061832658947590803 0.24889878375455737 -0.33592061267087336 -0.69862249251455066 0.093683776657214335 0.18620686431592118 -0.1013888458967598 0.018290929681141287 -0.18519635204296964 -0.038594022021119924 0.30359316404376713 -0.32666607915538631 -0.24881680735519954 -0.28924363465220843 -0.14566480138085106 0.073734163193384536 0.034308834961449652 -0.4786299480633302 -0.36720680631697178 0.11565291436146134 -0.24281742710333604 -0.10164949568835172 -0.16632269235218272 -0.27631722670048475 -0.095333192560632343
leaf_weight=29 1525 727 580 1450 255 865 200 38 20 929 743 919 1633 157 1268 154 73 21 54 55 296 146 22 22 92 52 55 51 128 118
leaf_count=29 1525 727 580 1450 255 865 200 38 20 929 743 919 1633 157 1268 154 73 21 54 55 296 146 22 22 92 52 55 51 128 118
internal_value=0 0.0694658 -0.114687 0.0349457 -0.250498 -0.0773115 0.184362 -0.340533 -0.497841 0.0670128 0.163091 -0.117576 0.00536641 -0.203691 -0.0504984 0.272692 -0.315177 -0.355326 -0.226733 -0.215844 0.0545242 0.0701769 -0.382602 -0.422918 0.0836737 -0.177065 -0.163521 -0.204941 -0.294603 -0.0658541
internal_weight=0 7895 4782 6071 1032 3750 1824 353 49 2913 1470 1499 3158 679 2251 354 304 103 364 310 1984 534 82 44 388 315 212 103 201 983
internal_count=12677 7895 4782 6071 1032 3750 1824 353 49 2913 1470 1499 3158 679 2251 354 304 103 364 310 1984 534 82 44 388 315 212 103 201 983
is_linear=0
shrinkage=0.5


Tree=5
num_leaves=31
num_cat=0
split_feature=7 7 7 7 7 7 7 26 7 7 7 7 7 7 7 7 7 7 7 7 7 16 14 7 21 7 7 7 7 7
split_gain=102.621 28.3307 27.6744 5.19853 4.66027 4.54979 3.42585 2.62862 1.02068 0.873678 1.86823 0.837305 0.740693 0.759758 0.622988 0.551224 0.551132 0.523099 0.638849 0.485006 0.816759 0.483218 0.869734 0.514372 0.810122 0.470965 0.425315 0.52246 0.412355 0.632023
threshold=84.74214935000002 80.413997650000013 88.74214935000002 77.24214935000002 82.99214935000002 86.476497650000013 91.21089935000002 4.0312500000000009 81.99214935000002 90.976497650000013 90.80464935000002 87.632801050000012 81.80464935000002 81.726497650000013 79.070301050000012 85.788997650000013 83.913997650000013 82.882801050000012 82.788997650000013 80.538997650000013 80.64839935000002 252.99999940000001 23000.500000000004 72.812450400000003 81.17964935000002 94.078098300000008 83.788997650000013 83.695301050000012 85.92964935000002 85.99214935000002
decision_type=2 2 2 2 2 2 2 2 2 2 2 2 2 2 2 2 2 2 2 2 2 2 2 2 2 2 2 2 2 2
left_child=1 3 5 7 8 15 9 21 12 10 -4 -7 13 19 -5 -2 26 18 -10 -3 -21 22 -1 -24 -25 -8 27 -6 -17 -30
right_child=2 4 6 14 16 11 25 -9 17 -11 -12 -13 -14 -15 -16 28 -18 -19 -20 20 -22 -23 23 24 -26 -27 -28 -29 29 -31
leaf_value=-0.25851852104067802 0.0045084734508315828 -0.019618035510607194 0.079132998072004634 -0.11336650280985511 -0.026628075284396653 0.032448454053792375 0.12641662547623775 -0.33369921745084552 -0.041754661266039425 0.034277548630618389 0.15142132463503857 0.052555757653142271 -0.10243334118942064 -0.0058126020463063355 -0.085786270327929764 0.035263579161394207 -0.011954254620039406 -0.071366708664620512 -0.0015268064851529505 -0.12714962689381726 -0.062158159997991541 -0.12639232885969034 -0.094062031801933274 -0.22690923024049919 -0.15094026289502713 0.17816581379394142 -0.047387043123736101 0.00861313488955299 -0.020701797958463431 0.018044828598767795
leaf_weight=25 1862 57 1016 364 851 1536 428 23 735 90 98 781 112 62 468 273 1403 122 114 53 550 85 26 46 148 49 204 120 120 856
leaf_count=25 1862 57 1016 364 851 1536 428 23 735 90 98 781 112 62 468 273 1403 122 114 53 550 85 26 46 148 49 204 120 120 856
internal_value=0 -0.0508316 0.039813 -0.119424 -0.0322868 0.0224522 0.0958714 -0.170266 -0.0517715 0.0816639 0.0854923 0.0392261 -0.0646008 -0.058732 -0.0978526 0.00995946 -0.0186446 -0.0407523 -0.036353 -0.0637033 -0.0678705 -0.158875 -0.170145 -0.160103 -0.168954 0.131733 -0.0266331 -0.0222728 0.0180858 0.0132809
internal_weight=0 5568 7109 1185 4383 5428 1681 353 1805 1204 1114 2317 834 722 832 3111 2578 971 849 660 603 330 245 220 194 477 1175 971 1249 976
internal_count=12677 5568 7109 1185 4383 5428 1681 353 1805 1204 1114 2317 834 722 832 3111 2578 971 849 660 603 330 245 220 194 477 1175 971 1249 976
is_linear=0
shrinkage=0.5


Tree=6
num_leaves=31
num_cat=0
split_feature=7 7 7 17 36 7 7 26 7 26 7 7 7 7 7 7 7 7 7 7 7 7 19 7 7 7 34 19 14 26
split_gain=25.9101 7.50779 6.67765 2.69847 3.618 1.50525 1.45515 0.890728 0.793362 0.453332 0.422689 0.670801 0.414183 0.409302 0.787231 0.338917 0.336742 0.708584 0.321522 0.321266 0.286374 0.362397 0.319994 0.251373 0.76293 0.472905 0.247896 0.395302 0.477025 0.299851
threshold=84.507801050000012 87.86714935000002 79.46089935000002 582.50000000000011 0.58049997650000018 81.99214935000002 90.476497650000013 3.8437500000000004 85.851497650000013 0.84375000000000011 93.070301050000012 92.61714935000002 91.788997650000013 84.61714935000002 84.71089935000002 83.257801050000012 87.77339935000002 87.67964935000002 83.351497650000013 83.39839935000002 93.58589935000002 93.757801050000012 -28.638888472222217 85.038997650000013 85.132801050000012 84.976497650000013 70.158649450000013 -23.527777972222221 25998.500000000004 2.8437500000000004
decision_type=2 2 2 2 2 2 2 2 2 2 2 2 2 2 2 2 2 2 2 2 2 2 2 2 2 2 2 2 2 2
left_child=2 8 3 4 -1 -4 -3 9 13 -5 11 12 -8 -2 -15 -7 17 -10 -17 -20 22 -22 -12 25 -25 -16 29 28 -28 -11
right_child=1 6 5 7 -6 15 10 -9 16 26 20 -13 -14 14 23 18 -18 -19 19 -21 21 -23 -24 24 -26 -27 27 -29 -30 -31
leaf_value=-0.33923426997803507 0.023568858416888824 0.033113699496132555 -0.034527759581574169 -0.052330855657535404 -0.066725366491952848 -0.020017259502554351 0.052842807946677832 0.037846758453683418 0.013475296867821847 -0.080186594126716956 0.059738082741387186 -0.022236413488696729 0.097898932290263474 -0.035751045668778354 0.0043133669687212325 0.016918750753233191 -0.017184002294449045 0.058097701033820275 -0.047022325048844023 -0.0097986184996834771 0.017303612033824071 0.081730539204947883 0.13861842391391596 -0.031489953603390811 0.0030744413259806325 0.041501794968332562 -0.14400199850400289 -0.050149546493588729 -0.073793317340314385 -0.14725192812271415
leaf_weight=21 196 1410 1198 387 29 1268 572 22 2698 50 20 28 56 146 460 109 84 92 60 1709 28 99 36 182 1300 105 30 132 125 25
leaf_count=21 196 1410 1198 387 29 1268 572 22 2698 50 20 28 56 146 460 109 84 92 60 1709 28 99 36 182 1300 105 30 132 125 25
internal_value=0 0.0187436 -0.0272608 -0.0686151 -0.181179 -0.019445 0.0429244 -0.0613152 0.00841063 -0.0642278 0.059412 0.0534845 0.0568606 0.00167739 -0.000279167 -0.0137015 0.0140076 0.0149467 -0.00943719 -0.0110612 0.0806604 0.0675262 0.110447 0.00225083 -0.00117031 0.0112245 -0.0769464 -0.0702577 -0.0873821 -0.102542
internal_weight=0 7512 5165 821 50 4344 2249 771 5263 749 839 656 628 2389 2193 3146 2874 2790 1878 1769 183 127 56 2047 1482 565 362 287 155 75
internal_count=12677 7512 5165 821 50 4344 2249 771 5263 749 839 656 628 2389 2193 3146 2874 2790 1878 1769 183 127 56 2047 1482 565 362 287 155 75
is_linear=0
shrinkage=0.5


Tree=7
num_leaves=31
num_cat=0
split_feature=7 7 7 0 7 7 7 7 7 24 22 17 21 7 7 7 7 20 7 7 7 7 7 9 7 7 7 7 7 7
split_gain=6.68083 2.42851 1.64904 1.42047 0.635878 0.810675 0.606525 0.956619 0.489927 0.655994 0.502189 0.354287 0.402119 0.332036 0.935824 0.401088 0.315427 0.275904 0.248886 0.241303 0.519644 0.51395 0.237032 0.233844 0.226015 0.209085 0.477385 0.801294 0.204184 0.198636
threshold=85.33589935000002 81.05464935000002 89.36714935000002 99.656250000000014 81.163997650000013 81.27339935000002 89.570301050000012 89.71089935000002 72.812450400000003 51.359350200000009 1474.9950000000001 597.87500000000011 78.562450400000003 85.49214935000002 85.58589935000002 85.42964935000002 83.86714935000002 0.39257749900000005 83.788997650000013 84.195301050000012 84.132801050000012 84.27339935000002 89.476497650000013 31.066399550000003 83.74214935000002 86.882801050000012 86.757801050000012 86.663997650000013 86.820301050000012 85.27339935000002
decision_type=2 2 2 2 2 2 2 2 2 2 2 2 2 2 2 2 2 2 2 2 2 2 2 2 2 2 2 2 2 2
left_child=1 3 13 -1 -3 -6 22 -8 10 11 -5 -10 -13 15 -15 -2 18 -14 24 20 -18 -21 -4 -19 -7 26 27 -16 -28 -23
right_child=2 4 6 8 5 16 7 -9 9 -11 -12 12 17 14 25 -17 19 23 -20 21 -22 29 -24 -25 -26 -27 28 -29 -30 -31
leaf_value=-0.12999195368577013 0.0085100635512580357 0.049142917761435874 0.043131931126117705 -0.038402318125008605 -0.066257524237568893 -0.0093026130164603343 -0.028724515244741983 0.02802864763714177 -0.097919976864105612 -0.023899262747043359 0.064585904109066936 -0.10886891625289406 0.015385356164820816 -0.032234180891355935 0.0040025805615357905 0.046361619133060264 -0.0011154402208644605 -0.07788323547639367 -0.030694647434987683 -0.034320927764240061 0.036355045059176742 -0.00078177496196471118 0.098276070466167043 -0.028751493028107075 0.022839136887341738 0.011632220449178384 -0.032891353825107217 0.04139853576498647 -0.00090781117065085305 -0.020603791392846581
leaf_weight=34 172 52 40 20 56 2345 79 1235 39 1176 29 21 23 151 1889 118 383 36 134 133 122 1788 38 74 56 1941 112 155 90 136
leaf_count=34 172 52 40 20 56 2345 79 1235 39 1176 29 21 23 151 1889 118 383 36 134 133 122 1788 38 74 56 1941 112 155 90 136
internal_value=0 -0.0109153 0.0120703 -0.0289965 -0.00587132 -0.00642648 0.0271594 0.0246165 -0.0265749 -0.0283332 0.0225499 -0.0553506 -0.0445701 0.00753183 0.00643681 0.0239117 -0.00576912 -0.0344176 -0.00972336 -0.00185656 0.00793684 -0.00426087 0.069997 -0.044831 -0.00855295 0.00783144 0.0045468 0.00683838 -0.0186413 -0.00218292
internal_weight=0 6657 6020 1452 5205 5153 1392 1314 1418 1369 49 193 154 4628 4338 290 5097 133 2535 2562 505 2057 78 110 2401 4187 2246 2044 202 1924
internal_count=12677 6657 6020 1452 5205 5153 1392 1314 1418 1369 49 193 154 4628 4338 290 5097 133 2535 2562 505 2057 78 110 2401 4187 2246 2044 202 1924
is_linear=0
shrinkage=0.5


Tree=8
num_leaves=31
num_cat=0
split_feature=7 26 7 7 7 21 7 7 23 19 22 10 7 7 7 7 32 7 7 7 10 21 17 32 21 7 7 7 7 7
split_gain=1.71048 1.19687 0.541175 0.534711 0.706108 0.456581 0.192456 0.310752 0.181826 0.285697 0.281249 0.207701 0.174708 0.170818 0.585949 0.388702 0.160521 0.143092 0.531021 0.452402 0.138092 0.249701 0.204285 0.276009 0.123835 0.11817 0.177953 0.118825 0.115872 0.478148
threshold=84.55464935000002 4.0312500000000009 89.02339935000002 88.89839935000002 88.820301050000012 86.86714935000002 84.61714935000002 84.663997650000013 239.84999850000003 -28.916666249999995 1474.9950000000001 0.42578099650000006 91.64839935000002 90.976497650000013 91.070301050000012 90.86714935000002 232.82970085000002 90.288997650000013 90.226497650000013 90.413997650000013 0.35253849650000008 80.171848300000008 606.87500000000011 238.57970085000002 84.99214935000002 91.132801050000012 91.46089935000002 91.382801050000012 88.320301050000012 88.39839935000002
decision_type=2 2 2 2 2 2 2 2 2 2 2 2 2 2 2 2 2 2 2 2 2 2 2 2 2 2 2 2 2 2
left_child=1 5 3 4 6 8 -2 -8 9 16 24 -11 13 15 -15 17 -1 18 -4 -19 21 -12 23 -22 -10 -16 27 -27 -9 -30
right_child=2 -3 12 -5 -6 -7 7 28 10 11 20 -13 -14 14 25 -17 -18 19 -20 -21 22 -23 -24 -25 -26 26 -28 -29 29 -31
leaf_value=0.0080584101590581922 0.023029304943654849 -0.12072125830404136 0.011727652817131931 -0.040122901399930321 0.070283706562641338 -0.0045888794711031093 -0.028000872447548144 0.0033554933933528995 -0.085904579751355487 0.060446861027836953 -0.074901163284839298 -0.0010853588173631579 0.023593155230086021 -0.06803611563197498 -0.02146293253948291 0.052803870732501403 -0.046753962366732169 -0.03097791742388304 0.074402540922164917 0.01295921304928405 0.059888204515335108 -0.022260387230798026 -0.018096909007033233 -0.015941834268492779 -0.032108871045056733 0.014875172460979792 -0.0097850471613173048 0.051850637154919763 -0.057657267618924382 0.0011721474496765511
leaf_weight=22 115 23 552 72 39 4534 83 5293 23 24 27 32 322 29 30 59 34 77 36 245 21 136 322 28 20 97 61 28 40 253
leaf_count=22 115 23 552 72 39 4534 83 5293 23 24 27 32 322 29 30 59 34 77 36 245 21 136 322 28 20 97 61 28 40 253
internal_value=0 -0.00691242 0.00487991 0.00270185 0.00323137 -0.00641126 0.00277925 0.00236846 -0.0184035 3.25311e-05 -0.0219821 0.0252856 0.013239 0.0104927 -0.0013025 0.013475 -0.0252205 0.0109251 0.0155649 0.00245251 -0.0188496 -0.03098 -0.01352 0.0165568 -0.0608833 0.0076571 0.0123539 0.0231577 0.00281971 -0.00685917
internal_weight=0 5246 7431 5895 5823 5223 5784 5669 689 112 577 56 1536 1214 245 969 56 910 588 322 534 163 371 49 43 216 186 125 5586 293
internal_count=12677 5246 7431 5895 5823 5223 5784 5669 689 112 577 56 1536 1214 245 969 56 910 588 322 534 163 371 49 43 216 186 125 5586 293
is_linear=0
shrinkage=0.5


Tree=9
num_leaves=31
num_cat=0
split_feature=17 20 26 7 7 7 7 7 7 7 0 36 31 36 3 14 7 7 7 16 0 7 7 7 7 26 7 7 7 7
split_gain=0.839767 1.50422 0.903806 0.598637 0.256715 0.840288 0.579519 0.306384 0.61494 0.309146 0.171553 0.163067 0.178025 0.162998 0.315309 0.225205 0.19278 0.827197 0.487498 0.225489 0.147882 0.131088 0.129413 0.282496 0.126762 0.124924 0.0949804 0.159496 0.0928192 0.0875829
threshold=582.50000000000011 0.52148401750000006 3.8437500000000004 86.476497650000013 82.507801050000012 82.382801050000012 82.33589935000002 86.320301050000012 86.257801050000012 86.382801050000012 102.46849800000001 0.60249999150000011 336.71850600000005 0.62400001300000019 36.285100950000007 25002.500000000004 78.195301050000012 77.89839935000002 77.58589935000002 237.50000035000002 115.15599800000001 76.788997650000013 78.86714935000002 79.070301050000012 82.445301050000012 1.7812500000000002 82.21089935000002 82.132801050000012 94.265598300000008 86.538997650000013
decision_type=2 2 2 2 2 2 2 2 2 2 2 2 2 2 2 2 2 2 2 2 2 2 2 2 2 2 2 2 2 2
left_child=1 -1 3 4 5 6 10 8 -6 -9 -2 12 -12 14 15 -13 17 18 19 21 -14 -15 -18 -24 -7 -21 27 -25 29 -5
right_child=2 -3 -4 28 7 24 -8 9 -10 -11 11 13 20 16 -16 -17 22 -19 -20 25 -22 -23 23 26 -26 -27 -28 -29 -30 -31
leaf_value=-0.14799239969131753 0.011470628395093654 0.025594876196313027 0.10151131853291934 0.019414054293769831 -0.00054477625190033302 -0.066891628283041502 0.041185732819695973 -0.040051541320587462 0.036376754032528921 -0.0044401892460882667 -0.059350001641238728 -0.049880968127399686 -0.040869259884437688 0.030251769218593835 0.055425655899471751 0.018172194593540962 0.009266176385576308 -0.081476443302300236 0.039378518153292436 -0.055283004676716194 0.0089127672328946309 -0.01612913892723811 -0.0443152501975419 -0.0053845559906975805 -0.032632043067779809 -0.015766520130758483 0.0090075273727171258 -0.033352973291052961 0.03680684667526056 0.0045709577700238733
leaf_weight=26 132 24 22 102 5829 54 67 95 115 170 30 20 26 25 31 31 141 45 45 45 35 39 48 1334 54 36 107 53 23 3873
leaf_count=26 132 24 22 102 5829 54 67 95 115 170 30 20 26 25 31 31 141 45 45 45 35 39 48 1334 54 36 107 53 23 3873
internal_value=0 -0.0646705 0.00025608 7.93556e-05 -0.00226906 -0.00666302 -0.00463042 -0.000572057 0.000169553 -0.0172065 -0.00601129 -0.00711488 -0.0278149 -0.00617303 0.0156575 -0.00851532 -0.00710635 -0.0205212 -0.00608441 -0.0201936 -0.0123058 0.0019884 -0.00523322 -0.00655903 -0.0497618 -0.0377201 -0.00534598 -0.00645328 0.0051351 0.00495184
internal_weight=0 50 12627 12605 8607 2398 2290 6209 5944 265 2223 2091 91 2000 82 51 1918 235 190 145 61 64 1683 1542 108 81 1494 1387 3998 3975
internal_count=12677 50 12627 12605 8607 2398 2290 6209 5944 265 2223 2091 91 2000 82 51 1918 235 190 145 61 64 1683 1542 108 81 1494 1387 3998 3975
is_linear=0
shrinkage=0.5


Tree=10
num_leaves=31
num_cat=0
split_feature=21 19 7 7 7 7 31 7 9 36 11 19 21 14 7 7 10 23 26 3 17 7 7 7 7 7 7 22 7 7
split_gain=0.734226 2.18648 0.483067 0.182463 0.177943 0.277673 0.0785194 0.145166 0.206437 0.128951 0.11611 0.265463 0.134845 0.119391 0.130607 0.115265 0.0662932 0.0582562 0.0572143 0.0507867 0.0497475 0.0485747 0.377924 0.166117 0.101869 0.057938 0.0478975 0.0475873 0.0466057 0.0449189
threshold=78.562450400000003 -20.083333138888886 72.812450400000003 86.851497650000013 86.757801050000012 86.695301050000012 338.31250000000006 75.632801050000012 34.769498850000012 0.60249999150000011 346.49669875000001 -29.24999980555555 84.507801050000012 30999.500000000004 77.89839935000002 74.851497650000013 0.35644450800000005 239.44999700000002 0.40625000000000006 35.503900550000004 628.68750000000011 87.24214935000002 87.320301050000012 87.132801050000012 86.99214935000002 86.96089935000002 86.788997650000013 1431.0600000000002 87.195301050000012 88.320301050000012
decision_type=2 2 2 2 2 2 2 2 2 2 2 2 2 2 2 2 2 2 2 2 2 2 2 2 2 2 2 2 2 2
left_child=1 -1 -2 4 5 6 10 8 -8 -9 11 12 -4 14 -14 -12 -15 -17 19 -18 -11 23 -23 24 25 -5 -6 -22 -25 -24
right_child=2 -3 3 21 26 -7 7 9 -10 20 15 -13 13 16 -16 17 18 -19 -20 -21 27 22 29 28 -26 -27 -28 -29 -30 -31
leaf_value=-0.18897952986881136 0.065845500428362611 0.021763920602097642 0.023574923428015843 0.005235208518570289 -0.031060337696386421 0.025578551107283794 0.057869731876999141 -0.040994885913096371 -0.01028323033824563 -0.017198097656744168 0.039583321724256333 -0.054378761670223492 -0.011292124772919533 0.017099584139941726 -0.053181856653342643 0.016454228633930059 0.003657115176214244 -0.016969237101875478 -0.032235247171705679 -0.024573668349711669 0.022513432872735641 -0.028202248602798304 0.0065461418886799709 0.016006450472009735 -0.0067212715546996473 0.026267401366071266 -0.012039551787646645 -0.00077110619882851238 0.035586651018325317 0.0022083940680232379
leaf_weight=20 28 32 31 128 46 99 25 20 20 46 22 34 49 32 30 22 66 32 21 21 22 97 862 86 167 44 118 8470 47 1940
leaf_count=20 28 32 31 128 46 99 25 20 20 46 22 34 49 32 30 22 66 32 21 21 22 97 862 86 167 44 118 8470 47 1940
internal_value=0 -0.0592913 0.00024421 9.83941e-05 -0.00105187 -0.000756464 -0.00104734 -0.000744613 0.0275795 -0.000893548 -0.00828179 -0.012927 -0.00728951 -0.0116585 -0.0271996 0.00907645 -0.00288879 -0.00335227 -0.00881127 -0.00315721 -0.000799612 0.00324651 0.00248066 0.00795031 0.00207499 0.0106155 -0.0173747 -0.000710784 0.0229258 0.00354285
internal_weight=0 52 12625 12597 9226 9062 8963 8603 45 8558 360 284 250 219 79 76 140 54 108 87 8538 3371 2899 472 339 172 164 8492 133 2802
internal_count=12677 52 12625 12597 9226 9062 8963 8603 45 8558 360 284 250 219 79 76 140 54 108 87 8538 3371 2899 472 339 172 164 8492 133 2802
is_linear=0
shrinkage=0.5


Tree=11
num_leaves=31
num_cat=0
split_feature=0 3 7 11 24 7 23 7 7 7 7 7 7 7 7 7 7 34 34 3 7 7 14 7 7 7 7 7 7 7
split_gain=0.584508 1.0698 0.643847 0.40869 0.090144 0.301742 0.255497 0.0780457 0.187836 0.303793 0.156227 0.109629 0.154902 0.0928723 0.0684337 0.0961161 0.0516698 0.112534 0.193778 0.252563 0.12964 0.108347 0.0597592 0.0489095 0.0621782 0.0484886 0.0446557 0.165645 0.506849 0.0748595
threshold=97.468750000000014 31.816399550000003 72.812450400000003 342.61149825000001 50.265600200000009 73.820247650000013 249.94999700000002 87.945301050000012 88.320301050000012 88.445301050000012 88.27339935000002 87.77339935000002 87.726497650000013 87.83589935000002 87.507801050000012 87.46089935000002 76.788997650000013 73.523746500000001 71.999950400000003 35.93354990000001 75.632801050000012 77.24214935000002 29998.500000000004 88.08589935000002 88.02339935000002 88.226497650000013 81.55464935000002 81.80464935000002 81.89839935000002 81.163997650000013
decision_type=2 2 2 2 2 2 2 2 2 2 2 2 2 2 2 2 2 2 2 2 2 2 2 2 2 2 2 2 2 2
left_child=1 -1 3 -2 5 -4 -7 11 10 -10 23 12 14 -13 15 16 17 18 19 -6 -19 22 -18 24 -9 -25 29 -28 -29 -23
right_child=2 -3 4 -5 7 6 -8 8 9 -11 -12 13 -14 -15 -16 -17 21 20 -20 -21 -22 26 -24 25 -26 -27 27 28 -30 -31
leaf_value=0.0020670582478701629 0.0014838905073702336 -0.1436678609927185 0.021740849016766463 0.093757241795537988 -0.023592647146283379 -0.012195569871274086 -0.079583880539179183 0.0066470535606832099 -0.029065394436474889 0.0024018138279839197 0.043256347378094993 -0.033634950491515075 0.027204047815472473 -0.0052198248141142262 -0.0090240146475432 0.023934307076582093 -0.041194665180519223 -0.025588941123140484 0.064448014693334693 0.041919433212439926 0.016281994176097214 -0.0013748132022380576 -0.0050144105972278682 -0.00039861650189517865 0.035856597764151434 0.020072280214383051 0.01534720489440985 -0.046817807127432574 9.1335530653463193e-05 -0.011429624780022215
leaf_weight=34 20 20 35 30 31 39 22 38 80 1860 42 44 51 83 226 41 25 38 20 28 36 1140 21 112 35 39 174 58 8034 221
leaf_count=34 20 20 35 30 31 39 22 38 80 1860 42 44 51 83 226 41 25 38 20 28 36 1140 21 112 35 39 174 58 8034 221
internal_value=0 -0.0519088 0.000222061 0.0568479 -3.12713e-06 -0.0152661 -0.0364996 0.000114308 0.00281263 0.0011042 0.0152726 -0.000465235 -0.000282457 -0.0150644 -0.000421346 -0.000224305 -0.00032511 0.00879153 0.0219156 0.00749783 -0.0052193 -0.00046931 -0.0246776 0.0100256 0.0206516 0.00488857 -0.000353637 8.33257e-05 -0.000244889 -0.00300752
internal_weight=0 54 12623 50 12573 96 61 12477 2206 1940 266 10271 10144 127 10093 9867 9826 153 79 59 74 9673 46 224 73 151 9627 8266 8092 1361
internal_count=12677 54 12623 50 12573 96 61 12477 2206 1940 266 10271 10144 127 10093 9867 9826 153 79 59 74 9673 46 224 73 151 9627 8266 8092 1361
is_linear=0
shrinkage=0.5


Tree=12
num_leaves=31
num_cat=0
split_feature=26 0 3 11 14 17 31 19 7 24 28 9 21 7 7 9 17 14 34 17 31 14 36 17 0 7 36 3 3 22
split_gain=0.690517 0.151146 0.225501 0.13042 0.190611 0.150534 0.0664059 0.0575231 0.0467129 0.0749444 0.210913 0.0902267 0.18487 0.0469052 0.0561634 0.0420885 0.0414711 0.0397088 0.164134 0.10922 0.167574 0.0502405 0.0557458 0.0378301 0.0618152 0.0587595 0.0846775 0.0496696 0.101536 0.0361159
threshold=4.0312500000000009 97.468750000000014 31.691399550000003 337.91309964999999 30998.500000000004 582.50000000000011 324.40600600000005 -33.250000194444446 91.64839935000002 70.359348300000008 86.820301050000012 33.480400100000004 101.27299850000001 93.58589935000002 93.757801050000012 30.074199650000004 855.18750000000011 22001.500000000004 73.777751900000013 606.87500000000011 335.03100600000005 23997.500000000004 0.59150001450000012 628.68750000000011 115.84349800000001 76.788997650000013 0.61000001400000003 32.613199250000001 29.277299900000003 2089.4951200000005
decision_type=2 2 2 2 2 2 2 2 2 2 2 2 2 2 2 2 2 2 2 2 2 2 2 2 2 2 2 2 2 2
left_child=1 2 -1 4 -3 -5 7 -7 17 11 -11 12 15 16 -15 29 -12 18 -8 20 -19 -21 -23 24 27 26 -25 28 -24 -10
right_child=-2 3 -4 5 -6 6 8 -9 9 10 13 -13 -14 14 -16 -17 -18 19 -20 21 -22 22 23 25 -26 -27 -28 -29 -30 -31
leaf_value=0.001412440482950346 -0.086556347329979355 -0.063179195791599335 0.068696258589625359 0.031156063491765123 0.002912981559347827 -0.0013002175837755203 -0.047997945104725659 -0.038308288369859965 0.0021357481158338488 -0.046937106007879432 -0.001374352534878112 -0.016564829103160827 0.061776107044092247 -0.022993760507391846 0.0059360955135836719 -0.0025981518302638181 0.026312111887627429 0.0021534880905069017 0.015292340069122258 -0.022952187253395095 0.058696748339571059 0.025093122001800857 -0.0099979808282790687 -0.0042641672882295792 -0.026845655489630776 -7.058980879581637e-05 0.040124017448926512 -0.016618087204589852 0.030340386465048559 0.025411020813044159
leaf_weight=33 23 20 20 39 24 21 20 21 25 22 21 21 21 23 62 39 38 38 21 24 20 22 39 21 34 11829 22 38 26 50
leaf_count=33 23 20 20 39 24 21 20 21 25 22 21 21 21 23 62 39 38 38 21 24 20 22 39 21 34 11829 22 38 26 50
internal_value=0 0.000157325 0.0268026 4.52552e-05 -0.0271289 0.000140474 4.38446e-05 -0.0198043 0.000110662 0.00605471 -0.00133998 0.0139234 0.018666 0.00562625 -0.00189198 0.0107247 0.0164576 -4.68153e-05 -0.015581 5.76463e-06 0.0216512 -9.83775e-05 -5.27876e-05 -9.88539e-05 -0.00835993 -3.52308e-06 0.0184461 -0.00225785 0.00613737 0.0176526
internal_weight=0 12654 53 12601 44 12557 12518 42 12476 322 166 156 135 144 85 114 59 12154 41 12113 58 12055 12031 12009 137 11872 43 103 65 75
internal_count=12677 12654 53 12601 44 12557 12518 42 12476 322 166 156 135 144 85 114 59 12154 41 12113 58 12055 12031 12009 137 11872 43 103 65 75
is_linear=0
shrinkage=0.5


Tree=13
num_leaves=31
num_cat=0
split_feature=22 14 26 21 26 21 7 19 14 32 14 16 0 26 7 7 23 7 7 7 7 7 7 7 7 7 7 7 22 9
split_gain=0.521145 1.69182 0.551969 0.0469651 0.12948 0.112703 0.112419 0.0581394 0.0932794 0.08686 0.0817648 0.0741541 0.0627799 0.0357297 0.0495124 0.126106 0.124297 0.0862035 0.0830996 0.119425 0.221213 0.128997 0.0614826 0.064684 0.0904557 0.123856 0.0688211 0.0526164 0.0545293 0.0485289
threshold=1401.6200000000001 29995.500000000004 3.9062500000000004 78.562450400000003 3.2187500000000004 79.46089935000002 73.820247650000013 -15.861111222222222 25998.500000000004 256.04849950000005 26003.000000000004 259.70000020000003 122.78099800000001 1.4062500000000002 77.89839935000002 78.195301050000012 254.44999700000002 78.86714935000002 80.038997650000013 79.74214935000002 79.61714935000002 79.89839935000002 80.17964935000002 80.288997650000013 80.538997650000013 80.757801050000012 80.413997650000013 78.71089935000002 1530.1850000000002 35.18354990000001
decision_type=2 2 2 2 2 2 2 2 2 2 2 2 2 2 2 2 2 2 2 2 2 2 2 2 2 2 2 2 2 2
left_child=1 -1 3 -2 5 -5 -7 8 9 12 -10 -11 -8 14 16 -16 29 27 19 20 -19 -21 -20 -24 26 -26 -25 28 -17 -12
right_child=2 -3 -4 4 -6 6 7 -9 10 11 13 -13 -14 -15 15 17 -18 18 22 21 -22 -23 23 24 25 -27 -28 -29 -30 -31
leaf_value=-0.16358931467402726 -0.021171183025356956 0.024150279860865945 0.075956231994496193 -0.032852513179442704 0.037582317245719227 0.032329384151294278 -0.049246681642464617 0.022016153048025445 0.02535070940211881 0.023820668249391018 0.0065268615805755626 -0.013792928375646864 -0.014764609573775846 -0.012557238851773686 -0.028393216159505148 -0.014163355620649572 0.036815333085542079 -0.0095397654290419985 0.01821711583142268 -0.04023360058898106 0.027163540075819653 -0.0041346906883908173 -0.017848668331280352 0.0014942064099159325 -0.017565369927042135 0.00019712241906694663 0.027748996440585379 0.025101325008458495 0.013393131317570806 -0.020223681438004688
leaf_weight=20 26 30 24 26 23 27 22 30 32 20 88 38 33 56 39 26 32 195 47 50 52 49 50 48 99 11312 52 52 58 21
leaf_count=20 26 30 24 26 23 27 22 30 32 20 88 38 33 56 39 26 32 195 47 50 52 49 50 48 99 11312 52 52 58 21
internal_value=0 -0.0509456 0.000201733 5.74727e-05 0.000101358 3.26896e-05 0.000100938 3.13301e-05 -2.15562e-05 -0.0143219 0.000109205 -0.000822723 -0.0285574 4.36741e-05 0.000101184 -7.10894e-06 0.00941672 8.44592e-05 -5.79481e-05 -0.00769373 -0.00181275 -0.0223665 0.000169652 9.62818e-05 0.000174229 4.30179e-05 0.0151467 0.0126016 0.00486374 0.00137309
internal_weight=0 50 12627 12603 12577 12554 12528 12501 12471 113 12358 58 55 12326 12270 12129 141 12090 11954 346 247 99 11608 11561 11511 11411 100 136 84 109
internal_count=12677 50 12627 12603 12577 12554 12528 12501 12471 113 12358 58 55 12326 12270 12129 141 12090 11954 346 247 99 11608 11561 11511 11411 100 136 84 109
is_linear=0
shrinkage=0.5


Tree=14
num_leaves=31
num_cat=0
split_feature=26 24 20 21 7 34 26 11 36 17 16 28 26 14 31 20 26 3 20 20 7 7 9 28 3 9 16 14 20 28
split_gain=0.46254 0.156501 0.0683643 0.0441004 0.169272 0.115386 0.145299 0.113439 0.0494956 0.0529943 0.109672 0.0479209 0.0373341 0.0346261 0.0501101 0.0434654 0.0344828 0.0308784 0.047292 0.0353324 0.0300745 0.04861 0.0439462 0.0498329 0.0475079 0.0496873 0.0253824 0.0236891 0.023599 0.023538
threshold=4.0312500000000009 48.828100200000009 0.64160150300000007 80.171848300000008 74.851497650000013 71.301548000000011 3.2187500000000004 361.49550095000001 0.62400001300000019 614.25000000000011 231.19999924999999 80.27339935000002 2.2187500000000004 28998.500000000004 344.84350600000005 1.4355450250000004 1.3437500000000002 32.425699250000001 1.0986250050000002 0.50878852600000013 78.86714935000002 79.070301050000012 27.425700200000005 79.92964935000002 29.277299900000003 34.285100950000007 231.40000000000001 30002.500000000004 0.53808549050000021 88.33589935000002
decision_type=2 2 2 2 2 2 2 2 2 2 2 2 2 2 2 2 2 2 2 2 2 2 2 2 2 2 2 2 2 2
left_child=1 2 -1 5 -5 7 -7 -3 11 10 -10 -6 -13 14 -11 17 -17 -16 19 -19 22 -22 -15 24 -24 26 -26 -25 -12 -23
right_child=-2 3 -4 4 8 6 -8 -9 9 13 28 12 -14 20 15 16 -18 18 -20 -21 21 29 23 27 25 -27 -28 -29 -30 -31
leaf_value=0.050647603148328404 -0.070841261874074524 0.036766947747673841 0.010763675524768505 0.033878303689856989 -0.0050050282540420694 -0.044400717455169394 0.0071758200435645203 -0.015849143266677856 -0.044027278820673622 -0.026610108996884756 -0.011550550622632726 0.034583888741003141 0.0060819342266768221 0.027608528688904784 -0.0074973575242768056 -0.0061368914786726235 -0.032162652956321834 0.014288068408079977 0.026144577418523586 -0.008148662048157309 -0.016385142141694412 1.2681448717334856e-05 -0.022314350828170203 0.024833007142520867 0.019487576027556013 -0.019683660590089858 -0.00033218990595612142 0.0071586106315537886 0.012738835831987672 0.0075323342536908712
leaf_weight=21 23 20 22 37 24 36 22 21 21 26 20 27 20 21 69 35 20 28 23 47 45 11717 26 26 30 20 35 70 20 105
leaf_count=21 23 20 22 37 24 36 22 21 21 26 20 27 20 21 69 35 20 28 23 47 45 11717 26 26 30 20 35 70 20 105
internal_value=0 0.000128762 0.0302419 2.60842e-05 0.000109255 -0.0104854 -0.0248372 0.00981724 9.09834e-06 -6.62513e-05 -0.0147673 0.013173 0.0224554 6.40249e-06 -0.00584202 -0.00340972 -0.0156008 0.000605308 0.00631025 0.000227717 0.000126321 1.70348e-05 0.00581445 0.00360346 -0.00361122 0.00210973 0.00881539 0.0119454 0.000594143 7.94691e-05
internal_weight=0 12654 43 12611 12512 99 58 41 12475 12404 61 71 47 12343 248 222 55 167 98 75 12095 11867 228 207 111 85 65 96 40 11822
internal_count=12677 12654 43 12611 12512 99 58 41 12475 12404 61 71 47 12343 248 222 55 167 98 75 12095 11867 228 207 111 85 65 96 40 11822
is_linear=0
shrinkage=0.5


Tree=15
num_leaves=31
num_cat=0
split_feature=0 20 26 22 9 36 22 14 36 3 19 36 9 3 36 36 17 3 11 14 21 3 0 36 21 36 24 16 9 7
split_gain=0.319295 0.86044 0.618849 0.0535563 0.139943 0.138078 0.0608804 0.133933 0.0333724 0.0753725 0.0416519 0.0438629 0.114413 0.129495 0.0611045 0.030113 0.0192743 0.0624478 0.0373436 0.0356832 0.0149763 0.0393691 0.0622506 0.0385511 0.0565979 0.0425685 0.0345258 0.0332444 0.0300481 0.0278465
threshold=97.468750000000014 0.67773401750000006 4.0312500000000009 1431.0600000000002 30.167900100000004 0.60649999950000011 1474.9950000000001 30999.500000000004 0.57949998950000003 37.324199700000008 -14.388888666666665 0.60649999950000011 32.894498850000012 36.503900550000004 0.61899998800000011 0.62850001450000004 619.68750000000011 28.691399550000003 342.79220045000005 24000.500000000004 98.163997650000013 25.933549900000003 134.21849800000004 0.74950000650000004 100.17150100000002 0.75249999750000007 71.453098300000008 245.09999980000001 35.15229990000001 93.913997650000013
decision_type=2 2 2 2 2 2 2 2 2 2 2 2 2 2 2 2 2 2 2 2 2 2 2 2 2 2 2 2 2 2
left_child=1 -1 3 4 -2 -6 7 -5 9 -8 11 12 -10 -14 -13 -16 17 -17 -19 -18 -21 -22 23 24 -23 -25 28 -26 29 -27
right_child=2 -3 -4 6 5 -7 8 -9 10 -11 -12 14 13 -15 15 16 19 18 -20 20 21 22 -24 25 27 26 -28 -29 -30 -31
leaf_value=-0.12065766281448305 -0.014231600004547675 0.010041473408551504 0.0839502854717218 -0.038950626912992448 0.060399055702700502 0.0048823205676550669 0.036239699786528946 0.001871048263705301 0.010773444835435571 -0.0066490731911645045 0.02079317831764153 0.022558700784187143 -0.05665605385521693 -0.0047156416611479858 -0.015856183615202704 -0.012795328344825817 -0.021144859748892485 0.035335169144673273 0.0063484412431716918 -0.00014153566517876174 0.01837890508856314 0.0012388091398867884 -0.020848952051649879 0.02237750779287043 -0.033738639383088978 0.0027448365489780788 0.019662424921989441 -0.0056044508570006913 0.021082220320749911 -0.011804085973700558
leaf_weight=20 28 34 22 32 21 24 20 54 34 21 24 30 21 28 30 23 20 20 25 11480 36 141 30 33 21 296 31 21 20 37
leaf_count=20 28 34 22 32 21 24 20 54 34 21 24 30 21 28 30 23 20 20 25 11480 36 141 30 33 21 296 31 21 20 37
internal_value=0 -0.0383656 0.000164124 1.78428e-05 0.0135215 0.0307901 -6.08424e-05 -0.0133184 3.07948e-05 0.0142723 -1.62901e-05 -5.66414e-05 -0.0115123 -0.0269758 2.06985e-05 -3.44336e-05 4.36425e-06 0.00839885 0.0192314 -4.25555e-05 -7.80771e-06 0.00229729 0.00137834 0.00248971 -0.00356029 0.00514474 0.0036638 -0.0196715 0.00225882 0.00112829
internal_weight=0 54 12623 12601 73 45 12528 86 12442 41 12401 12377 83 49 12294 12264 12234 68 45 12166 12146 666 630 600 183 417 384 42 353 333
internal_count=12677 54 12623 12601 73 45 12528 86 12442 41 12401 12377 83 49 12294 12264 12234 68 45 12166 12146 666 630 600 183 417 384 42 353 333
is_linear=0
shrinkage=0.5


Tree=16
num_leaves=31
num_cat=0
split_feature=26 0 20 11 24 28 21 10 24 17 7 28 0 36 7 21 36 26 0 26 9 3 26 10 34 24 10 3 22 7
split_gain=0.490457 0.184051 0.246033 0.0214334 0.0627883 0.0491777 0.018003 0.0584019 0.0202665 0.0696056 0.0381194 0.0267203 0.0191162 0.0400957 0.0401299 0.0399103 0.0485246 0.0855494 0.0805199 0.0228291 0.03513 0.0158281 0.0156298 0.0166088 0.0160805 0.0155375 0.0148072 0.0194375 0.0107346 0.0260913
threshold=4.0312500000000009 97.468750000000014 0.68066352600000013 337.91309964999999 54.890600200000009 78.468700400000003 101.42899700000001 0.95507749900000005 71.140598300000008 855.18750000000011 93.913997650000013 88.070301050000012 133.21849800000004 0.64049997950000004 91.99214935000002 78.562450400000003 0.59250000150000004 2.9062500000000004 115.40599800000001 -3.8437499999999996 32.355400100000004 37.109300650000002 -2.9062499999999996 0.79199150200000001 74.476146700000015 71.046848300000008 0.06738299875000002 30.285100000000003 1699.3100000000002 79.74214935000002
decision_type=2 2 2 2 2 2 2 2 2 2 2 2 2 2 2 2 2 2 2 2 2 2 2 2 2 2 2 2 2 2
left_child=1 2 -1 4 -3 -5 8 -8 12 -10 11 -11 15 -14 21 -7 18 19 -17 20 -18 22 23 -15 -24 26 27 -21 -28 -30
right_child=-2 3 -4 5 -6 6 7 -9 9 10 -12 -13 13 14 -16 16 17 -19 -20 25 -22 -23 24 -25 -26 -27 28 -29 29 -31
leaf_value=0.073294818942667914 -0.07294777829361998 -0.029895099938254465 0.0030146667515068793 0.019323909274217756 0.0078806296647102991 -0.020885216760570587 -0.010714560273936514 0.024933466431253624 -0.028264932958596285 0.019594119672008133 -0.015884327998554163 -0.0045183938695117828 0.024131562959392675 -0.015765959883786061 0.023798407807771583 -0.0030014632618986072 0.0040756780537776647 -0.026766400140089294 0.038995793965157302 0.00024635778027004562 -0.02429793231082537 -0.0091807950326862429 0.00043845262326714068 0.0036626778720264238 0.011005849614351366 0.013933725030801725 -0.00090201717410774436 0.020655110315419733 0.0075081862019897392 0.00011657289873362469
leaf_weight=20 23 22 33 33 22 23 20 27 28 27 22 20 23 22 20 25 20 30 21 28 24 36 90 22 60 20 2818 20 121 8957
leaf_count=20 23 22 33 33 22 23 20 27 28 27 22 20 23 22 20 25 20 30 21 28 24 36 90 22 60 20 2818 20 121 8957
internal_value=0 0.00013259 0.0295355 8.92141e-06 -0.0110072 4.75223e-05 -3.26988e-06 0.00976409 -4.00629e-05 -0.00723918 0.00129302 0.00933348 1.63437e-05 0.00415394 0.002316 -7.69546e-05 -3.73493e-05 -9.9286e-05 0.0161712 -3.26626e-05 -0.0114008 0.00044796 0.00223474 -0.00605164 0.00466541 9.14613e-06 -1.41703e-05 0.00875 -4.95335e-05 0.000215095
internal_weight=0 12654 53 12601 44 12557 12524 47 12477 97 69 47 12380 273 250 12107 12084 12038 46 12008 44 230 194 44 150 11964 11944 48 11896 9078
internal_count=12677 12654 53 12601 44 12557 12524 47 12477 97 69 47 12380 273 250 12107 12084 12038 46 12008 44 230 194 44 150 11964 11944 48 11896 9078
is_linear=0
shrinkage=0.5


Tree=17
num_leaves=31
num_cat=0
split_feature=17 9 26 0 34 28 21 7 7 7 7 7 7 7 19 21 19 7 7 7 7 7 7 7 14 7 7 7 7 7
split_gain=0.327211 0.931131 0.396774 0.0461268 0.101592 0.0311959 0.0729699 0.0141685 0.017504 0.0414541 0.0389984 0.0354027 0.0691226 0.0722619 0.189769 0.0714848 0.11198 0.0184197 0.150837 0.136145 0.0282504 0.0224251 0.0369599 0.0320911 0.0163796 0.0138597 0.100078 0.093077 0.0850376 0.205638
threshold=582.50000000000011 34.49604990000001 3.9062500000000004 97.468750000000014 73.777751900000013 79.007801050000012 82.945301050000012 94.265598300000008 93.913997650000013 93.757801050000012 94.078098300000008 93.58589935000002 93.39839935000002 92.61714935000002 -29.694444861111112 100.81999950000001 -32.805555138888884 90.976497650000013 91.070301050000012 90.913997650000013 91.132801050000012 91.46089935000002 91.55464935000002 91.382801050000012 36996.500000000007 90.601497650000013 90.476497650000013 90.695301050000012 90.288997650000013 90.14839935000002
decision_type=2 2 2 2 2 2 2 2 2 2 2 2 2 2 2 2 2 2 2 2 2 2 2 2 2 2 2 2 2 2
left_child=1 -1 3 4 -2 6 -5 8 9 11 -10 12 13 15 -15 17 -17 19 -19 25 -20 23 -23 -22 -24 26 28 -27 29 -7
right_child=2 -3 -4 5 -6 7 -8 -9 10 -11 -12 -13 -14 14 -16 16 -18 18 20 -21 21 22 24 -25 -26 27 -28 -29 -30 -31
leaf_value=0.015343138614359002 0.042887036534375512 -0.12393561266944744 0.070529006959077378 -0.034991991817064229 -0.0022742584820441675 -5.3570268158369415e-05 0.0031807346127724514 0.012435375768488841 -0.02333022829145193 0.020391770880669357 0.0043278466462372588 -0.017748011623293029 0.02532226270004348 -0.057005923101678492 0.0034452273598494561 -0.0052741531108040363 0.047636205516755584 -0.038791637435289364 -0.015764659037813544 0.033750047100087006 0.0017429127808529781 -0.018930106819205886 -0.0019395537877679326 0.021099815594165454 0.012978506315013637 -0.025254384242566076 0.020126316854129394 0.0019005622060877699 -0.013915621190665101 0.026388851648851019
leaf_weight=30 20 20 20 21 33 11480 31 23 25 25 26 28 27 20 37 20 20 28 27 30 91 29 92 28 23 41 62 137 109 74
leaf_count=30 20 20 20 21 33 11480 31 23 25 25 26 28 27 20 37 20 20 28 27 30 91 29 92 28 23 41 62 137 109 74
internal_value=0 -0.0403684 0.000159849 4.82143e-05 0.0147677 -1.3928e-05 -0.0122352 3.69042e-05 1.40527e-05 5.1987e-05 -0.00923003 1.09893e-05 5.11713e-05 -4.08618e-06 -0.0177657 7.8284e-05 0.021181 9.38273e-06 -0.00374628 0.000109467 -0.000362594 0.00121861 -0.00297852 0.00629748 0.00104406 2.46799e-05 9.11571e-05 -0.00435423 -1.53489e-05 0.000115786
internal_weight=0 50 12627 12607 53 12554 52 12502 12479 12428 51 12403 12375 12348 57 12291 40 12251 318 11933 290 263 144 119 115 11903 11725 178 11663 11554
internal_count=12677 50 12627 12607 53 12554 52 12502 12479 12428 51 12403 12375 12348 57 12291 40 12251 318 11933 290 263 144 119 115 11903 11725 178 11663 11554
is_linear=0
shrinkage=0.5


Tree=18
num_leaves=31
num_cat=0
split_feature=26 7 7 9 34 20 34 21 17 26 26 7 7 31 14 11 26 34 14 21 14 11 36 7 7 7 7 7 7 7
split_gain=0.352557 0.157386 0.0243144 0.146918 0.151697 0.136006 0.0482478 0.022472 0.10161 0.0263483 0.0298138 0.0156784 0.040097 0.0389423 0.0566593 0.0263439 0.0369702 0.0226448 0.0297226 0.0161965 0.0186609 0.0176537 0.0153701 0.0150633 0.258286 0.21703 0.0416151 0.174026 0.142062 0.108305
threshold=3.6562500000000004 72.812450400000003 75.632801050000012 31.300700200000005 75.619003300000017 0.47558550550000006 72.063449850000012 81.17964935000002 653.31250000000011 1.9687500000000002 1.5937500000000002 77.89839935000002 78.195301050000012 343.65600600000005 27998.500000000004 347.40025175000005 0.28125000000000006 76.507846850000007 30001.500000000004 84.507801050000012 28001.500000000004 355.98389665000002 0.67050001050000019 85.92964935000002 85.86714935000002 86.02339935000002 86.320301050000012 86.413997650000013 86.226497650000013 86.11714935000002
decision_type=2 2 2 2 2 2 2 2 2 2 2 2 2 2 2 2 2 2 2 2 2 2 2 2 2 2 2 2 2 2
left_child=1 -1 3 -3 5 -5 -7 8 -4 10 11 13 22 14 -9 16 -16 18 -18 -14 21 -21 -13 24 -22 -25 28 -28 29 -27
right_child=-2 2 7 4 -6 6 -8 9 -10 -11 -12 12 19 -15 15 -17 17 -19 -20 20 23 -23 -24 25 -26 26 27 -29 -30 -31
leaf_value=0.034115252441124004 -0.048735945812753728 -0.023896204082605739 -0.035466549394186586 0.060613253048028455 -0.016126612839461478 -0.00038502316289980499 0.030165998903006159 -0.023140710171719547 0.012063670371983038 0.013527445679452891 -0.013821608148133144 -0.0057624589270827446 0.01018665853898244 0.022231717818175203 0.019543466570726392 0.021245241206832525 0.016675374165753879 -0.017302318254397028 -0.0076872610464511857 0.0039840038247907963 0.00014624749426623071 -0.011365866681878844 -0.024452553945593536 -0.01824145600717713 0.025995727533436552 0.0071972329379881876 -0.017380931628616276 6.9990414606057656e-05 0.015988163143764576 -0.0099119594904609146
leaf_weight=34 37 30 22 22 27 28 24 20 23 36 39 22 39 27 23 22 21 21 31 26 6942 67 22 169 98 184 148 4115 172 186
leaf_count=34 37 30 22 22 27 28 24 20 23 36 39 22 39 27 23 22 21 21 31 26 6942 67 22 169 98 184 148 4115 172 186
internal_value=0 0.000142661 5.10321e-05 0.00682741 0.0159532 0.027658 0.0137154 -2.01266e-05 -0.0111733 2.0251e-05 -1.89824e-05 2.45872e-05 -4.09427e-05 0.00486586 0.00146819 0.00563919 0.0020628 -0.00344481 0.0021515 1.36373e-05 -1.91328e-05 -0.00707451 -0.0151075 3.54826e-05 0.000506084 -0.000630588 -1.11835e-05 -0.000535859 0.00411555 -0.0014036
internal_weight=0 12640 12606 131 101 74 52 12475 45 12430 12394 12355 12190 165 138 118 96 73 52 12146 12107 93 44 12014 7040 4974 4805 4263 542 370
internal_count=12677 12640 12606 131 101 74 52 12475 45 12430 12394 12355 12190 165 138 118 96 73 52 12146 12107 93 44 12014 7040 4974 4805 4263 542 370
is_linear=0
shrinkage=0.5


Tree=19
num_leaves=31
num_cat=0
split_feature=0 28 26 17 11 34 28 36 34 7 7 20 11 16 20 23 9 24 23 9 9 3 31 23 32 7 9 7 7 7
split_gain=0.332367 0.758859 0.503395 0.0338285 0.170769 0.0211512 0.154667 0.095415 0.111207 0.0246604 0.0158602 0.0496493 0.0465697 0.066239 0.0379695 0.0362133 0.0274004 0.0197301 0.0478518 0.0237462 0.028101 0.0275706 0.0226289 0.0339683 0.0269156 0.0159159 0.0579165 0.0152593 0.0137851 0.238574
threshold=97.468750000000014 81.351497650000013 4.0312500000000009 582.50000000000011 342.61149825000001 68.190448750000016 81.74214935000002 0.58149999350000015 72.126949300000021 81.33589935000002 76.788997650000013 1.4550750250000002 349.02664795000004 241.8000006 0.87304651750000006 244.15000150000003 32.18354990000001 52.984350200000009 269.34999100000005 27.871049900000003 30.277299900000003 29.277299900000003 343.65600600000005 237.55000300000003 248.18909970000001 77.89839935000002 32.105400100000004 78.195301050000012 82.382801050000012 82.507801050000012
decision_type=2 2 2 2 2 2 2 2 2 2 2 2 2 2 2 2 2 2 2 2 2 2 2 2 2 2 2 2 2 2
left_child=1 -1 3 4 -2 6 -5 8 -7 -8 11 12 13 15 16 -9 -14 18 19 -12 21 -21 23 -22 -24 26 -19 -27 -29 -30
right_child=2 -3 -4 5 -6 7 9 10 -10 -11 17 -13 14 -15 -16 -17 -18 25 -20 20 22 -23 24 -25 -26 27 -28 28 29 -31
leaf_value=-0.11642501316964626 -0.013829475343227387 0.0063169041771770403 0.075734828048470343 0.044640506956387653 0.048156827758066359 -0.045497625395655633 -0.012895618199945603 -0.0092918232852674046 0.00078159742298777456 0.0028624404993833094 0.013274387246135368 0.022550407415451446 0.0066441730596125126 -0.027010575556362579 -0.0069514606497250494 0.019799235824029891 0.03281686039408669 0.019773360606632196 -0.025479014348238706 -0.024852097737257956 0.0061036935541778801 -0.00069625395172763439 0.015857542954001796 -0.022688464560945119 -0.005513277613877458 -0.011690992516897885 -0.010197336708424027 0.0013187978660200517 -0.023934567657609779 2.2908011740109602e-05
leaf_weight=20 25 34 22 22 20 25 30 23 27 144 22 32 20 28 20 20 20 40 25 27 20 21 34 21 26 28 27 1687 105 10062
leaf_count=20 25 34 22 22 20 25 30 23 27 144 22 32 20 28 20 20 20 40 25 27 20 21 34 21 26 28 27 1687 105 10062
internal_value=0 -0.0391431 0.00016745 3.55178e-05 0.01372 -1.35266e-05 0.00513987 -9.52471e-05 -0.021468 0.000145534 -4.94938e-06 0.00489436 0.000581436 -0.00808484 0.0108365 0.0042389 0.0197305 -7.07038e-05 -0.00504663 -0.00205944 -0.00432349 -0.0142839 0.000410172 -0.00864351 0.00659685 1.09165e-05 0.00769562 -3.24158e-05 -4.87744e-06 -0.000224514
internal_weight=0 54 12623 12601 45 12556 196 12360 52 174 12308 163 131 71 60 43 40 12145 196 171 149 48 101 41 60 11949 67 11882 11854 10167
internal_count=12677 54 12623 12601 45 12556 196 12360 52 174 12308 163 131 71 60 43 40 12145 196 171 149 48 101 41 60 11949 67 11882 11854 10167
is_linear=0
shrinkage=0.5


end of trees

feature_importances:
Column_7=342
Column_26=31
Column_14=19
Column_21=19
Column_36=18
Column_3=17
Column_9=17
Column_17=17
Column_0=14
Column_19=12
Column_20=12
Column_34=12
Column_24=11
Column_11=10
Column_22=9
Column_28=9
Column_16=7
Column_23=7
Column_31=7
Column_10=6
Column_32=4

parameters:
[boosting: gbdt]
[objective: regression]
[metric: rmse,l2]
[tree_learner: serial]
[device_type: cpu]
[data: ]
[valid: ]
[num_iterations: 20]
[learning_rate: 0.5]
[num_leaves: 31]
[num_threads: -1]
[deterministic: 0]
[force_col_wise: 0]
[force_row_wise: 0]
[histogram_pool_size: -1]
[max_depth: 20]
[min_data_in_leaf: 20]
[min_sum_hessian_in_leaf: 0.001]
[bagging_fraction: 1]
[pos_bagging_fraction: 1]
[neg_bagging_fraction: 1]
[bagging_freq: 0]
[bagging_seed: 3]
[feature_fraction: 1]
[feature_fraction_bynode: 1]
[feature_fraction_seed: 2]
[extra_trees: 0]
[extra_seed: 6]
[early_stopping_round: 1000]
[first_metric_only: 0]
[max_delta_step: 0]
[lambda_l1: 0]
[lambda_l2: 0]
[linear_lambda: 0]
[min_gain_to_split: 0]
[drop_rate: 0.1]
[max_drop: 50]
[skip_drop: 0.5]
[xgboost_dart_mode: 0]
[uniform_drop: 0]
[drop_seed: 4]
[top_rate: 0.2]
[other_rate: 0.1]
[min_data_per_group: 100]
[max_cat_threshold: 32]
[cat_l2: 10]
[cat_smooth: 10]
[max_cat_to_onehot: 4]
[top_k: 20]
[monotone_constraints: ]
[monotone_constraints_method: basic]
[monotone_penalty: 0]
[feature_contri: ]
[forcedsplits_filename: ]
[refit_decay_rate: 0.9]
[cegb_tradeoff: 1]
[cegb_penalty_split: 0]
[cegb_penalty_feature_lazy: ]
[cegb_penalty_feature_coupled: ]
[path_smooth: 0]
[interaction_constraints: ]
[verbosity: -1]
[saved_feature_importance_type: 0]
[linear_tree: 0]
[max_bin: 255]
[max_bin_by_feature: ]
[min_data_in_bin: 3]
[bin_construct_sample_cnt: 200000]
[data_random_seed: 1]
[is_enable_sparse: 1]
[enable_bundle: 1]
[use_missing: 1]
[zero_as_missing: 0]
[feature_pre_filter: 1]
[pre_partition: 0]
[two_round: 0]
[header: 0]
[label_column: ]
[weight_column: ]
[group_column: ]
[ignore_column: ]
[categorical_feature: ]
[forcedbins_filename: ]
[precise_float_parser: 0]
[objective_seed: 5]
[num_class: 1]
[is_unbalance: 0]
[scale_pos_weight: 1]
[sigmoid: 1]
[boost_from_average: 1]
[reg_sqrt: 0]
[alpha: 0.9]
[fair_c: 1]
[poisson_max_delta_step: 0.7]
[tweedie_variance_power: 1.5]
[lambdarank_truncation_level: 30]
[lambdarank_norm: 1]
[label_gain: ]
[eval_at: ]
[multi_error_top_k: 1]
[auc_mu_weights: ]
[num_machines: 1]
[local_listen_port: 12400]
[time_out: 120]
[machine_list_filename: ]
[machines: ]
[gpu_platform_id: -1]
[gpu_device_id: -1]
[gpu_use_dp: 0]
[num_gpu: 1]

end of parameters

pandas_categorical:null
