tree
version=v3
num_class=1
num_tree_per_iteration=1
label_index=0
max_feature_idx=41
objective=regression
feature_names=Column_0 Column_1 Column_2 Column_3 Column_4 Column_5 Column_6 Column_7 Column_8 Column_9 Column_10 Column_11 Column_12 Column_13 Column_14 Column_15 Column_16 Column_17 Column_18 Column_19 Column_20 Column_21 Column_22 Column_23 Column_24 Column_25 Column_26 Column_27 Column_28 Column_29 Column_30 Column_31 Column_32 Column_33 Column_34 Column_35 Column_36 Column_37 Column_38 Column_39 Column_40 Column_41
feature_infos=[0:1] [0:1] [0:1] [0:1] [0:1] [0:94.629997299999999] [0:1] [0:1] none [0:1] [0:1.8550000200000001] [0:1] [273.14999999999998:1041.1500000000001] none none [-473:41051] [223.64999999999998:372.14999999999998] [0:1] [0:768] [0:1] [0:1] [0:1] none none [0:12288] [0:1] [0:1] [0:1] [0:1] [0:1] [0:127.129997] [0:163800] [-64:96.75] [0:1] none none [0:1016] [0:1] [0:0.99900001299999996] [0:1] [0:1] [0:1]
tree_sizes=2806 2780 2733 2801 2846 2778 2771 2784 2819 2746 2751 2756 2767 2783 2801 2769 2775 2756

Tree=0
num_leaves=31
num_cat=0
split_feature=24 36 30 30 36 19 12 33 10 32 2 37 36 2 10 10 18 5 18 10 36 17 39 11 11 40 1 7 7 17
split_gain=3.77033e+08 3.81642e+07 2.38573e+07 2.66875e+07 1.59822e+07 3.94578e+06 1.02215e+06 516328 327961 127037 125925 123047 31162.9 21323.2 219468 27080.3 24724 53345.1 14563.2 14284.7 13879.4 31827.4 19018.8 59132.6 50119.4 48490.9 26446.6 45898.8 22142 42447.1
threshold=3253.9000250000004 33.500000000000007 53.005001100000008 55.005001100000008 17.000000000000004 1.0000000180025095e-35 343.52500000000003 1.0000000180025095e-35 1.0000000180025095e-35 5.8949999800000006 1.0000000180025095e-35 1.0000000180025095e-35 54.434999450000007 1.0000000180025095e-35 0.51449999250000011 0.45450000450000005 646.95001200000013 87.360000600000021 679.0499880000001 0.049499999700000005 45.675001150000007 1.0000000180025095e-35 1.0000000180025095e-35 1.0000000180025095e-35 1.0000000180025095e-35 1.0000000180025095e-35 1.0000000180025095e-35 1.0000000180025095e-35 1.0000000180025095e-35 1.0000000180025095e-35
decision_type=2 2 2 2 2 2 2 2 2 2 2 2 2 2 2 2 2 2 2 2 2 2 2 2 2 2 2 2 2 2
left_child=1 2 4 -4 5 -1 -3 8 -8 -7 -9 12 13 19 15 -15 17 -16 -17 -10 21 -21 23 25 -24 26 27 -22 -28 -30
right_child=-2 6 3 -5 -6 9 7 10 11 -11 -12 -13 -14 14 16 18 -18 -19 -20 20 22 -23 24 -25 -26 -27 28 -29 29 -31
leaf_value=-404.21035612293412 2170.0371611433393 113.58964012435747 -968.17225120038972 -210.33343232562009 195.62412445489653 -130.07702673758536 -64.666611920081834 7.68860446794735 -3.8706528932055919 -181.92887651904306 20.101963481025631 -9.7948481983225477 -4.8507331296018741 -15.873401924160692 8.0562082761100751 -9.558606760660135 8.4663411658428771 -11.139457530032077 4.0840754665103889 0.12404539097102463 -0.084304815056856608 6.9413213148027841 1.379684102255649 4.8365145727995902 -6.6584206514873214 -6.9942567573016836 0.35126070498468231 9.9904179174277772 -1.2251975304474862 -8.2344426437893325
leaf_weight=25 20 20 21 26 29 21 20 703 209 27 288 348 348 209 89 71 235 61 27 534 968 252 3309 416 206 357 570 128 644 325
leaf_count=25 20 20 21 26 29 21 20 703 209 27 288 348 348 209 89 71 235 61 27 534 968 252 3309 416 206 357 570 128 644 325
internal_value=1.17927 -2.9574 -254.202 -548.942 -118.391 -243.136 0.664103 0.445192 -0.70785 -159.244 11.2961 -0.570393 -0.212042 -0.0245546 -2.68619 -12.6578 5.26516 0.249971 -5.79991 0.208062 0.31864 2.30974 0.0925819 -0.74906 0.908603 -1.52566 -0.784758 1.09231 -2.12151 -3.57608
internal_weight=0 10486 149 47 102 73 10337 10317 9326 48 991 9306 8958 8610 692 307 385 150 98 7918 7709 786 6923 3408 3515 2992 2635 1096 1539 969
internal_count=10506 10486 149 47 102 73 10337 10317 9326 48 991 9306 8958 8610 692 307 385 150 98 7918 7709 786 6923 3408 3515 2992 2635 1096 1539 969
is_linear=0
shrinkage=1


Tree=1
num_leaves=31
num_cat=0
split_feature=24 12 36 30 27 12 5 16 33 2 37 36 36 17 28 7 36 10 2 10 12 15 10 31 18 41 38 36 7 1
split_gain=9.42583e+07 1.1351e+07 8.43234e+06 1.8723e+07 4.90561e+06 1.41343e+06 1.29857e+06 2.52944e+06 124336 31536.6 31250.2 9105.5 9245.61 18463.4 9403.77 19152.9 10897.9 7528.07 7035.66 58444.7 19625.5 9619.52 7999.77 6993.44 8958.02 5972.33 5404.36 4760.69 16071.5 6494.89
threshold=3253.9000250000004 346.05999985 25.500000000000004 52.690000550000008 1.0000000180025095e-35 298.65000000000003 1.0000000180025095e-35 274.77500000000003 1.0000000180025095e-35 1.0000000180025095e-35 1.0000000180025095e-35 54.434999450000007 50.014999400000008 1.0000000180025095e-35 1.0000000180025095e-35 1.0000000180025095e-35 49.889999350000004 0.010499999840000001 1.0000000180025095e-35 0.56949999950000019 373.05999985000005 36998.050800000005 0.43449999350000007 155409.05450000003 646.95001200000013 1.0000000180025095e-35 0.77889999750000005 45.675001150000007 1.0000000180025095e-35 1.0000000180025095e-35
decision_type=2 2 2 2 2 2 2 2 2 2 2 2 2 2 2 2 2 2 2 2 2 2 2 2 2 2 2 2 2 2
left_child=1 2 3 5 -4 -1 -3 8 10 -10 11 12 14 25 17 -16 -17 -8 27 20 -20 22 -22 -21 -25 -14 -23 28 29 -19
right_child=-2 6 4 -5 -6 -7 7 -9 9 -11 -12 -13 13 -15 15 16 -18 18 19 23 21 26 -24 24 -26 -27 -28 -29 -30 -31
leaf_value=-31.29805150452782 1084.4289428710938 -91.319172822512115 -121.44237283297947 -631.52029551630437 202.78001251220704 -196.28085472470238 6.7353636721769972 169.44860457239503 3.247933923725856 9.4613454515735302 -5.487060580787988 -3.1690096744800509 2.7920493050200852 -2.9761607456752404 -0.73936664471686653 -5.761323487057405 2.1906086060465597 -3.3153919310136111 -9.2069975216243716 4.5153824736945758 -5.8814865459095351 -9.6177907338956512 5.4296811209232718 -8.2500031171021639 4.6297941561098455 -1.213631792400371 -0.17063001791636148 -0.4946328381097419 4.3824377875960518 0.87590516722144707
leaf_weight=34 20 39 28 23 20 21 36 22 702 288 348 347 604 230 1017 357 49 167 222 229 22 41 54 27 27 110 24 4970 221 207
leaf_count=34 20 39 28 23 20 21 36 22 702 288 348 347 604 230 1017 357 49 167 222 229 22 41 54 27 27 110 24 4970 221 207
internal_value=0 -2.06834 -151.236 -252.705 13.6503 -94.2915 -0.254131 0.0899771 -0.271795 5.05547 -0.838343 -0.65781 -0.556651 0.919895 -0.73838 -1.89838 -4.80161 -0.474145 -0.515932 -2.07785 -6.27705 -1.66393 2.1554 3.3084 -1.8101 2.17493 -6.12961 -0.334621 1.00195 -0.99561
internal_weight=0 10486 126 78 48 55 10360 10321 10299 990 9309 8961 8614 944 7670 1423 406 6247 6211 646 363 141 76 283 54 714 65 5565 595 374
internal_count=10506 10486 126 78 48 55 10360 10321 10299 990 9309 8961 8614 944 7670 1423 406 6247 6211 646 363 141 76 283 54 714 65 5565 595 374
is_linear=0
shrinkage=0.5


Tree=2
num_leaves=31
num_cat=0
split_feature=18 15 30 32 24 15 12 32 5 33 12 37 2 36 36 18 2 2 10 5 18 30 30 18 5 18 18 32 10 9
split_gain=3.42106e+07 2.12345e+06 7.54738e+06 1.68054e+07 8.46297e+06 3.47229e+06 2.95844e+06 2.82657e+06 529786 30419.8 11067.3 7795.48 7795.25 2438.92 2843.93 2198.63 3906.97 3163.67 18700.3 6307.34 13810.7 9664.03 9017.39 15959.8 3540.59 10567.1 3269.46 2997.88 2657 3180.74
threshold=762.00000000000011 28511.849600000005 54.625000000000007 2.5299999700000004 808.00000000000011 663.50000000000011 344.65000000000003 12.885000250000003 93.255001050000018 1.0000000180025095e-35 348.30999985 1.0000000180025095e-35 1.0000000180025095e-35 54.434999450000007 51.059999450000007 698.2999880000001 1.0000000180025095e-35 1.0000000180025095e-35 0.57949998950000003 90.505001050000018 670.95001200000013 93.720001200000013 92.74499895000001 648.95001200000013 88.170002000000025 653.95001200000013 626.95001200000013 0.75499999500000003 0.66050001950000004 1.0000000180025095e-35
decision_type=2 2 2 2 2 2 2 2 2 2 2 2 2 2 2 2 2 2 2 2 2 2 2 2 2 2 2 2 2 2
left_child=1 2 4 -4 5 6 -1 -5 9 10 -3 13 -11 14 15 17 -17 28 19 20 22 -22 23 -19 26 -26 -20 -25 -12 -30
right_child=-2 8 3 7 -6 -7 -8 -9 -10 12 11 -13 -14 -15 -16 16 -18 18 24 -21 21 -23 -24 27 25 -27 -28 -29 29 -31
leaf_value=83.157499039784454 637.53828393845333 10.328981252076725 -452.34321043334785 143.43223025487816 221.05103146402459 -244.25680523216724 -125.69187971750895 -104.45332905520563 -81.570535154221574 1.6285473976779905 -0.2082740295538236 -2.7435302372550829 4.7272622943758131 -1.6385938178682726 1.0527860504470512 0.21289357526889333 5.3861827904527839 -5.6879909596070144 0.061609787019816314 -9.551330577759515 7.979464028562818 -4.1451262765460548 -10.15797573429043 1.1779709091553321 -7.8545873092882559 2.4265610611843833 5.3504200372202639 9.1084569909355864 -0.83039346764871103 -4.122683065119146
leaf_weight=39 21 24 32 23 38 20 30 23 20 699 6732 348 286 343 383 214 44 147 44 42 42 27 59 26 33 103 87 22 468 87
leaf_count=39 21 24 32 23 38 20 30 23 20 699 6732 348 286 343 383 214 44 147 44 42 42 27 59 26 33 103 87 22 468 87
internal_value=0 -1.2769 -51.6648 -174.083 23.5212 -60.8174 -7.64658 19.4895 -0.272084 -0.113608 -0.394174 -0.421994 2.52828 -0.33125 -0.278864 -0.341237 1.09516 -0.388035 -1.46115 -3.78734 -3.03784 3.23506 -4.7419 -3.10319 1.71885 -0.0681294 3.57403 4.81278 -0.294963 -1.34648
internal_weight=0 10485 205 78 127 89 69 46 10280 10260 9275 9251 985 8903 8560 8177 258 7919 632 365 323 69 254 195 267 136 131 48 7287 555
internal_count=10506 10485 205 78 127 89 69 46 10280 10260 9275 9251 985 8903 8560 8177 258 7919 632 365 323 69 254 195 267 136 131 48 7287 555
is_linear=0
shrinkage=0.5


Tree=3
num_leaves=31
num_cat=0
split_feature=24 5 30 30 30 18 28 16 15 16 5 33 31 12 36 36 37 24 36 17 7 36 41 1 31 10 41 17 31 11
split_gain=1.23203e+07 4.72823e+06 4.90761e+06 3.19165e+06 2.61792e+06 1.79399e+06 1.40476e+06 527803 1.47639e+06 239284 96905.1 7576.99 3936.25 2764.09 2578.82 2428.49 1853.77 1952.39 7931.26 5528.67 4621.33 3846.24 4218.08 12496.8 7785.97 6661.11 3730.53 10016.9 3335.62 6731.77
threshold=3253.9000250000004 18.254999200000004 53.005001100000008 51.565000550000008 59.565000550000008 364.50000000000006 1.0000000180025095e-35 268.65000000000003 28511.849600000005 283.15000000000003 93.164997100000008 1.0000000180025095e-35 135448.10150000002 348.30999985 43.370000850000004 48.895000450000005 1.0000000180025095e-35 2583.8499750000005 46.985000600000006 1.0000000180025095e-35 1.0000000180025095e-35 48.395000450000005 1.0000000180025095e-35 1.0000000180025095e-35 35271.500000000007 0.19449999950000005 1.0000000180025095e-35 1.0000000180025095e-35 145870.29700000005 1.0000000180025095e-35
decision_type=2 2 2 2 2 2 2 2 2 2 2 2 2 2 2 2 2 2 2 2 2 2 2 2 2 2 2 2 2 2
left_child=1 2 3 5 -3 6 9 8 -6 -1 11 13 15 -10 -15 -13 17 21 19 20 -19 22 24 -24 -16 -25 27 -23 -20 -30
right_child=-2 4 -4 -5 7 -7 -8 -9 10 -11 -12 12 -14 14 16 -17 -18 18 28 -21 -22 26 23 25 -26 -27 -28 -29 29 -31
leaf_value=-40.763673373631072 392.05991210937498 172.80059684406626 -282.87308643482351 120.5654530732528 129.68363709883258 -205.19991105794907 -154.98312029384431 -81.008753061294556 5.1644907693068189 29.841520701135909 32.436874270439148 1.220285257572929 2.1603876352310181 1.9943068754354507 -2.9350612452271783 -1.1420317465935521 -1.371765163780629 1.0899056691092019 0.026123255569398506 3.2039572360656607 -3.7091705901858707 2.3671591912610377 -1.5299655183689729 5.2496211887687769 0.12385005572207677 0.68587768117727699 -0.72837410513747336 -5.791359244357972 -1.3459307579432123 1.6740088330564695
leaf_weight=21 20 22 27 23 22 24 21 20 24 28 23 240 546 131 515 199 348 306 3504 298 60 361 907 93 349 570 342 42 1202 218
leaf_count=21 20 22 27 23 22 24 21 20 24 28 23 240 546 131 515 199 348 306 3504 298 60 361 907 93 349 570 342 42 1202 218
internal_value=0 -0.747778 -90.7256 -46.3839 0.505056 -87.2332 -46.7874 0.137759 0.295325 -0.417848 0.0183703 -0.0543382 1.26414 -0.194435 -0.208345 0.14944 -0.240002 -0.195077 -0.0171079 1.60503 0.303172 -0.507909 -0.81218 -0.323894 -1.69946 1.32604 0.486179 1.51689 -0.235853 -0.882306
internal_weight=0 10486 144 117 10342 94 70 10320 10300 49 10278 10255 985 9270 9246 439 9115 8767 5588 664 366 3179 2434 1570 864 663 745 403 4924 1420
internal_count=10506 10486 144 117 10342 94 70 10320 10300 49 10278 10255 985 9270 9246 439 9115 8767 5588 664 366 3179 2434 1570 864 663 745 403 4924 1420
is_linear=0
shrinkage=0.5


Tree=4
num_leaves=31
num_cat=0
split_feature=18 24 12 0 16 16 30 16 15 18 24 36 30 31 1 15 16 10 10 39 1 41 10 41 17 40 17 12 40 5
split_gain=5.90821e+06 2.14302e+06 2.62698e+06 5.30575e+06 3.35801e+06 9.96834e+06 6.89087e+06 4.06097e+06 422602 22106.7 2871.08 7817.68 3502.24 2633.51 2194.82 2193.97 1773.9 1845.67 2159.11 2042.86 1674.14 16106 16314.5 8320.64 7306.22 5988.24 3993.99 5897.84 3901.93 3573.55
threshold=762.00000000000011 3192.0000000000005 308.65000000000003 1.0000000180025095e-35 300.77500000000003 278.15000000000003 52.690000550000008 271.02500000000003 28511.849600000005 726.50000000000011 2826.2500000000005 47.139999350000004 89.654998800000016 147756.55450000003 1.0000000180025095e-35 36024.701200000003 226.02500000000001 0.010499999840000001 0.030499999400000002 1.0000000180025095e-35 1.0000000180025095e-35 1.0000000180025095e-35 0.23550000000000001 1.0000000180025095e-35 1.0000000180025095e-35 1.0000000180025095e-35 1.0000000180025095e-35 365.05999985000005 1.0000000180025095e-35 88.784999850000005
decision_type=2 2 2 2 2 2 2 2 2 2 2 2 2 2 2 2 2 2 2 2 2 2 2 2 2 2 2 2 2 2
left_child=1 2 3 -1 5 7 -7 8 -4 10 13 14 -13 16 -12 -14 -10 -18 19 -19 23 24 -23 25 -22 26 27 -20 -25 -29
right_child=-2 -3 4 -5 -6 6 -8 -9 9 -11 11 12 15 -15 -16 -17 17 18 20 -21 21 22 -24 28 -26 -27 -28 29 -30 -31
leaf_value=17.631493077133641 264.94388616652714 -146.74673761487009 58.474366434158817 -299.36635908213526 -166.64631282488506 57.453724845763176 414.31702240308124 -225.33959124088287 4.621689411718398 15.840276772325689 3.4599359801966654 5.8219850315497474 -0.21082842646767536 -1.1752154634665528 0.72178125281173444 1.6914617937679093 3.6376446088155112 0.28090282877286277 -2.1060902953045475 -4.1016036143669714 -0.52218386695715879 4.5963362863546369 0.55937042550427973 -0.74931593418109554 -3.7988041526189558 3.1320548293682244 2.405371901763361 1.1987240013107048 -3.0608848347051971 -0.77522306201081181
leaf_weight=33 21 25 31 22 30 31 24 20 20 22 247 26 1550 593 104 168 33 45 291 65 1704 302 1461 1897 189 195 177 611 202 367
leaf_count=33 21 25 31 22 30 31 24 20 20 22 247 26 1550 593 104 168 33 45 291 65 1704 302 1461 1897 189 195 177 611 202 367
internal_value=0 -0.530646 -0.181181 -109.168 0.394913 0.877923 213.176 -0.253509 0.183551 0.00758287 -0.0264094 0.495667 0.0623584 -0.160579 2.64863 -0.024807 -0.0809813 -0.0934569 -0.109861 -2.30876 -0.0771566 0.163446 1.2509 -0.312355 -0.849327 0.531105 0.180354 -0.129991 -0.971773 0.457989
internal_weight=0 10485 10460 55 10405 10375 55 10320 10300 10269 10247 2095 1744 8152 351 1718 7559 7539 7506 110 7396 3656 1763 3740 1893 1641 1446 1269 2099 978
internal_count=10506 10485 10460 55 10405 10375 55 10320 10300 10269 10247 2095 1744 8152 351 1718 7559 7539 7506 110 7396 3656 1763 3740 1893 1641 1446 1269 2099 978
is_linear=0
shrinkage=0.5


Tree=5
num_leaves=31
num_cat=0
split_feature=12 12 18 12 12 18 24 38 32 12 15 5 24 36 12 33 24 31 12 10 1 17 7 10 1 41 16 10 30 10
split_gain=4.68296e+06 4.51264e+06 6.41558e+06 4.04315e+06 5.36296e+06 4.15336e+06 2.39726e+06 1.99054e+06 873973 600844 344921 18236.9 2879.35 2169.67 1481.52 1393.82 1192.93 1105.27 1024.07 2582.59 1486.82 2325.6 1519.01 1303.68 2836.48 1643.86 1403.72 2074.19 1185.76 972.058
threshold=287.15000000000003 333.15000000000003 364.50000000000006 342.65000000000003 347.55999985 519.00000000000011 3208.0000000000005 0.70149999850000011 3.9650000350000005 374.08999850000004 28511.849600000005 93.164997100000008 3087.6500250000004 49.889999350000004 349.65000000000003 1.0000000180025095e-35 3104.6999500000006 162535.29700000005 361.21000135000003 0.029499999250000002 1.0000000180025095e-35 1.0000000180025095e-35 1.0000000180025095e-35 0.089500002550000013 1.0000000180025095e-35 1.0000000180025095e-35 243.87999955000001 0.020499999650000003 91.125000000000014 0.48950000150000006
decision_type=2 2 2 2 2 2 2 2 2 2 2 2 2 2 2 2 2 2 2 2 2 2 2 2 2 2 2 2 2 2
left_child=8 2 -2 -3 -5 9 7 -7 -1 -6 -9 12 14 -14 -12 17 -15 18 19 -16 21 -21 -23 24 25 -20 -26 -28 -27 -19
right_child=1 3 -4 4 5 6 -8 10 -10 -11 11 -13 13 16 15 -17 -18 29 23 20 -22 22 -24 -25 26 28 27 -29 -30 -31
leaf_value=238.85569801330567 -352.71113282983953 224.64931520819664 -1.9605254530906677 -236.45962270100912 199.27471208572388 -157.75612400621176 -173.44411392211913 65.735187339782712 98.625882387161255 85.563410100482756 -4.1456104808232999 14.072606957477072 5.6153888872418651 3.3735813314006444 5.2650142839321727 0.53514570153638485 -1.6931697976990387 -0.48368943230447808 2.383594943867887 -0.81176635375396811 0.71773509846406502 -0.72370684726370704 3.3596349884906123 -0.097942940498936551 -3.9887251685063045 -3.619567874405119 3.4039492875337602 -2.0832402874986009 0.18395575436160844 -3.204691917850421
leaf_weight=20 22 20 32 24 26 20 20 20 25 21 22 23 39 21 26 960 26 89 68 483 709 36 62 7309 75 27 20 124 85 52
leaf_count=20 22 20 32 24 26 20 20 20 25 21 22 23 39 21 26 960 26 89 68 483 709 36 62 7309 75 27 20 124 85 52
internal_value=0 -0.692358 -144.859 0.0556953 -0.376756 0.169996 -0.505652 -0.169719 160.95 148.468 0.136989 0.00906714 -0.0225425 2.85841 -0.0469597 -0.038054 0.570698 -0.0980946 -0.0763901 0.33125 0.23181 -0.361169 1.85963 -0.145987 -1.02608 0.444402 -2.23469 -1.32113 -0.732965 -1.48718
internal_weight=0 10461 54 10407 10387 10363 10316 10296 45 47 10276 10256 10233 86 10147 10125 47 9165 9024 1316 1290 581 98 7708 399 180 219 144 112 141
internal_count=10506 10461 54 10407 10387 10363 10316 10296 45 47 10276 10256 10233 86 10147 10125 47 9165 9024 1316 1290 581 98 7708 399 180 219 144 112 141
is_linear=0
shrinkage=0.5


Tree=6
num_leaves=31
num_cat=0
split_feature=24 15 24 16 5 30 36 12 16 15 18 30 24 31 36 16 17 18 5 36 2 2 25 37 16 38 36 7 28 12
split_gain=3.51862e+06 3.51649e+06 4.75912e+06 2.71771e+06 2.55081e+06 876921 668275 563054 484772 117946 1197.91 1561.43 975.785 1312.31 1204.82 1489.68 1252.85 1203.22 1388.13 1217.4 1206.94 1119.18 1097.58 1019.25 1742.13 918.951 787.495 3063.73 2692.58 2571.13
threshold=3192.0000000000005 496.00000000000006 728.00000000000011 296.02500000000003 1.0000000180025095e-35 54.625000000000007 40.500000000000007 348.30999985 279.27500000000003 28511.849600000005 723.50000000000011 95.439998650000021 2933.7500000000005 153747.20300000001 48.48000145000001 242.87999955000001 1.0000000180025095e-35 664.75000000000011 88.534999850000005 47.98000145000001 1.0000000180025095e-35 1.0000000180025095e-35 1.0000000180025095e-35 1.0000000180025095e-35 246.62999955000001 0.73749998250000004 48.014999400000008 1.0000000180025095e-35 1.0000000180025095e-35 373.05999985000005
decision_type=2 2 2 2 2 2 2 2 2 2 2 2 2 2 2 2 2 2 2 2 2 2 2 2 2 2 2 2 2 2
left_child=1 2 8 4 -3 -6 -7 -8 -1 -9 11 12 13 25 16 22 21 18 -15 -20 -19 -14 -16 24 -21 -11 27 -27 29 -29
right_child=-2 3 -4 -5 5 6 7 9 -10 10 -12 -13 14 17 15 -17 -18 20 19 23 -22 -23 -24 -25 -26 26 -28 28 -30 -31
leaf_value=55.657683324813846 156.04843902587891 -174.16730210326966 -236.37153577804565 153.19477420017637 104.86634492874146 -79.991857767105103 73.756706567910996 33.717329318706803 -40.087574787628959 3.1559881739642308 3.2071381067407541 -3.7396432416779652 -0.60263396388884771 -0.61778177062492412 0.91825633266797435 -0.22045853041307861 2.9543455500155686 -0.1967968157359532 0.80666223665078485 -2.7573288887176872 4.0488745302639222 2.3056660150939767 4.8166161370277401 -0.40810850533572113 -8.1385231131599056 0.050474795177480519 0.1799376675972843 0.48326192972334947 -2.1606443855868602 -1.465579101791149
leaf_weight=20 36 21 37 29 20 26 26 26 39 23 29 28 83 307 65 467 90 70 21 53 22 55 25 22 21 4448 3406 385 304 302
leaf_count=20 36 21 37 29 20 26 26 26 39 23 29 28 83 307 65 467 90 70 21 53 22 55 25 22 21 4448 3406 385 304 302
internal_value=0 -0.536556 -95.7918 0.344926 -0.0835557 0.270547 0.0675274 0.270052 -7.63156 0.0836828 -0.001832 -0.0109582 -0.000691417 -0.0454884 0.534818 0.138506 1.503 -0.820631 -1.17629 -2.64176 0.818472 0.556471 2.00113 -3.3961 -4.28442 -0.000385389 -0.00859303 -0.126654 -0.92168 -0.373434
internal_weight=0 10470 96 10374 10345 10324 10304 10278 59 10252 10226 10197 10169 9384 785 557 228 516 424 117 92 138 90 96 74 8868 8845 5439 991 687
internal_count=10506 10470 96 10374 10345 10324 10304 10278 59 10252 10226 10197 10169 9384 785 557 228 516 424 117 92 138 90 96 74 8868 8845 5439 991 687
is_linear=0
shrinkage=0.5


Tree=7
num_leaves=31
num_cat=0
split_feature=12 12 36 18 36 24 12 18 30 36 24 38 38 12 12 30 30 10 11 31 10 40 1 10 39 10 25 18 24 1
split_gain=2.14355e+06 1.66625e+06 6.37922e+06 2.39831e+06 2.15599e+06 4.80182e+06 1.75751e+06 792783 196919 77634.6 77011.3 29560.9 7839.86 4287.52 846.413 2480.61 1771.28 1336.28 1282.5 7008.36 3072.04 2845.92 4168.04 2759.19 2105.32 1454.46 1140.58 1938.02 1089.16 1304.2
threshold=298.65000000000003 346.05999985 25.500000000000004 442.50000000000006 36.500000000000007 3192.0000000000005 373.05999985000005 277.50000000000006 86.814998650000021 41.309999450000007 3146.4499500000006 0.73085001100000013 0.74015000500000017 349.65000000000003 376.80499900000001 95.125000000000014 95.564998650000021 0.67950001350000011 1.0000000180025095e-35 114041.25000000001 0.40950000250000002 1.0000000180025095e-35 1.0000000180025095e-35 0.14549999700000002 1.0000000180025095e-35 0.04050000010000001 1.0000000180025095e-35 687.20001200000013 2477.7500000000005 1.0000000180025095e-35
decision_type=2 2 2 2 2 2 2 2 2 2 2 2 2 2 2 2 2 2 2 2 2 2 2 2 2 2 2 2 2 2
left_child=7 2 3 -2 6 8 -3 -1 -6 -10 11 -11 -13 -14 15 18 17 26 21 -20 -21 23 -23 24 25 -15 -16 -28 -26 -30
right_child=1 4 -4 -5 5 -7 -8 -9 9 10 -12 12 13 14 16 -17 -18 -19 19 20 -22 22 -24 -25 28 -27 27 -29 29 -31
leaf_value=45.175122360388436 -309.80788011136264 186.69884060110365 87.699809360504148 -78.892131851478055 -49.526069629192349 -228.67531312030295 2.3092160324255624 167.09593407313028 23.988327211316893 -16.235261238047055 27.77340862929821 8.7044249294827196 6.1896444867764204 2.8788832073861901 0.3084254222975783 -4.0989750912903169 4.8915436848820679 -1.3716352521725323 -2.3166464776881801 1.6767666064161117 -1.7531537067058474 -2.3003699060953609 -0.027478648782278417 0.013934214938363235 0.3391095565756162 -0.21123111209183826 0.055975131351839409 5.8922497749328615 1.0261670024660619 3.4054995466555869
leaf_weight=30 23 28 35 22 20 23 24 24 34 28 25 26 28 44 1386 38 21 115 342 271 86 314 564 6293 75 283 33 25 92 154
leaf_count=30 23 28 35 22 20 23 24 24 34 28 25 26 28 44 1386 38 21 115 342 271 86 314 564 6293 75 283 33 25 92 154
internal_value=0 -0.513352 -72.3964 -196.916 0.0410874 -0.470623 101.596 99.3621 0.0391087 0.135567 0.0563917 -0.0114224 0.0331573 0.0109758 -0.00609238 -0.0681823 0.330136 0.268693 -0.0502004 -0.699085 0.850511 0.0078084 -0.840335 0.115094 1.0975 0.204564 0.399329 2.57161 2.00713 2.51567
internal_weight=0 10452 80 45 10372 10320 52 54 10297 10277 10243 10218 10190 10164 10136 8556 1580 1559 8518 699 357 7819 878 6941 648 327 1444 58 321 246
internal_count=10506 10452 80 45 10372 10320 52 54 10297 10277 10243 10218 10190 10164 10136 8556 1580 1559 8518 699 357 7819 878 6941 648 327 1444 58 321 246
is_linear=0
shrinkage=0.5


Tree=8
num_leaves=31
num_cat=0
split_feature=24 18 12 12 16 0 0 5 24 5 24 38 36 5 9 12 10 15 15 41 33 15 7 1 25 10 10 5 24 10
split_gain=2.33837e+06 2.30102e+06 1.26217e+06 2.76792e+06 2.87117e+06 1.53195e+06 1.45886e+06 1.54528e+06 2.91317e+06 78813.8 19225 46530.5 16228.2 4150.16 3381.12 1657.85 1035.1 659.736 3118.2 4970.48 3320.79 2409.97 2899.55 4102.54 3128.07 1446.97 1180.34 792.978 890.11 1242.65
threshold=3192.0000000000005 736.50000000000011 308.65000000000003 325.65000000000003 300.77500000000003 1.0000000180025095e-35 1.0000000180025095e-35 17.314999600000004 1968.3499750000003 81.189998650000021 3146.4499500000006 0.73749998250000004 41.309999450000007 82.889999400000008 1.0000000180025095e-35 349.65000000000003 0.010499999840000001 36024.701200000003 36011.349600000009 1.0000000180025095e-35 1.0000000180025095e-35 36989.500000000007 1.0000000180025095e-35 1.0000000180025095e-35 1.0000000180025095e-35 0.54450002350000004 0.43699999200000006 92.360000600000021 2826.2500000000005 0.60050001750000004
decision_type=2 2 2 2 2 2 2 2 2 2 2 2 2 2 2 2 2 2 2 2 2 2 2 2 2 2 2 2 2 2
left_child=1 2 5 -4 6 -1 7 -5 -9 -10 11 -11 -13 14 -14 -15 -17 18 27 20 26 22 24 -24 -19 -26 -20 28 29 -18
right_child=-2 -3 3 4 -6 -7 -8 8 9 10 -12 12 13 15 -16 16 17 21 19 -21 -22 -23 23 -25 25 -27 -28 -29 -30 -31
leaf_value=-7.5230666651870264 127.21268208821614 -169.87111658528448 177.4504991011186 132.37777272137728 -169.3300724029541 -177.85887510126287 112.30701783607746 -186.3152698321002 29.99704839966514 -21.540186294019222 13.886704406738282 11.479709409898327 0.70491369475017895 3.7768094621855637 9.6874466978013523 2.6672315299510956 -0.37214228894137574 -0.14124166323169518 -5.4506336926514729 1.4816274493104882 -0.46016327261924744 -0.022011503214084606 6.2121536867885752 0.94540951539780582 6.9271471966944986 1.9957310011263425 -10.372722153152738 -2.8984967727959154 0.20378838343979144 0.69536331245002214
leaf_weight=33 36 20 22 22 25 22 29 21 22 25 25 31 22 29 20 36 2434 407 29 45 25 4790 58 102 21 51 21 25 1751 307
leaf_count=33 36 20 22 22 25 22 29 21 22 25 25 31 22 29 20 36 2434 407 29 45 25 4790 58 102 21 51 21 25 1751 307
internal_value=0 -0.437407 -0.113132 0.286573 -0.0891727 -75.6574 0.319701 0.00497719 -0.277843 0.102342 0.0382031 0.00435689 0.0571414 0.0223337 4.98231 0.00177112 -0.00906595 -0.0186374 -0.157143 -2.67272 -5.16533 0.0996627 1.01174 2.8546 0.396173 3.43406 -7.51791 -0.0903136 -0.0746848 -0.252579
internal_weight=0 10470 10450 10395 10373 55 10348 10319 10297 10276 10254 10229 10204 10173 42 10131 10102 10066 4637 120 75 5429 639 160 479 72 50 4517 4492 2741
internal_count=10506 10470 10450 10395 10373 55 10348 10319 10297 10276 10254 10229 10204 10173 42 10131 10102 10066 4637 120 75 5429 639 160 479 72 50 4517 4492 2741
is_linear=0
shrinkage=0.5


Tree=9
num_leaves=31
num_cat=0
split_feature=16 16 16 24 5 24 32 12 39 18 9 38 38 24 38 24 12 24 10 12 31 10 5 10 5 18 25 32 30 24
split_gain=1.30513e+06 2.69138e+06 2.89019e+06 1.82446e+06 9.57599e+06 5.47352e+06 2.8726e+06 3.20054e+06 1.44114e+06 133029 62607.9 368784 355585 53411 40014.7 17177.9 22797.1 10477.8 2673.63 2166.09 1551.76 4764.55 2231.71 1295.31 845.136 1321.94 2644.84 1589.66 2160.15 1926.89
threshold=304.27500000000003 298.52500000000003 295.52500000000003 856.00000000000011 17.314999600000004 3192.0000000000005 4.9849998950000005 322.65000000000003 1.0000000180025095e-35 726.50000000000011 1.0000000180025095e-35 0.75244998900000015 0.71999999900000011 2043.6500250000001 0.73749998250000004 3023.6500250000004 351.52500000000003 3121.9000250000004 0.39299999200000008 351.52500000000003 124846.8515 0.10050000250000002 84.639999400000008 0.66850000650000008 90.139999400000008 659.95001200000013 1.0000000180025095e-35 14.755000100000002 93.255001050000018 2760.0000000000005
decision_type=2 2 2 2 2 2 2 2 2 2 2 2 2 2 2 2 2 2 2 2 2 2 2 2 2 2 2 2 2 2
left_child=1 2 3 6 -5 9 7 -1 -8 10 12 -12 -6 -13 -14 16 -15 19 20 -16 21 -18 -23 -20 25 -21 -27 28 29 -28
right_child=-2 -3 -4 4 5 -7 8 -9 -10 -11 11 13 14 15 17 -17 18 -19 23 24 -22 22 -24 -25 -26 26 27 -29 -30 -31
leaf_value=139.58668184280396 104.13931824366252 -164.15664054870606 189.98387767076491 337.62837882268997 -59.719310226440427 -255.36011750357491 -254.63601151379672 -131.23741989135743 -69.188402557373053 39.00514404340224 67.694531591042235 27.595245528221131 20.818122810643651 16.888622492551804 -4.2054309402742698 -10.848430227488279 -0.45149082519315387 -9.2393132878407354 -4.7405813913792372 -0.055479122407923846 0.82135584915696236 3.6859647795557975 11.155422190763057 -0.32678520862999205 -0.35691181520796328 0.22269559761104196 0.8195856019854546 6.453122851811349 -1.3561342737770505 4.8437026331232769
leaf_weight=24 30 25 20 21 25 21 22 20 20 22 23 20 23 24 31 28 37 31 22 6575 134 20 20 68 1558 1461 60 20 42 59
leaf_count=24 30 25 20 21 25 21 22 20 20 22 23 20 23 24 31 28 37 31 22 6575 134 20 20 68 1558 1461 60 20 42 59
internal_value=0 -0.298223 0.0937457 -0.270342 0.332575 -0.353517 -72.7957 16.4848 -166.328 0.166248 0.0831378 6.24778 -0.163822 2.45884 -0.0128192 1.03468 2.05845 -0.0615243 0.87598 -0.0325103 1.84921 3.63796 7.42069 -1.40571 -0.0192764 0.0447416 0.446052 2.24894 1.72668 2.81474
internal_weight=0 10476 10451 10431 10345 10324 86 44 42 10303 10281 396 9885 373 9860 353 325 9837 301 9806 211 77 40 90 9775 8217 1642 181 161 119
internal_count=10506 10476 10451 10431 10345 10324 86 44 42 10303 10281 396 9885 373 9860 353 325 9837 301 9806 211 77 40 90 9775 8217 1642 181 161 119
is_linear=0
shrinkage=0.5


Tree=10
num_leaves=31
num_cat=0
split_feature=24 20 32 18 12 12 15 24 15 18 24 18 5 12 38 32 36 16 12 12 24 9 31 32 17 16 10 18 16 5
split_gain=924998 1.14704e+06 3.22042e+06 3.96025e+06 3.56736e+06 3.87764e+06 3.03052e+06 1.09943e+06 55835.7 33563.3 10636.1 7280.25 7484.56 5585.59 2609.94 2678.38 954.752 891.112 3193.07 2934.99 880.954 1637.18 1195.14 931.734 668.077 646.982 858.658 570.673 555.107 1001.9
threshold=3192.0000000000005 1.0000000180025095e-35 1.9350000050000002 331.00000000000006 342.65000000000003 308.65000000000003 496.00000000000006 1968.3499750000003 28511.849600000005 726.50000000000011 3136.3499750000005 559.0499880000001 83.139999400000008 359.08999865000004 0.75244998900000015 -18.449999799999997 46.769998550000004 230.97500075000002 352.93499985 349.65000000000003 3013.7500000000005 1.0000000180025095e-35 162535.29700000005 7.1649999650000007 1.0000000180025095e-35 253.87999955000001 0.46050000150000009 603.20001200000013 237.10000075000002 88.670002000000025
decision_type=2 2 2 2 2 2 2 2 2 2 2 2 2 2 2 2 2 2 2 2 2 2 2 2 2 2 2 2 2 2
left_child=1 2 3 -1 5 -4 -6 -3 -9 10 11 -10 13 -13 15 -14 -17 18 -16 -19 22 23 28 24 25 26 -22 -20 29 -21
right_child=-2 7 4 -5 6 -7 -8 8 9 -11 -12 12 14 -15 17 16 -18 19 27 20 21 -23 -24 -25 -26 -27 -28 -29 -30 -31
leaf_value=5.669877225702459 80.009891086154511 88.820947919573101 -32.900296757298129 -282.56995490881116 -231.97732511433688 226.28180857057924 33.569971720377602 23.194083653963528 8.1757801605595475 19.502570932561699 -10.788011136262313 -11.847589124803958 -6.3167086932808161 -1.4137691310767471 -6.90116268822125 -3.5434573699974199 0.42146925172027278 5.5527769540203735 -1.2043130360072172 0.29859141322709143 -1.1541585385100916 5.2953777253627781 -1.6764412625112906 2.2678789270852331 1.5516680142153865 -2.9531929245591164 2.1594439493171098 0.79589319997108898 -0.026861829260221563 3.5097047197818756
leaf_weight=22 36 35 31 26 22 27 21 26 27 22 23 23 32 29 21 22 49 24 79 857 60 20 106 59 46 25 29 65 8617 25
leaf_count=22 36 35 31 26 22 27 21 26 27 22 23 23 32 29 21 22 49 24 79 857 60 20 106 59 46 25 29 65 8617 25
internal_value=0 -0.275106 -43.8316 -150.46 6.84325 87.7534 -102.291 0.353702 0.0526759 -0.00596703 -0.0478881 -0.0237057 -0.0454358 -6.02873 -0.0147402 -2.51882 -0.8071 0.0109671 -1.14141 0.0302356 0.0167714 0.964994 -0.00682308 0.569526 -0.0567421 -0.70575 -0.0744454 -0.301442 0.0118083 0.389609
internal_weight=0 10470 149 48 101 58 43 10321 10286 10260 10238 10215 10188 52 10136 103 71 10033 165 9868 9844 239 9605 219 160 114 89 144 9499 882
internal_count=10506 10470 149 48 101 58 43 10321 10286 10260 10238 10215 10188 52 10136 103 71 10033 165 9868 9844 239 9605 219 160 114 89 144 9499 882
is_linear=0
shrinkage=0.5


Tree=11
num_leaves=31
num_cat=0
split_feature=30 24 36 24 31 5 16 18 16 16 38 30 5 18 18 38 12 24 15 24 24 24 12 24 18 36 12 10 2 10
split_gain=1.12758e+06 4.46707e+06 3.35639e+06 2.36333e+06 1.86495e+06 1.11774e+06 1.11448e+06 465635 1.55411e+06 345820 23139.9 13034 12171.6 19300.7 5443.73 4768.75 10978.6 2745.87 2709.33 4671.82 4580.36 1852.17 1017.51 808.221 1085.21 549.464 518.996 668.49 553.3 4740.15
threshold=53.005001100000008 808.00000000000011 25.500000000000004 3192.0000000000005 136626.85150000002 15.815000050000002 267.40000000000003 277.50000000000006 283.15000000000003 264.52500000000003 0.73085001100000013 87.159999850000005 92.895000500000023 723.50000000000011 719.0499880000001 0.74959999300000013 360.03000105000007 2464.3499750000005 39987.69920000001 2096.3499750000005 2096.3499750000005 3136.3499750000005 349.65000000000003 3088.3499750000005 670.95001200000013 42.500000000000007 352.40000000000003 0.35950000550000005 1.0000000180025095e-35 0.82049998650000011
decision_type=2 2 2 2 2 2 2 2 2 2 2 2 2 2 2 2 2 2 2 2 2 2 2 2 2 2 2 2 2 2
left_child=1 4 -2 6 7 -3 9 8 -1 10 -4 -12 14 -14 15 16 -13 -18 19 -17 -20 22 -21 25 -25 -24 27 -27 -28 -30
right_child=2 5 3 -5 -6 -7 -8 -9 -10 -11 11 12 13 -15 -16 18 17 -19 20 21 -22 -23 23 24 -26 26 28 -29 29 -31
leaf_value=-121.0977833157494 -173.46707946062088 269.10079364776612 15.24618314743042 -167.68499792189826 113.42803989757191 101.93803602457047 88.04055965609021 -104.81912867228191 65.154621362686157 -60.036290527631841 12.459633409976959 -14.014877358078957 -2.2880440771579744 19.678250277042387 -8.2849005222320553 -5.8652799944667251 -4.5413078975677488 2.2797850457330546 9.5062601566314697 -2.8921940724054971 -0.73905541449009127 -4.8011439085006717 2.4558438632799233 -0.45278280675411225 4.6361220167441806 0.20573764873875511 0.045674332277823533 3.7554562368563245 -0.49472135790755112 4.8477924739898635
leaf_weight=21 28 20 25 21 22 20 36 27 24 24 21 20 20 20 20 34 25 36 20 30 24 20 23 20 22 36 8578 21 1205 43
leaf_count=21 28 20 25 21 22 20 36 27 24 24 21 20 20 20 20 34 25 36 20 30 24 20 23 20 22 36 8578 21 1205 43
internal_value=0 45.5726 -0.588771 -0.12081 -13.9792 185.519 0.220065 -52.9092 -21.7632 -0.0872685 0.0529221 0.0158219 -0.00975505 8.6951 -0.0439689 -0.0277418 -3.84886 -0.515745 0.00297583 -0.0141949 3.91791 0.00570275 0.0153376 0.0241058 2.21283 0.0148259 0.00914514 1.51353 0.000418305 -0.310644
internal_weight=0 134 10372 10344 94 40 10323 72 45 10287 10263 10238 10217 40 10177 10157 81 61 10076 10032 44 9998 9978 9948 42 9906 9883 57 9826 1248
internal_count=10506 134 10372 10344 94 40 10323 72 45 10287 10263 10238 10217 40 10177 10157 81 61 10076 10032 44 9998 9978 9948 42 9906 9883 57 9826 1248
is_linear=0
shrinkage=0.5


Tree=12
num_leaves=31
num_cat=0
split_feature=24 24 12 18 27 36 16 1 41 16 38 12 5 31 15 18 24 38 12 38 24 5 5 15 5 15 38 1 30 17
split_gain=2.72691e+06 3.63373e+06 697326 1.74198e+06 3.31326e+06 2.10112e+06 1.94033e+06 1.64249e+06 1.451e+06 42748.7 16298.2 6923.84 6589.7 1607.83 2152.6 1439.89 862.943 5935.25 4436.43 3168.38 2816.72 1808.35 1424.91 675.881 997.582 578.482 539.47 1052.47 916.646 817.442
threshold=3253.9000250000004 3176.0000000000005 308.65000000000003 400.50000000000006 1.0000000180025095e-35 24.500000000000004 267.40000000000003 1.0000000180025095e-35 1.0000000180025095e-35 264.52500000000003 0.73085001100000013 348.30999985 92.895000500000023 163795.60150000002 34005.150400000006 718.2999880000001 2273.9000250000004 0.76690000300000005 372.12000120000005 0.7571000160000001 2124.3499750000005 84.404998800000016 82.889999400000008 37048.050800000005 84.99499895000001 31003.500000000004 0.7651000025000001 1.0000000180025095e-35 93.125000000000014 1.0000000180025095e-35
decision_type=2 2 2 2 2 2 2 2 2 2 2 2 2 2 2 2 2 2 2 2 2 2 2 2 2 2 2 2 2 2
left_child=1 2 7 8 5 -5 9 -1 -4 10 -7 -12 13 15 -15 16 17 18 19 -13 21 -19 -18 -22 -25 -24 27 -27 29 -29
right_child=-2 -3 3 4 -6 6 -8 -9 -10 -11 11 12 -14 14 -16 -17 22 20 -20 -21 23 -23 25 24 -26 26 -28 28 -30 -31
leaf_value=-141.65146384920394 -184.44929723739625 183.54296504126654 16.8381367623806 142.09946282093341 -182.10282516479492 13.343012167059857 -152.04635656447638 28.126078506995892 177.60505455017091 23.186730098724365 8.5006914933522548 -11.359150800515305 6.5702170321815894 -6.3230707715872834 -0.65935676761211892 -4.0487722808664497 4.2396835282444956 7.6605077016921275 1.4633160531520844 -3.8548568741967664 -3.049954506754875 1.173790321039798 -2.1414513133706583 2.8547795400023461 -0.83891760903027124 0.86788453900998874 -0.018222540380700956 0.38184798712471113 -1.8556592539226746 -1.6647354997694492
leaf_weight=28 20 27 32 26 25 23 21 29 25 20 24 22 38 23 62 22 20 21 24 39 20 22 31 25 68 516 8750 379 68 56
leaf_count=28 20 27 32 26 25 23 21 29 25 20 24 22 38 23 62 22 20 21 24 39 20 22 31 25 68 516 8750 379 68 56
internal_value=0 0.351801 -0.121109 0.18111 -0.299182 0.141234 -0.217316 -55.2734 87.3499 0.0930519 0.0480042 0.0181132 -0.00183405 -0.0263952 -2.19189 -0.00814002 0.000695472 -0.934038 -4.29554 -6.56132 0.897552 4.34172 0.0236355 -0.413062 0.154012 0.0150313 0.0218745 0.366181 -0.148488 0.11838
internal_weight=0 10486 10459 10402 10345 10320 10294 57 57 10273 10253 10230 10206 10168 85 10083 10061 241 85 61 156 43 9820 113 93 9800 9769 1019 503 435
internal_count=10506 10486 10459 10402 10345 10320 10294 57 57 10273 10253 10230 10206 10168 85 10083 10061 241 85 61 156 43 9820 113 93 9800 9769 1019 503 435
is_linear=0
shrinkage=0.5


Tree=13
num_leaves=31
num_cat=0
split_feature=12 0 36 18 36 38 24 0 24 38 16 38 30 5 12 5 38 16 32 30 5 18 12 15 24 1 32 33 31 31
split_gain=769177 1.77395e+06 4.55001e+06 2.61787e+06 1.68472e+06 1.93434e+06 1.9111e+06 613791 8407.13 20979 25050.8 11719.3 3807.64 2938.12 2003.72 1785.66 767.507 1018.69 939.65 730.961 1677.46 1112.09 651.729 2453.9 2235.3 635.545 528.538 497.572 708.759 575.297
threshold=298.65000000000003 1.0000000180025095e-35 23.500000000000004 364.50000000000006 24.500000000000004 0.70149999850000011 3176.0000000000005 1.0000000180025095e-35 3104.6999500000006 0.73085001100000013 264.38000002000007 0.77489998950000005 95.439998650000021 81.689998650000021 349.65000000000003 92.895000500000023 0.74959999300000013 244.12999955000001 3.2450000050000005 95.125000000000014 92.109996800000019 711.45001200000013 354.18499985 37976.900400000006 2068.0000000000005 1.0000000180025095e-35 -28.404999749999998 1.0000000180025095e-35 132211.25000000003 131259.35150000002
decision_type=2 2 2 2 2 2 2 2 2 2 2 2 2 2 2 2 2 2 2 2 2 2 2 2 2 2 2 2 2 2
left_child=7 3 -3 -2 -5 -6 8 -1 9 -7 12 -10 13 -11 -15 16 17 -16 -19 21 -21 22 23 25 -24 -18 -27 29 -29 -26
right_child=1 2 -4 4 5 6 -8 -9 11 10 -12 -13 -14 14 15 -17 19 18 -20 20 -22 -23 24 -25 27 26 -28 28 -30 -31
leaf_value=13.604337046223302 140.75681158268091 24.499096155166626 -279.51088714003561 -116.68094533105051 122.79500576108694 -16.166199234127998 -126.34023075103759 121.40769081530364 15.477796558113326 5.7593795982274143 15.851454842090607 -0.85924552316251013 5.4501190748997033 -4.0387801777931953 0.46005355724782654 -4.7325815256685022 -0.96578333595624333 -5.7248507112264635 -0.93612042779014226 0.94361066392489845 -4.529468660375902 2.6496685456484554 -4.5518303712209063 5.5563718125224115 0.062035841110288904 -0.41102458825034482 2.2844279623505743 -0.17231544443888891 0.71392711308628853 -0.20529393314100605
leaf_weight=31 33 32 20 31 32 20 30 23 21 22 25 23 32 31 33 20 65 20 21 28 28 40 27 25 5663 31 44 382 551 3122
leaf_count=31 33 32 20 31 32 20 30 23 21 22 25 23 32 31 33 20 65 20 21 28 28 40 27 25 5663 31 44 382 551 3122
internal_value=0 -0.307512 -92.4278 0.15309 -0.294477 0.0545927 -0.326589 59.5206 0.0413701 0.0117073 0.0433976 6.93798 0.00459528 -0.0125678 -0.0251019 -0.0127827 -0.00341799 -1.60775 -3.27209 0.00844697 -1.79293 0.0185854 0.00796546 0.993372 -0.00871922 0.178551 1.17031 0.00390313 0.351071 -0.0329674
internal_weight=0 10452 52 10400 10367 10336 10304 54 10274 10230 10210 44 10185 10153 10131 10100 10080 74 41 10006 56 9950 9910 165 9745 140 75 9718 933 8785
internal_count=10506 10452 52 10400 10367 10336 10304 54 10274 10230 10210 44 10185 10153 10131 10100 10080 74 41 10006 56 9950 9910 165 9745 140 75 9718 933 8785
is_linear=0
shrinkage=0.5


Tree=14
num_leaves=31
num_cat=0
split_feature=24 24 36 24 41 18 36 12 12 38 16 38 18 30 24 24 5 30 31 31 31 1 12 10 7 28 28 36 18 5
split_gain=887401 2.29272e+06 1.47517e+06 2.59496e+06 6.40091e+06 2.29697e+06 991829 855300 1.61322e+06 19957.1 14623.9 5365.71 3234.13 4732.01 2242.82 1665.28 3178.95 2333.41 1729.32 1379.51 989.784 12555.8 3573.15 702.556 1358.47 2773.12 1591.72 712.877 945.62 688.141
threshold=3253.9000250000004 3176.0000000000005 17.000000000000004 808.00000000000011 1.0000000180025095e-35 442.50000000000006 38.500000000000007 298.65000000000003 373.05999985000005 0.71999999900000011 264.52500000000003 0.74015000500000017 559.0499880000001 87.810001350000007 2068.0000000000005 3068.0000000000005 92.895000500000023 95.314998650000021 162791.85150000002 160550.89850000004 163795.60150000002 1.0000000180025095e-35 350.46000135000003 0.29950000350000006 1.0000000180025095e-35 1.0000000180025095e-35 1.0000000180025095e-35 54.434999450000007 712.20001200000013 91.125000000000014
decision_type=2 2 2 2 2 2 2 2 2 2 2 2 2 2 2 2 2 2 2 2 2 2 2 2 2 2 2 2 2 2
left_child=1 2 7 4 -4 -5 -7 -1 -9 -8 11 -11 -13 -14 -15 16 17 20 19 -17 22 -22 -16 24 26 -26 -24 28 -25 -29
right_child=-2 -3 3 5 -6 6 9 8 -10 10 -12 12 13 14 15 18 -18 -19 -20 -21 21 -23 23 27 25 -27 -28 29 -30 -31
leaf_value=-10.603303967100201 -105.22071502208709 145.71436438737092 -63.087987740834556 -128.07925102199826 306.03418333634085 103.94220434064451 -14.71617541105851 -220.3751331090927 -21.955926248005458 5.8552634836389466 13.209689424151467 -5.8180956020951271 6.4840166978538036 -5.3145676612854 -6.3774267570538958 -2.5674808381332292 4.7628856284277781 -4.9348423869038625 -4.7509886897294908 2.0233574186762175 8.3359887779161745 -4.6898632758372543 0.14401725761654316 0.14269323511066465 -1.4520721730218464 0.59019597350060937 -0.7547244218855349 -0.41206942397139729 3.4273365641182121 -3.3696206609408059
leaf_weight=33 20 27 24 35 23 23 23 20 21 39 21 24 28 20 22 36 35 24 37 30 37 37 2692 5473 496 250 603 310 22 21
leaf_count=33 20 27 24 35 23 23 23 20 21 39 21 24 28 20 22 36 35 24 37 30 37 37 2692 5473 496 250 603 310 22 21
internal_value=0 0.200688 -0.174957 0.326299 117.546 -0.206622 0.22777 -70.5201 -118.746 -0.00427615 0.0287134 0.00167152 -0.0207164 -0.00703935 -0.0249545 -0.0145059 0.00605097 -0.0106196 -2.01471 -0.480736 0.0012424 1.82306 -0.0123904 0.00180143 -0.158397 -0.767666 -0.0204566 0.112918 0.155844 -0.599709
internal_weight=0 10486 10459 10385 47 10338 10303 74 41 10280 10257 10236 10197 10173 10145 10125 10022 9987 103 66 9963 74 9889 9867 4041 746 3295 5826 5495 331
internal_count=10506 10486 10459 10385 47 10338 10303 74 41 10280 10257 10236 10197 10173 10145 10125 10022 9987 103 66 9963 74 9889 9867 4041 746 3295 5826 5495 331
is_linear=0
shrinkage=0.5


Tree=15
num_leaves=31
num_cat=0
split_feature=30 24 32 12 24 10 31 27 15 12 16 10 16 10 38 24 30 5 30 31 5 38 32 1 12 5 24 10 10 38
split_gain=811817 2.59086e+06 3.11369e+06 2.16129e+06 1.64175e+06 1.29042e+06 850525 808420 754551 300929 129382 8909.95 6491.9 29159.2 19270.8 4894.42 2432.51 3092.67 2254.71 2054.24 1585.19 1651.91 1457.56 2102.79 1218.96 1160.88 560.997 497.294 459.592 736.131
threshold=54.625000000000007 1.0000000180025095e-35 18.429999350000006 333.15000000000003 3176.0000000000005 1.0000000180025095e-35 131713.10150000002 1.0000000180025095e-35 496.00000000000006 348.30999985 266.02500000000003 0.010499999840000001 261.25500000000005 0.20449999700000002 0.73085001100000013 2043.6500250000001 95.314998650000021 92.810001350000007 87.934997600000017 109203.70300000001 82.889999400000008 0.74524998650000007 2.9850000150000002 1.0000000180025095e-35 380.12000100000006 85.389999400000008 2096.3499750000005 0.93250000450000015 0.080499999200000019 0.75244998900000015
decision_type=2 2 2 2 2 2 2 2 2 2 2 2 2 2 2 2 2 2 2 2 2 2 2 2 2 2 2 2 2 2
left_child=1 6 7 -2 5 -5 8 -3 -1 -7 11 -11 14 -14 -13 -16 17 18 19 -17 -20 25 24 -24 -15 -22 -23 28 -28 -30
right_child=3 2 -4 4 -6 9 -8 -9 -10 10 -12 12 13 22 15 16 -18 -19 20 -21 21 26 23 -25 -26 -27 27 -29 29 -31
leaf_value=-10.102551631438427 -164.73235893249512 122.64962071722204 -45.253532364254909 113.60208805084228 -113.28509402275085 -51.89682616506304 60.960880295090057 259.80147824968611 -125.90976663069291 -9.69224813580513 40.184989228844643 14.777024697173726 -20.150460064411163 -4.4301257327846857 -7.6626317898432417 -6.8557405210221587 5.2304339137944309 -6.244289112277329 4.4423648580908779 -0.097610712263055829 -5.899591475725174 -2.0277445421499363 -1.6406944585697991 5.0862943403995953 0.90714930593967436 -0.63623381609266449 -0.46328767376503022 -1.0602729708059795 2.0167568982281585 0.032948839182302098
leaf_weight=39 20 22 21 25 32 28 23 21 22 24 20 22 22 23 21 23 22 20 20 22 20 34 21 26 20 22 471 108 47 9245
leaf_count=39 20 22 21 25 32 28 23 21 22 24 20 22 22 23 21 23 22 20 20 22 20 34 21 26 20 22 471 108 47 9245
internal_value=0 36.7695 112.559 -0.52538 -0.207703 0.143401 -20.9752 189.631 -51.8691 -0.132494 0.00887009 -0.0696526 -0.0470311 -3.83278 -0.00503811 -0.0373166 -0.0213894 -0.0329066 -0.0204987 -3.55177 -0.00455537 -0.0134966 0.155991 2.08062 -1.94767 -3.14259 -0.000228339 0.00675531 0.018559 0.0429832
internal_weight=0 148 64 10358 10338 10306 84 43 61 10281 10253 10233 10209 112 10097 10075 10054 10032 10012 45 9967 9947 90 47 43 42 9905 9871 9763 9292
internal_count=10506 148 64 10358 10338 10306 84 43 61 10281 10253 10233 10209 112 10097 10075 10054 10032 10012 45 9967 9947 90 47 43 42 9905 9871 9763 9292
is_linear=0
shrinkage=0.5


Tree=16
num_leaves=31
num_cat=0
split_feature=24 24 36 5 30 36 5 12 1 19 10 38 15 5 12 38 30 5 30 12 18 30 15 15 15 10 7 10 36 32
split_gain=736413 1.81073e+06 437997 2.43395e+06 2.19887e+06 1.80566e+06 1.42632e+06 1.45857e+06 1.21462e+06 550993 38684.6 25841 2787.61 2663.67 7208.99 1092.6 1098.2 1106.59 800.633 7536.69 1402.73 796.535 587.997 403.453 1334.28 1956.51 1404.73 1275.36 1037.75 855.059
threshold=3253.9000250000004 3176.0000000000005 25.500000000000004 17.314999600000004 52.190000550000008 31.500000000000004 18.254999200000004 347.55999985 1.0000000180025095e-35 1.0000000180025095e-35 0.010499999840000001 0.71999999900000011 40983.300800000005 82.24499895000001 349.65000000000003 0.74959999300000013 90.564998650000021 85.485000600000021 95.314998650000021 380.12000100000006 718.2999880000001 87.934997600000017 39987.69920000001 35041.300800000005 35989.500000000007 0.38449999650000005 1.0000000180025095e-35 0.49699999400000006 46.985000600000006 19.420000100000003
decision_type=2 2 2 2 2 2 2 2 2 2 2 2 2 2 2 2 2 2 2 2 2 2 2 2 2 2 2 2 2 2
left_child=1 2 3 4 8 -4 -7 -8 -1 -10 -9 -12 13 -13 -15 16 -16 -18 20 -20 21 -17 23 28 25 26 -25 -27 -23 -30
right_child=-2 -3 5 -5 -6 6 7 10 9 -11 11 12 -14 14 15 18 17 -19 19 -21 -22 22 -24 24 -26 27 -28 -29 29 -31
leaf_value=-121.03063894201208 -95.852175998687741 129.49973219412345 143.29480413957074 -184.83080773126511 150.76464409828185 -133.49781997203826 128.76225090026855 -16.256296683404898 72.10609240758987 -30.339545222691129 -16.800413960995883 5.0441903563646173 -5.7768441262167123 -9.5065342694520947 0.16232512547419622 2.4991906990180723 -6.2404902003705498 -1.2935070822445245 -2.8324449266706195 8.6714939624071121 -3.9882865646346048 1.0084170501174059 -2.642349972877474 -0.7862321369784574 0.018491779037109083 4.0712926752037468 2.3214218774810433 1.1639129525010889 -0.21283303727917052 -2.9439219035978974
leaf_weight=27 20 27 22 21 20 20 22 37 21 35 23 26 21 20 39 32 20 26 35 24 22 177 21 150 6925 63 48 94 2439 29
leaf_count=27 20 27 22 21 20 20 22 37 21 35 23 26 21 20 39 32 20 26 35 24 22 177 21 150 6925 63 48 94 2439 29
internal_value=0 0.182819 -0.151013 -29.6906 1.9399 0.203405 -0.101842 0.157355 -33.9215 8.07757 -0.11811 -0.0597643 -0.0220565 -0.0101967 -0.0231261 -0.00442853 -1.78953 -3.44437 0.0106559 1.84712 -0.000179299 0.00861388 0.000600765 0.0061929 0.0669572 1.01237 -0.0328615 2.33057 -0.161052 -0.244924
internal_weight=0 10486 10459 124 103 10335 10313 10293 83 56 10271 10234 10211 10190 10164 10144 85 46 10059 59 10000 9978 9946 9925 7280 355 198 157 2645 2468
internal_count=10506 10486 10459 124 103 10335 10313 10293 83 56 10271 10234 10211 10190 10164 10144 85 46 10059 59 10000 9978 9946 9925 7280 355 198 157 2645 2468
is_linear=0
shrinkage=0.5


Tree=17
num_leaves=31
num_cat=0
split_feature=30 24 18 12 12 12 16 7 0 32 10 5 24 18 5 30 15 12 10 18 30 18 10 36 12 24 10 18 16 31
split_gain=1.14021e+06 1.36932e+06 1.08583e+06 1.56327e+06 1.48667e+06 1.32744e+06 1.11529e+06 642250 706672 161693 9703.05 7719.13 6052.92 12985.3 12740.8 1471.62 1475.68 3228.96 3322.75 2515.62 6268.66 1196.28 1116.81 997.765 447.389 443.135 942.616 973.043 849.581 1058.39
threshold=50.565000550000008 3176.0000000000005 442.50000000000006 315.65000000000003 343.52500000000003 348.30999985 268.65000000000003 1.0000000180025095e-35 1.0000000180025095e-35 5.8949999800000006 0.010499999840000001 81.689998650000021 3104.6999500000006 676.0499880000001 82.564998650000021 87.810001350000007 39005.150400000006 370.08999865000004 0.24949999900000003 719.0499880000001 95.314998650000021 715.2999880000001 0.16749999700000004 42.500000000000007 351.52500000000003 2826.2500000000005 0.57049998650000011 710.20001200000013 239.17000045 154887.50000000003
decision_type=2 2 2 2 2 2 2 2 2 2 2 2 2 2 2 2 2 2 2 2 2 2 2 2 2 2 2 2 2 2
left_child=7 2 3 -2 -4 -6 10 8 9 -1 -7 -12 14 -14 -13 -16 19 22 -19 21 -21 23 -18 -17 -25 -26 27 -27 -28 -30
right_child=1 -3 4 -5 5 6 -8 -9 -10 -11 11 12 13 -15 15 16 17 18 -20 20 -22 -23 -24 24 25 26 28 -29 29 -31
leaf_value=96.220397306525186 22.087735912074212 -103.78679990768433 133.05893598284041 -155.30088154474893 -108.83132446237973 -8.128148376589289 118.14210740514099 118.73282425491898 -34.079074255057741 37.553229411443077 -8.3069837944848199 -12.626488021016121 15.267388428747655 -1.9831004689137142 4.290530642867088 2.9895693043446436 3.6022215756503018 -9.5131000053314931 -1.4189290218055248 -2.4095379948616027 9.9591800371805821 -3.7687214740685056 -0.99686719646508049 1.6907679923833945 -0.059315707202552914 0.42529574166968442 1.5525309523648543 -3.001039988228253 0.077378493107971735 -1.6330183117428512
leaf_weight=23 23 32 21 27 28 37 20 27 28 24 28 20 20 24 20 28 22 21 32 20 21 21 33 39 7877 1560 46 21 192 171
leaf_count=23 23 32 21 27 28 37 20 27 28 24 28 20 20 24 20 28 22 21 32 20 21 21 33 39 7877 1560 46 21 192 171
internal_value=0 -0.515755 -0.19714 -73.7021 0.158919 -0.112016 0.184309 52.607 28.8018 66.2627 -0.0457854 -0.016513 0.00627199 5.85803 -0.0191102 0.00579568 -0.00268559 -1.84101 -4.62605 0.0171762 3.92566 0.001079 0.842768 0.00904817 0.000623522 -0.00605689 0.204757 0.379785 -0.471817 -0.728346
internal_weight=0 10404 10372 50 10322 10301 10273 102 75 47 10253 10216 10188 44 10144 10124 10104 108 53 9996 41 9955 55 9934 9906 9867 1990 1581 409 363
internal_count=10506 10404 10372 50 10322 10301 10273 102 75 47 10253 10216 10188 44 10144 10124 10104 108 53 9996 41 9955 55 9934 9906 9867 1990 1581 409 363
is_linear=0
shrinkage=0.5


end of trees

feature_importances:
Column_24=58
Column_12=57
Column_10=44
Column_18=43
Column_5=40
Column_36=38
Column_30=35
Column_16=31
Column_38=27
Column_15=25
Column_31=20
Column_1=16
Column_32=16
Column_7=11
Column_17=11
Column_2=10
Column_41=9
Column_33=7
Column_0=6
Column_28=5
Column_37=5
Column_9=4
Column_11=4
Column_25=4
Column_39=4
Column_40=4
Column_27=3
Column_19=2
Column_20=1

parameters:
[boosting: gbdt]
[objective: regression]
[metric: rmse,l2]
[tree_learner: serial]
[device_type: cpu]
[data: ]
[valid: ]
[num_iterations: 20]
[learning_rate: 0.5]
[num_leaves: 31]
[num_threads: -1]
[deterministic: 0]
[force_col_wise: 0]
[force_row_wise: 0]
[histogram_pool_size: -1]
[max_depth: 20]
[min_data_in_leaf: 20]
[min_sum_hessian_in_leaf: 0.001]
[bagging_fraction: 1]
[pos_bagging_fraction: 1]
[neg_bagging_fraction: 1]
[bagging_freq: 0]
[bagging_seed: 3]
[feature_fraction: 1]
[feature_fraction_bynode: 1]
[feature_fraction_seed: 2]
[extra_trees: 0]
[extra_seed: 6]
[early_stopping_round: 1000]
[first_metric_only: 0]
[max_delta_step: 0]
[lambda_l1: 0]
[lambda_l2: 0]
[linear_lambda: 0]
[min_gain_to_split: 0]
[drop_rate: 0.1]
[max_drop: 50]
[skip_drop: 0.5]
[xgboost_dart_mode: 0]
[uniform_drop: 0]
[drop_seed: 4]
[top_rate: 0.2]
[other_rate: 0.1]
[min_data_per_group: 100]
[max_cat_threshold: 32]
[cat_l2: 10]
[cat_smooth: 10]
[max_cat_to_onehot: 4]
[top_k: 20]
[monotone_constraints: ]
[monotone_constraints_method: basic]
[monotone_penalty: 0]
[feature_contri: ]
[forcedsplits_filename: ]
[refit_decay_rate: 0.9]
[cegb_tradeoff: 1]
[cegb_penalty_split: 0]
[cegb_penalty_feature_lazy: ]
[cegb_penalty_feature_coupled: ]
[path_smooth: 0]
[interaction_constraints: ]
[verbosity: -1]
[saved_feature_importance_type: 0]
[linear_tree: 0]
[max_bin: 255]
[max_bin_by_feature: ]
[min_data_in_bin: 3]
[bin_construct_sample_cnt: 200000]
[data_random_seed: 1]
[is_enable_sparse: 1]
[enable_bundle: 1]
[use_missing: 1]
[zero_as_missing: 0]
[feature_pre_filter: 1]
[pre_partition: 0]
[two_round: 0]
[header: 0]
[label_column: ]
[weight_column: ]
[group_column: ]
[ignore_column: ]
[categorical_feature: ]
[forcedbins_filename: ]
[precise_float_parser: 0]
[objective_seed: 5]
[num_class: 1]
[is_unbalance: 0]
[scale_pos_weight: 1]
[sigmoid: 1]
[boost_from_average: 1]
[reg_sqrt: 0]
[alpha: 0.9]
[fair_c: 1]
[poisson_max_delta_step: 0.7]
[tweedie_variance_power: 1.5]
[lambdarank_truncation_level: 30]
[lambdarank_norm: 1]
[label_gain: ]
[eval_at: ]
[multi_error_top_k: 1]
[auc_mu_weights: ]
[num_machines: 1]
[local_listen_port: 12400]
[time_out: 120]
[machine_list_filename: ]
[machines: ]
[gpu_platform_id: -1]
[gpu_device_id: -1]
[gpu_use_dp: 0]
[num_gpu: 1]

end of parameters

pandas_categorical:null
