tree
version=v3
num_class=1
num_tree_per_iteration=1
label_index=0
max_feature_idx=19
objective=regression
feature_names=Column_0 Column_1 Column_2 Column_3 Column_4 Column_5 Column_6 Column_7 Column_8 Column_9 Column_10 Column_11 Column_12 Column_13 Column_14 Column_15 Column_16 Column_17 Column_18 Column_19
feature_infos=[0:154] [0:1] [0:62.953098300000001] [64.781196600000001:94.6875] [0:58.828098300000001] [0:4.0039000500000004] [224.35000079999998:274.75000001999996] [497.625:918.875] [-39.611112833333337:223.24444222222223] [0.0410160013:3.4316399099999999] [0:102.875] [1035.75:2512.5] [0:306.39999399999999] [43.3125:72.406196600000001] [-4:6.6875] [75.781196600000001:89.5] [0:475.875] [223.16570129999997:273.93124999999998] [64.158698999999999:87.460296600000007] [0.555999994:0.79299998299999996]
tree_sizes=2686 2767 2784 2816 2803 2814 2826 2822 2805 2828 2794 2829

Tree=0
num_leaves=31
num_cat=0
split_feature=16 10 6 15 16 10 16 16 15 16 15 16 15 16 15 16 3 16 16 17 15 16 16 15 3 15 3 16 3 16
split_gain=33943.7 8302.98 11458.2 6881.75 6346.25 2983.15 1418.25 1149.5 1051.75 876.318 191.186 188.129 180.536 160.593 160.304 134.524 127.489 89.4764 48.6511 28.9059 28.2811 26.4891 24.204 23.87 23.8127 23.3229 22.2038 21.7092 21.5635 21.0742
threshold=394.09350600000005 101.42899700000001 239.79999964999999 81.74214935000002 423.90600600000005 98.67964935000002 378.34350600000005 408.46850600000005 80.27339935000002 439.96850600000005 82.351497650000013 386.40600600000005 81.05464935000002 401.46850600000005 79.226497650000013 416.15600600000005 92.61714935000002 431.46850600000005 447.53100600000005 250.73599950000002 78.468700400000003 365.46850600000005 398.03100600000005 79.788997650000013 88.08589935000002 80.71089935000002 89.195301050000012 373.90600600000005 87.36714935000002 381.78100600000005
decision_type=2 2 2 2 2 2 2 2 2 2 2 2 2 2 2 2 2 2 2 2 2 2 2 2 2 2 2 2 2 2
left_child=3 4 -3 8 7 6 10 13 14 17 21 29 25 22 20 28 18 26 -11 -18 -1 -5 -2 -16 -17 -10 -6 -12 -9 -8
right_child=1 2 -4 5 9 -7 11 15 12 16 27 -13 -14 -15 23 24 19 -19 -20 -21 -22 -23 -24 -25 -26 -27 -28 -29 -30 -31
leaf_value=84.691906955903733 87.821550580203123 72.836746206506888 89.372588592530448 86.683302390596168 88.864654272360184 81.104229926969651 87.271107350146778 88.35292010748978 85.960488199408559 89.497974921440715 86.989597277639135 87.627566154243326 86.448248230363689 88.140570399081312 85.45889399826747 88.601580030705861 89.875727445139319 89.219347245335598 89.785869147286434 90.311101471719056 85.148673198862483 86.842817800004312 87.956896636820971 85.718371140130628 88.779410278958608 86.167172142529026 89.059941372249625 87.138069278235577 88.505224940727871 87.405066621580758
leaf_weight=51 692 20 22 462 434 20 519 822 275 295 419 1193 687 1167 155 650 62 453 292 99 101 596 632 207 265 271 219 597 324 676
leaf_count=51 692 20 22 462 434 20 519 822 275 295 419 1193 687 1167 155 650 62 453 292 99 101 596 632 207 265 271 219 597 324 676
internal_value=87.7014 88.5056 81.4984 86.869 88.5515 87.1971 87.2244 88.2339 86.0272 89.3313 86.9219 87.4871 86.2777 88.0053 85.4263 88.5101 89.7493 89.0486 89.6412 90.1434 84.9954 86.7732 87.8862 85.6073 88.6531 86.0631 88.9301 87.0768 88.396 87.3469
internal_weight=0 6448 42 6229 6406 4482 4462 4552 1747 1854 2074 2388 1233 2491 514 2061 748 1106 587 161 152 1058 1324 362 915 546 653 1016 1146 1195
internal_count=12677 6448 42 6229 6406 4482 4462 4552 1747 1854 2074 2388 1233 2491 514 2061 748 1106 587 161 152 1058 1324 362 915 546 653 1016 1146 1195
is_linear=0
shrinkage=1


Tree=1
num_leaves=31
num_cat=0
split_feature=10 15 3 15 16 17 3 15 15 16 10 16 16 16 15 15 15 16 16 16 16 16 3 3 16 3 16 16 3 16
split_gain=18195.9 9107.17 1917.28 1540.96 480.739 478.825 353.172 292.303 191.302 118.088 107.077 84.2411 46.7127 39.104 38.5121 33.3549 30.805 29.349 22.3296 18.7795 18.7728 16.6933 13.2861 11.5398 10.8005 10.0628 9.77203 9.72966 8.60335 6.74253
threshold=101.71049850000001 83.632801050000012 88.11714935000002 81.46089935000002 406.28100600000005 232.82970085000002 90.601497650000013 82.61714935000002 80.05464935000002 427.09350600000005 101.42899700000001 418.21850600000005 443.53100600000005 396.84350600000005 83.11714935000002 79.007801050000012 82.038997650000013 349.03100600000005 436.31250000000006 412.34350600000005 418.96850600000005 458.03100600000005 84.195301050000012 85.820301050000012 390.90600600000005 91.070301050000012 449.90600600000005 426.40600600000005 79.89839935000002 368.59350600000005
decision_type=2 2 2 2 2 2 2 2 2 2 2 2 2 2 2 2 2 2 2 2 2 2 2 2 2 2 2 2 2 2
left_child=1 3 4 8 13 -4 9 16 15 20 12 19 25 24 23 -1 -5 28 -11 -6 -7 -14 -15 -9 -3 -8 -20 -13 -10 -18
right_child=-2 2 5 7 11 6 10 14 17 18 -12 27 21 22 -16 -17 29 -19 26 -21 -22 -23 -24 -25 -26 -27 -28 -29 -30 -31
leaf_value=-1.4373262683943946 -14.367058840664951 -0.069334493140858891 3.2370874191634358 -0.52418946370237551 0.27681291476073322 0.40775654123241739 0.77017359025236487 -0.25499957553567587 -0.94482704679496954 0.68155030965410324 2.138390998948704 0.48833540007214232 1.0723866004885341 0.0010882542865613524 -0.11684695980351448 -1.1068675516131588 -0.44648631694701202 -0.71150466050857153 0.83042790132169508 0.38746144744783723 0.57611949768167503 1.3086607886343886 0.15505486395163326 0.09555281096011943 0.044441705089337619 0.95215031134306327 1.0588665384995311 0.60606715142253842 -0.80642371538739943 -0.36142609132869336
leaf_weight=101 22 273 20 791 851 399 138 1076 244 302 22 578 326 156 1163 313 366 585 262 698 283 97 1376 24 884 169 57 252 208 641
leaf_count=101 22 273 20 791 851 399 138 1076 244 302 22 578 326 156 1163 313 366 585 262 698 283 97 1376 24 884 169 57 252 208 641
internal_value=0 0.0249763 0.397578 -0.457878 0.231824 0.802416 0.778721 -0.299853 -0.900154 0.621253 1.05157 0.395545 1.01882 0.0869778 -0.180282 -1.18749 -0.450346 -0.785443 0.778995 0.326673 0.47762 1.12657 0.139377 -0.247351 0.0175956 0.87035 0.871246 0.52408 -0.881137 -0.392342
internal_weight=0 12655 7143 5512 5068 2075 2055 4061 1451 1303 752 2379 730 2689 2263 414 1798 1037 621 1549 682 423 1532 1100 1157 307 319 830 452 1007
internal_count=12677 12655 7143 5512 5068 2075 2055 4061 1451 1303 752 2379 730 2689 2263 414 1798 1037 621 1549 682 423 1532 1100 1157 307 319 830 452 1007
is_linear=0
shrinkage=0.5


Tree=2
num_leaves=31
num_cat=0
split_feature=10 15 3 15 8 16 16 16 15 16 14 3 16 3 15 3 14 3 14 3 3 13 17 14 3 3 2 1 7 3
split_gain=4548.97 2297.96 528.358 363.452 211.056 157.742 78.6571 65.8428 44.8585 33.9593 15.312 16.7529 15.0925 14.5382 12.8919 10.4431 12.1771 9.51049 9.22803 9.16959 9.09297 8.70055 7.85089 7.47622 7.23606 6.86198 6.62604 7.45314 5.76421 5.40057
threshold=101.71049850000001 83.52339935000002 88.507801050000012 81.288997650000013 -33.805555749999989 404.34350600000005 435.53100600000005 375.96850600000005 79.632801050000012 420.78100600000005 -3.5312499999999996 91.64839935000002 453.28100600000005 82.67964935000002 82.163997650000013 85.788997650000013 -2.0312499999999996 85.257801050000012 -2.2812499999999996 86.820301050000012 80.757801050000012 62.828100200000009 239.48600045000001 -1.8437499999999998 83.257801050000012 86.726497650000013 42.179649350000012 1.0000000180025095e-35 582.50000000000011 89.851497650000013
decision_type=2 2 2 2 2 2 2 2 2 2 2 2 2 2 2 2 2 2 2 2 2 2 2 2 2 2 2 2 2 2
left_child=1 3 5 8 -4 15 10 14 28 17 -6 22 29 -9 -5 16 -3 -7 25 -20 -10 -16 -12 -17 -18 -19 -15 -28 -1 -8
right_child=-2 2 4 7 6 9 12 13 20 -11 11 -13 -14 26 21 23 24 18 19 -21 -22 -23 -24 -25 -26 -27 27 -29 -30 -31
leaf_value=-0.81160669326782231 -7.1835289868441494 -0.075191010167087638 1.6996943121339427 -0.2592558644472413 0.10459301644260739 0.073908871291656741 0.39621407730238778 -0.19618380595769347 -0.45337902217046033 0.28796227372537253 0.18579955053356317 0.75134563581510028 0.6214808532926771 -0.08383188923255222 -0.18908996604485295 0.056049143161174805 -0.10211106092261617 0.023092668152443596 0.1775700719939004 0.27711719353206876 -0.34643091696234884 0.13614092992308238 0.32947474892277884 0.19663345806298463 0.037360654790381337 0.15353807304954395 -0.10404026665601809 0.14450492260013043 -0.6223544032828322 0.49873448073802279
leaf_weight=50 22 361 32 1181 91 254 175 290 761 756 111 22 225 1345 990 814 100 127 978 303 269 21 663 107 1328 489 53 70 206 483
leaf_count=50 22 361 32 1181 91 254 175 290 761 756 111 22 225 1345 990 814 100 127 978 303 269 21 663 107 1328 489 53 70 206 483
internal_value=0 0.0124882 0.191482 -0.241131 0.42706 0.115905 0.404052 -0.165966 -0.472004 0.196806 0.298887 0.321099 0.509694 -0.0938828 -0.223778 0.0291231 0.00685293 0.164768 0.176934 0.201116 -0.425448 -0.182334 0.30887 0.072382 0.0275937 0.126644 -0.0736735 0.0374082 -0.659318 0.471468
internal_weight=0 12655 7419 5236 1802 5617 1770 3950 1286 2907 887 796 883 1758 2192 2710 1789 2151 1897 1281 1030 1011 774 921 1428 616 1468 123 256 658
internal_count=12677 12655 7419 5236 1802 5617 1770 3950 1286 2907 887 796 883 1758 2192 2710 1789 2151 1897 1281 1030 1011 774 921 1428 616 1468 123 256 658
is_linear=0
shrinkage=0.5


Tree=3
num_leaves=31
num_cat=0
split_feature=10 16 8 16 16 16 6 10 3 3 16 14 4 3 2 9 14 3 10 3 14 3 6 3 17 3 16 13 2 1
split_gain=1137.24 588.512 172.806 153.368 85.7681 34.1677 25.8065 38.1795 20.6151 14.4342 10.1999 9.5182 7.72969 6.94972 6.31943 6.25352 6.10487 6.30503 5.67445 6.61648 5.98343 6.7135 5.66329 5.21279 5.17914 5.42463 4.66241 4.36249 3.74683 5.69594
threshold=101.71049850000001 399.28100600000005 -33.194444444444436 362.03100600000005 428.21850600000005 380.15600600000005 232.00000035000002 98.21089935000002 79.070301050000012 86.382801050000012 445.21850600000005 -1.9687499999999998 30.433549900000003 82.92964935000002 48.328100200000009 2.3775000550000005 -1.7187499999999998 84.74214935000002 99.24214935000002 89.71089935000002 -2.8437499999999996 87.195301050000012 231.19999924999999 92.61714935000002 243.09534970000001 85.226497650000013 330.34350600000005 63.265600200000009 42.179649350000012 1.0000000180025095e-35
decision_type=2 2 2 2 2 2 2 2 2 2 2 2 2 2 2 2 2 2 2 2 2 2 2 2 2 2 2 2 2 2
left_child=1 3 -3 8 9 12 -7 13 26 16 -6 18 27 -8 22 -14 -4 -18 19 20 -11 -22 -10 -12 25 -15 -1 28 -5 -30
right_child=-2 2 4 5 10 6 7 -9 14 11 23 -13 15 24 -16 -17 17 -19 -20 -21 21 -23 -24 -25 -26 -27 -28 -29 29 -31
leaf_value=-0.35470171662216837 -3.591765056956898 1.3255852269811537 0.0071865587797345079 -0.076903571119318004 0.19548470432540246 0.54112811579502051 -0.083795128098654609 -0.68690135992974755 -0.24561849325414628 0.024304739672730329 0.25168518748385971 0.17016484193261383 -0.12740677515832499 -0.051802012298610423 -0.049622176759196134 0.04223680897338087 0.0044113033750329492 0.093383236125130747 -0.13460416405427236 0.16973631658162852 0.060637804761850704 0.13390307956439876 -0.16640337109335432 0.3648363024207717 0.024473840644485642 0.0060456934346087912 -0.26003202382661894 0.16445571494599184 -0.10467348515572794 0.10625027553561105
leaf_weight=198 22 30 580 922 960 21 291 21 310 331 366 507 1157 742 89 57 266 792 27 263 584 673 829 141 1075 893 379 21 57 73
leaf_count=198 22 30 580 922 960 21 291 21 310 331 366 507 1157 742 89 57 266 792 27 263 584 673 829 141 1075 893 379 21 57 73
internal_value=0 0.00624408 0.128831 -0.0885954 0.122291 -0.0459359 -0.0112305 -0.0150689 -0.214565 0.0845526 0.225783 0.109373 -0.0921136 -0.0103676 -0.177937 -0.119442 0.0484134 0.0710141 0.0929608 0.0962803 0.0841147 0.0998642 -0.187963 0.283153 -0.00248299 -0.0202069 -0.292518 -0.0611944 -0.0656989 0.0137683
internal_weight=0 12655 5520 7135 5490 5330 3043 3022 1805 4023 1467 2385 2287 3001 1228 1214 1638 1058 1878 1851 1588 1257 1139 507 2710 1635 577 1073 1052 130
internal_count=12677 12655 5520 7135 5490 5330 3043 3022 1805 4023 1467 2385 2287 3001 1228 1214 1638 1058 1878 1851 1588 1257 1139 507 2710 1635 577 1073 1052 130
is_linear=0
shrinkage=0.5


Tree=4
num_leaves=31
num_cat=0
split_feature=12 0 10 7 3 3 10 14 13 6 14 14 17 3 14 6 14 3 3 3 14 14 14 3 14 10 16 3 14 4
split_gain=325.836 6033.43 2824.08 130.657 37.3437 29.2667 27.7623 23.1344 13.9867 12.6657 9.41342 8.82507 6.69522 5.93063 9.16442 6.23181 5.96147 4.34047 4.21276 4.12525 3.92275 3.85045 3.75927 4.16081 3.57165 3.82805 3.02637 2.9775 2.97274 2.22727
threshold=237.55000300000003 116.03099800000001 101.42899700000001 738.56250000000011 89.570301050000012 81.42964935000002 98.67964935000002 -3.2812499999999996 66.015598300000008 252.09999980000001 -1.6562499999999998 -2.8437499999999996 236.36100045000001 86.445301050000012 -2.4062499999999996 233.29999964999999 -2.4687499999999996 83.351497650000013 83.74214935000002 91.64839935000002 -2.4687499999999996 -3.2187499999999996 -2.9687499999999996 77.24214935000002 -1.4687499999999998 92.05464935000002 344.84350600000005 85.27339935000002 -3.1562499999999996 31.300700200000005
decision_type=2 2 2 2 2 2 2 2 2 2 2 2 2 2 2 2 2 2 2 2 2 2 2 2 2 2 2 2 2 2
left_child=1 6 3 5 7 26 12 8 -5 13 18 19 22 14 -9 -15 28 -12 -7 21 -20 -6 -1 -24 27 -26 -2 -16 29 -17
right_child=2 -3 -4 4 11 10 -8 9 -10 -11 17 -13 -14 15 24 16 -18 -19 20 -21 -22 -23 23 -25 25 -27 -28 -29 -30 -31
leaf_value=-0.32296644917760903 -0.14483915211231269 -8.8957135168835517 4.2662510275840759 -0.086058487114496526 0.043166082102358276 -0.11193722251367354 0.50856948327273133 -0.070450519672787273 -0.56887528471027815 0.074254083626450695 -0.031471175262225308 0.20993452833095227 -0.034580244680510339 0.30321463477246097 -0.020431948078518791 -0.23339551119715907 0.073394882868439149 0.012557007422310754 -0.14577151120304027 0.15909922649328298 -0.034748535103129037 0.1181105781906991 -0.29729108175923746 -0.10325445179042854 0.026623073364035695 0.12203596208882111 -0.098351874839194858 0.022568920178473523 0.01996586559427186 -0.024230641026848129
leaf_weight=26 545 20 39 40 301 379 20 339 24 1522 1369 259 282 23 631 20 752 947 90 265 686 398 31 254 357 149 979 1112 783 35
leaf_count=26 545 20 39 40 301 379 20 339 24 1522 1369 259 282 23 631 20 752 947 90 265 686 398 31 254 357 149 979 1112 783 35
internal_value=0 -0.349659 0.0183771 0.0045773 0.0486088 -0.0572167 -0.070832 0.0318322 -0.267115 0.0351753 -0.0318564 0.127993 -0.0903734 0.0210172 0.00618592 0.0448135 0.0410756 -0.0134683 -0.0687283 0.105977 -0.0476249 0.0858383 -0.140964 -0.12436 0.0177376 0.054719 -0.114976 0.00700177 0.0120731 -0.100291
internal_weight=0 633 12044 12005 7010 4995 613 5787 64 5723 3471 1223 593 4201 2588 1613 1590 2316 1155 964 776 699 311 285 2249 506 1524 1743 838 55
internal_count=12677 633 12044 12005 7010 4995 613 5787 64 5723 3471 1223 593 4201 2588 1613 1590 2316 1155 964 776 699 311 285 2249 506 1524 1743 838 55
is_linear=0
shrinkage=0.5


Tree=5
num_leaves=31
num_cat=0
split_feature=10 3 12 0 10 7 16 8 16 14 14 11 3 14 14 14 3 4 14 9 16 14 10 10 14 6 3 10 3 14
split_gain=296.85 51.2718 104.882 488.992 77.5598 19.6951 7.47412 29.2491 11.4124 7.40616 6.57627 6.56828 6.36869 5.9092 4.43692 4.16071 4.68092 3.15512 2.56134 2.23481 2.04156 1.93228 3.75399 2.85715 1.9191 1.75095 1.74639 1.67974 1.62851 1.42311
threshold=101.71049850000001 87.038997650000013 237.55000300000003 114.96849800000001 101.42899700000001 696.81250000000011 391.90600600000005 -33.194444444444436 399.28100600000005 -2.6562499999999996 -3.1562499999999996 1800.1850000000002 84.820301050000012 -1.9062499999999998 -1.2812499999999998 -2.0312499999999996 90.14839935000002 33.019498850000012 -3.0937499999999996 1.6748000400000003 463.96850600000005 -1.0937499999999998 91.101497650000013 92.08589935000002 -2.6562499999999996 235.79999964999999 87.67964935000002 95.17964935000002 87.67964935000002 -2.0937499999999996
decision_type=2 2 2 2 2 2 2 2 2 2 2 2 2 2 2 2 2 2 2 2 2 2 2 2 2 2 2 2 2 2
left_child=1 5 3 10 6 17 -4 8 -8 -7 -3 -12 13 -11 29 16 24 19 20 25 -18 23 -23 -15 27 -1 -26 -9 -17 -14
right_child=-2 2 4 -5 -6 9 7 15 -10 12 11 -13 14 21 -16 28 18 -19 -20 -21 -22 22 -24 -25 26 -27 -28 -29 -30 -31
leaf_value=-0.073457833079095355 -1.8350585590709338 -0.15763047818161016 0.30087931204490875 2.7745172318071125 -0.85415314634641015 -0.080785797158173883 -0.104180488163944 -0.03307030510195922 -0.61346726932308893 -0.056510105044834308 0.011174372280947864 0.34650408950350853 -0.0036326397280843259 -0.03228517702674432 0.065361188040770138 0.077381833657371515 0.044322460235459681 -0.081025384549235607 0.10488785557079375 0.00054724371440224644 0.17249236323616721 0.0026979538649236014 0.10469992023027229 0.010048292265433724 0.019451615524671301 -0.034349061463874835 0.064594348353856468 0.023271267476276291 0.14965785873681306 0.018036856115688633
leaf_weight=503 22 28 29 20 24 290 22 169 22 675 40 23 1266 986 398 207 531 812 381 254 33 1015 99 669 376 664 498 609 125 1887
leaf_count=503 22 28 29 20 24 290 22 169 22 675 40 23 1266 986 398 207 531 812 381 254 33 1015 99 669 376 664 498 609 125 1887
internal_value=0 0.00319015 0.0586264 0.535975 0.0411162 -0.0150809 0.0482736 0.0458096 -0.358824 -0.00248854 0.0439881 0.133596 0.000757526 -0.014562 0.0156154 0.0518881 0.0451501 -0.0561624 0.0732167 -0.041955 0.0518218 -0.00433628 0.0117628 -0.0151727 0.0290951 -0.0512057 0.0451737 0.0110325 0.104594 0.00933607
internal_weight=0 12655 3137 111 3026 9518 3002 2973 44 7285 91 63 6995 3444 3551 2929 2597 2233 945 1421 564 2769 1114 1655 1652 1167 874 778 332 3153
internal_count=12677 12655 3137 111 3026 9518 3002 2973 44 7285 91 63 6995 3444 3551 2929 2597 2233 945 1421 564 2769 1114 1655 1652 1167 874 778 332 3153
is_linear=0
shrinkage=0.5


Tree=6
num_leaves=31
num_cat=0
split_feature=7 6 10 18 10 12 13 7 8 8 14 1 2 18 7 2 9 9 14 10 10 12 6 6 14 6 14 3 13 19
split_gain=125.682 597.452 565.386 4334.19 15.4794 69.4251 10.6451 9.26635 5.0214 4.7358 5.91154 3.29942 5.26288 3.39765 2.34954 2.03462 1.97464 1.96719 1.76809 2.06909 1.94919 1.75416 1.57915 1.54124 1.45849 1.32107 1.31555 1.52784 1.3104 1.26347
threshold=875.00000000000011 250.99999940000001 101.42899700000001 79.047550200000003 98.67964935000002 237.55000300000003 57.953100200000009 788.18750000000011 -32.194444861111101 -33.027778194444444 -3.1562499999999996 1.0000000180025095e-35 42.179649350000012 72.888851150000008 642.31250000000011 30.285100000000003 2.0107400450000004 1.8271400350000002 -0.84374999999999989 90.288997650000013 90.288997650000013 246.84999850000003 250.40000000000001 247.09999980000001 -2.7812499999999996 235.79999964999999 -1.2812499999999998 82.570301050000012 63.640600200000009 0.58949998050000019
decision_type=2 2 2 2 2 2 2 2 2 2 2 2 2 2 2 2 2 2 2 2 2 2 2 2 2 2 2 2 2 2
left_child=2 -2 4 -4 6 -6 14 -7 -9 10 21 15 13 16 23 17 -13 -11 20 -20 -16 -8 -14 29 25 28 27 -22 -12 -1
right_child=1 -3 3 -5 5 7 9 8 -10 11 24 12 22 -15 18 -17 -18 -19 19 -21 26 -23 -24 -25 -26 -27 -28 -29 -30 -31
leaf_value=-0.15015184457990385 2.9995066159986892 0.060962050169393933 3.3226272038051059 -6.7197649587284438 0.86673339070486166 0.35197902997024355 -0.28007675886440736 -0.21960453033292046 0.025169702948099285 0.0057503501711538693 -0.061371043067962185 0.03447507481083132 0.065209260001532071 0.0095839715484588826 -0.075571278642904319 -0.0075983167587048185 0.096767219047251274 0.047099251230741108 -0.01076686150660095 0.067030767285889317 -0.079440780621257839 -0.088241983459077092 0.14773810588355576 -0.0039192707182104458 -0.0076652256716830828 0.017637265479248581 -0.0018759130534723664 -0.025391532121930918 -0.20206921191319174 -0.058902464623798195
leaf_weight=42 20 128 21 22 28 20 26 24 165 1104 59 621 187 2573 203 2109 160 389 1405 91 154 22 84 121 1102 33 483 866 23 392
leaf_count=42 20 128 21 22 28 20 26 24 165 1104 59 621 187 2573 203 2109 160 389 1405 91 154 22 84 121 1102 33 483 866 23 392
internal_value=0 0.458063 -0.00541091 -1.81534 0.000822231 0.127387 -0.0016266 0.0283353 -0.00591274 0.00817755 -0.0200449 0.0131176 0.023767 0.0183516 -0.0237871 0.0024001 0.0472366 0.0165238 -0.0185814 -0.00603452 -0.0295838 -0.192152 0.0907902 -0.0538205 -0.0132568 -0.0668387 -0.0233726 -0.0335519 -0.100835 -0.067733
internal_weight=0 148 12529 43 12486 237 12249 209 189 8492 1265 7227 3625 3354 3757 3602 781 1493 3202 1496 1706 48 271 555 1217 115 1503 1020 82 434
internal_count=12677 148 12529 43 12486 237 12249 209 189 8492 1265 7227 3625 3354 3757 3602 781 1493 3202 1496 1706 48 271 555 1217 115 1503 1020 82 434
is_linear=0
shrinkage=0.5


Tree=7
num_leaves=31
num_cat=0
split_feature=14 14 19 14 18 3 7 10 12 7 6 11 12 14 8 9 19 14 14 3 12 10 6 3 14 3 11 3 2 18
split_gain=89.9848 175.881 334.374 202.417 89.1653 64.202 533.26 220.312 41.6821 27.5949 25.1342 7.13772 16.7633 9.07265 4.10495 2.23491 2.25219 2.22077 1.60234 2.37455 1.4391 1.40336 1.27211 1.17544 1.27154 1.1673 1.1602 1.03285 0.950304 1.63284
threshold=-3.9062499999999996 -3.7812499999999996 0.75149998050000011 -3.7187499999999996 84.730102550000012 91.99214935000002 837.31250000000011 99.24214935000002 243.55000300000003 841.06250000000011 246.8000006 1914.9350000000002 240.15000150000003 -3.2812499999999996 -26.972221805555552 1.9160100250000003 0.72550001750000004 -2.7187499999999996 -2.1562499999999996 84.36714935000002 241.75000000000003 93.49214935000002 233.90000000000001 86.02339935000002 -2.5312499999999996 88.820301050000012 2048.8100600000002 85.92964935000002 31.738200200000005 73.904750800000002
decision_type=2 2 2 2 2 2 2 2 2 2 2 2 2 2 2 2 2 2 2 2 2 2 2 2 2 2 2 2 2 2
left_child=-1 2 -2 -3 5 7 -7 11 -8 -4 -10 13 -13 -5 -12 16 17 -15 19 -18 -14 -21 -22 -24 26 -26 -25 -20 -17 -30
right_child=1 3 9 4 -6 6 8 -9 10 -11 14 12 20 15 -16 28 18 -19 27 21 22 -23 23 24 25 -27 -28 -29 29 -31
leaf_value=-0.80060864031048762 2.5245810312218966 -1.4839023836463203 0.47950371755287052 -0.26831012862649833 0.86172732899043092 -2.6655088404991796 0.69516169964335861 1.4568673657396665 -0.59572396723087873 -0.32354069497112348 -0.15705820722332983 0.47837000115541739 -0.1146872534416616 -0.18316663145510989 0.066732192554113945 0.027739961052178779 -0.073189806846891955 -0.023214959554426907 -0.0034206574432037945 -0.044889807471489365 0.14556324388831854 -0.0050209857508650927 -0.0013728512010033659 0.0019309671746420046 0.031445671192600187 0.081986714815138834 0.031072120145651593 0.015061336075104237 0.026557152022506258 -0.025620280548549156
leaf_weight=35 20 23 20 33 30 21 20 26 20 23 27 20 20 22 85 631 172 1593 3947 263 20 1373 561 746 621 140 630 935 294 306
leaf_count=35 20 23 20 33 30 21 20 26 20 23 27 20 20 22 85 631 172 1593 3947 263 20 1373 561 746 621 140 630 935 294 306
internal_value=0 0.00221653 0.83556 -0.00195715 0.000757471 -0.00130457 -0.303788 0.00293162 0.0225028 0.0499683 -0.0794153 -0.000135012 0.0222758 -0.0065943 0.0127827 -0.00568862 -0.00863559 -0.0253939 -0.00459005 -0.0173056 0.0189442 -0.0114302 0.0199275 0.0189962 0.0243434 0.0407436 0.0152732 0.000119012 0.0141933 -5.33386e-05
internal_weight=0 12642 63 12579 12556 12526 173 12353 152 43 132 12327 2758 9569 112 9536 8305 1615 6690 1808 2738 1636 2718 2698 2137 761 1376 4882 1231 600
internal_count=12677 12642 63 12579 12556 12526 173 12353 152 43 132 12327 2758 9569 112 9536 8305 1615 6690 1808 2738 1636 2718 2698 2137 761 1376 4882 1231 600
is_linear=0
shrinkage=0.5


Tree=8
num_leaves=31
num_cat=0
split_feature=18 10 14 19 14 18 10 18 18 10 0 8 13 17 14 8 14 14 5 19 10 0 4 18 9 11 14 12 12 1
split_gain=129.639 140.464 23.3723 66.7446 47.5594 29.3591 27.2328 121.835 94.3425 6.37539 30.195 7.76289 2.42854 2.96602 9.5897 2.53839 1.75836 1.61506 1.50257 6.06831 2.73304 6.07532 1.27085 1.5158 1.25625 0.950492 0.883065 0.885538 0.86079 0.818852
threshold=85.015850050000012 101.71049850000001 -3.7812499999999996 0.74950000650000004 -3.7187499999999996 78.412647250000006 100.81999950000001 79.301548000000011 76.507846850000007 99.070301050000012 118.21849800000001 -27.527777361111109 61.796850200000009 230.87660065000003 -3.0312499999999996 -35.138888888888879 -2.8437499999999996 -3.4687499999999996 1.9394449600000001 0.75049999350000018 98.77339935000002 118.53099800000001 31.871049900000003 78.666652700000014 2.1581950200000004 1772.4350000000002 -2.9687499999999996 238.34999850000003 235.05000300000003 1.0000000180025095e-35
decision_type=2 2 2 2 2 2 2 2 2 2 2 2 2 2 2 2 2 2 2 2 2 2 2 2 2 2 2 2 2 2
left_child=1 2 3 -1 -4 -5 9 8 -8 12 -11 -12 16 14 -14 -15 28 -13 20 -20 26 -22 -18 24 25 -24 27 -17 -6 -26
right_child=-2 -3 4 5 6 -7 7 -9 -10 10 11 17 13 15 -16 18 22 -19 19 -21 21 -23 23 -25 29 -27 -28 -29 -30 -31
leaf_value=-1.0591927021741867 -1.1374669134616853 1.294306755065918 0.75375328461329139 -0.31635419204711723 0.033688875063671728 0.32984076754655689 0.67024144319609902 1.35668949020328 -0.67573368176817894 -0.65994880206528161 0.26606682103804569 -0.1971629694395233 0.40293311170389645 -0.11975013652212314 -0.035838452534693657 -0.086220675113145268 0.0017978871392749281 -0.0231446573685389 0.31834363071247934 0.015594834498187993 -0.32089993811678141 0.010299756051972508 -0.026586415942209132 0.012455653107530348 -0.015734793704554991 -0.0087774099709894329 0.018069373757290765 0.001391256898539119 -0.079077342074279758 0.040266779145564542
leaf_weight=20 25 21 21 39 20 32 23 20 30 21 22 20 20 37 33 30 5396 40 20 96 20 45 1439 628 108 1563 1866 747 110 165
leaf_count=20 25 21 21 39 20 32 23 20 30 21 22 20 20 37 33 30 5396 40 20 96 20 45 1439 628 108 1563 1866 747 110 165
internal_value=0 0.0022476 9.9456e-05 -0.252382 0.00193166 -0.0251114 0.000670515 0.305169 -0.0916313 -0.00111547 -0.124995 0.0120052 -8.17191e-05 0.0125343 0.129736 0.0103631 -0.00398064 -0.0811508 0.0120678 0.0677929 0.00968079 -0.0916078 -0.00317332 -0.0100462 -0.014361 -0.0173141 0.0121718 -0.00199144 -0.0617287 0.0181123
internal_weight=0 12652 12631 91 12540 71 12519 73 53 12446 103 82 12343 2914 53 2861 9429 60 2824 116 2708 65 9299 3903 3275 3002 2643 777 130 273
internal_count=12677 12652 12631 91 12540 71 12519 73 53 12446 103 82 12343 2914 53 2861 9429 60 2824 116 2708 65 9299 3903 3275 3002 2643 777 130 273
is_linear=0
shrinkage=0.5


Tree=9
num_leaves=31
num_cat=0
split_feature=12 13 10 15 3 7 17 10 18 6 13 19 14 14 14 18 1 2 18 9 16 2 5 2 9 18 6 7 6 13
split_gain=84.6625 2052.18 1236.1 8.41442 20.5334 8.12594 29.9826 19.2911 27.2841 13.9002 7.99973 6.26422 5.34117 1.82323 1.72282 1.66936 1.12717 3.37327 1.54726 1.63967 1.22984 1.19047 0.919757 1.14699 0.849669 2.35322 0.984164 1.5627 0.735161 0.693318
threshold=237.55000300000003 68.265598300000008 101.42899700000001 86.038997650000013 88.27339935000002 875.00000000000011 250.62659970000001 100.17150100000002 78.539649950000026 247.40000000000001 63.171850200000009 0.74549999850000004 -3.7812499999999996 -3.6562499999999996 -3.5312499999999996 85.015850050000012 1.0000000180025095e-35 46.210899350000012 71.555553450000005 1.0986250050000002 361.53100600000005 35.128900550000004 1.0322200050000003 31.456999800000002 1.5810500400000003 75.047550200000003 236.19999924999999 754.18750000000011 255.59999980000001 66.953098300000008
decision_type=2 2 2 2 2 2 2 2 2 2 2 2 2 2 2 2 2 2 2 2 2 2 2 2 2 2 2 2 2 2
left_child=1 3 5 4 10 7 -7 12 9 -9 -1 -8 -2 -14 -13 16 21 18 -18 -20 -19 24 23 -21 26 -26 27 -15 -16 -27
right_child=2 -3 -4 -5 -6 6 11 8 -10 -11 -12 14 13 15 28 -17 17 20 19 22 -22 -23 -24 -25 25 29 -28 -29 -30 -31
leaf_value=-0.012290021555400253 -0.19235359378055567 -5.0382943270461897 2.8197164887037034 0.29214626343243499 -0.41229678824311122 -0.68639501444995399 -0.23156263779050537 0.65655182530322387 -0.19735678106546403 0.17053984837340458 0.30228778197696166 0.15717462490758169 0.12796914166808296 -0.020368264371964109 -0.076304871504279698 0.14107447755079539 0.021567752231373756 0.1108996146803667 0.007160528177969373 -0.00094669038695366283 0.03689748584211483 -0.02014557955616687 0.012008892785963184 -0.026106287636319923 -0.014713682902211075 0.023488356157685724 -0.0022705529524546238 -0.15966712214451814 0.034823598900718775 0.091876969168273107
leaf_weight=537 36 21 39 22 32 20 28 31 25 28 21 23 28 488 22 21 829 68 2410 757 322 1055 347 1128 600 745 2888 21 46 39
leaf_count=537 36 21 39 22 32 20 28 31 25 28 21 23 28 488 22 21 829 68 2410 757 322 1055 347 1128 600 745 2888 21 46 39
internal_value=0 -0.178234 0.0093675 -0.0114673 -0.0227885 0.000237669 -0.119953 0.0016456 0.240408 0.425902 -0.000451072 -0.0247526 -5.66649e-05 0.000532701 0.0388813 0.000228193 -2.46727e-05 0.0048731 0.00167046 -0.00188293 0.0498004 -0.00494343 -0.0116476 -0.0160024 -0.00158884 0.00885391 -0.00584341 -0.0261154 -0.00112973 0.0268903
internal_weight=0 633 12044 612 590 12005 139 11866 84 59 558 119 11782 11746 91 11718 11697 5861 5471 4642 390 5836 2232 1885 4781 1384 3397 509 68 784
internal_count=12677 633 12044 612 590 12005 139 11866 84 59 558 119 11782 11746 91 11718 11697 5861 5471 4642 390 5836 2232 1885 4781 1384 3397 509 68 784
is_linear=0
shrinkage=0.5


Tree=10
num_leaves=31
num_cat=0
split_feature=10 2 10 11 13 12 10 10 18 0 3 7 10 13 18 4 19 14 14 6 13 10 14 12 11 10 17 10 14 10
split_gain=114.265 3342.07 32.3526 44.708 4.41857 105.945 6.8318 4.1325 2.47364 1.78556 2.6702 2.35452 5.48196 2.84539 1.28414 2.24295 1.79387 1.43585 1.27053 1.81154 1.98049 1.22723 1.88734 1.20372 3.79224 1.09929 0.905439 0.807832 1.4077 1.28775
threshold=101.42899700000001 29.871049900000003 101.13249950000001 2181.1850600000002 66.859348300000008 237.55000300000003 98.945301050000012 98.67964935000002 83.555553450000005 127.03099800000001 93.913997650000013 875.00000000000011 100.81999950000001 70.546848300000008 81.079349500000021 31.300700200000005 0.75350001450000004 -3.3437499999999996 -2.7812499999999996 231.60000075000002 61.953100200000009 94.413997650000013 -2.3437499999999996 240.65000150000003 1892.8100000000002 98.67964935000002 244.22034970000001 93.36714935000002 -1.7812499999999998 91.49214935000002
decision_type=2 2 2 2 2 2 2 2 2 2 2 2 2 2 2 2 2 2 2 2 2 2 2 2 2 2 2 2 2 2
left_child=2 -2 4 -4 6 -6 7 18 9 10 14 12 25 -13 16 -16 17 -7 19 20 -1 22 -20 24 26 -11 -21 28 -24 -30
right_child=1 -3 3 -5 5 8 -8 -9 -10 11 -12 13 -14 -15 15 -17 -18 -19 21 23 -22 -23 27 -25 -26 -27 -28 -29 29 -31
leaf_value=-0.0081358052709180374 3.9132739191963557 -4.5674034173672018 0.98356707282364364 0.0047774018187608036 1.1730796217918396 -0.1686039911210537 -0.27348865233564185 0.206548135378398 -0.16467111637903145 0.027162743413654371 -0.1734851993281733 0.06477239720212917 0.29871858201627416 -0.18133247196269425 0.20423123603021459 -0.021781347656582038 0.010927526159942729 -0.027901160633491323 -0.028394773900097332 0.012921686592181363 -0.21143863935023546 0.015860998334380698 -0.014656726317791299 -0.0067210610619268668 -0.26001074248924849 0.13539386103447112 -0.10720326290244148 0.012030637404901831 -0.0034588087159602367 0.011702487388763342
leaf_weight=23 21 26 20 28 20 25 23 24 20 179 22 24 23 23 21 23 417 66 611 62 25 1138 1629 709 20 27 21 1266 3980 2161
leaf_count=23 21 26 20 28 20 25 23 24 20 179 22 24 23 23 21 23 417 66 611 62 25 1138 1629 709 20 27 21 1266 3980 2161
internal_value=0 -0.778165 0.00289578 0.412606 0.00133275 0.0352941 -0.00125241 -0.00071582 0.00913813 0.0132278 -0.00266304 0.046276 0.0671978 -0.0556619 0.00414509 0.0860883 -0.00295236 -0.0665558 -0.00114298 -0.019638 -0.114023 0.000331813 -0.00150007 -0.0140586 -0.0645664 0.0413484 -0.0174714 0.000318503 -0.00158981 0.00187641
internal_weight=0 47 12630 48 12582 890 11692 11669 870 850 574 276 229 47 552 44 508 91 11645 860 48 10785 9647 812 103 206 83 9036 7770 6141
internal_count=12677 47 12630 48 12582 890 11692 11669 870 850 574 276 229 47 552 44 508 91 11645 860 48 10785 9647 812 103 206 83 9036 7770 6141
is_linear=0
shrinkage=0.5


Tree=11
num_leaves=31
num_cat=0
split_feature=3 19 10 12 6 16 15 14 6 3 12 0 12 10 13 10 14 6 11 9 15 16 3 16 16 13 13 17 3 14
split_gain=56.5947 719.232 398.167 253.717 99.2082 11.8079 14.1567 5.46222 3.94009 3.60471 8.97462 0.977923 27.6599 9.49839 4.02726 3.28834 2.57696 0.624117 0.594753 0.613073 0.541284 0.732704 0.591485 0.518144 1.74554 0.859868 1.03462 0.514079 0.578836 0.45779
threshold=91.99214935000002 0.73749998250000004 99.601497650000013 243.34999850000003 244.40000000000001 444.46850600000005 87.257801050000012 -3.7187499999999996 253.3000006 91.46089935000002 245.05000300000003 115.96849800000001 239.44999700000002 98.77339935000002 68.265598300000008 98.070301050000012 -3.7812499999999996 228.79999964999999 1401.6200000000001 0.6220700145000001 83.11714935000002 382.78100600000005 84.132801050000012 408.46850600000005 410.09350600000005 66.859348300000008 68.812446600000015 236.87660065000003 85.99214935000002 -1.4062499999999998
decision_type=2 2 2 2 2 2 2 2 2 2 2 2 2 2 2 2 2 2 2 2 2 2 2 2 2 2 2 2 2 2
left_child=2 -2 9 -3 -5 6 -6 -7 -9 11 -11 13 -13 14 15 17 -14 -1 19 -19 22 -22 29 25 -25 27 -27 -18 -29 -20
right_child=1 3 -4 4 5 7 -8 8 -10 10 -12 12 16 -15 -16 -17 23 18 20 -21 21 -23 -24 24 -26 26 -28 28 -30 -31
leaf_value=-0.033226299821262996 -3.1112083781510593 1.6315526196902448 2.0830686850392302 -1.0490664276121944 0.049993488495238124 0.2324484350216208 -0.53779061564377373 -0.14331754622980952 0.069953289281185119 0.39075274783535863 0.028762373740162637 0.59140453634317969 -0.1646121650448312 -0.33251088705252518 0.20544463594484588 -0.1888856808654964 -0.004954929239694995 -0.11692928563317527 -0.010409696540890899 -0.00017918402392586523 -0.036998434677229235 -0.0046039697868571032 0.020651233391032382 -0.052062176875924376 0.0010507750915109712 0.16031313436105848 0.0077387838810682296 0.0056917574757309021 0.02394067516233615 0.004966601696363088
leaf_weight=171 20 22 23 27 20 33 21 33 63 20 119 20 23 22 23 24 824 23 717 22 185 3091 410 166 2271 20 25 2208 541 1490
leaf_count=171 20 22 23 27 20 33 21 33 63 20 119 20 23 22 23 24 824 23 717 22 185 3091 410 166 2271 20 25 2208 541 1490
internal_value=0 -0.241005 0.00463098 0.0211142 -0.158732 -0.0173256 -0.251067 0.0569642 -0.00335856 0.000780474 0.0808473 -0.000126116 0.00436572 -0.00455979 -0.00338777 -0.00417094 0.00243404 -0.00344526 -0.00258764 -0.0598515 -0.00215036 -0.00643333 0.00321112 0.00306857 -0.0025671 0.00686461 0.0755496 0.00599956 0.00928312 -2.87793e-05
internal_weight=0 239 12438 219 197 170 41 129 96 12415 139 12276 6098 6178 6156 6133 6078 6109 5938 45 5893 3276 2617 6055 2437 3618 45 3573 2749 2207
internal_count=12677 239 12438 219 197 170 41 129 96 12415 139 12276 6098 6178 6156 6133 6078 6109 5938 45 5893 3276 2617 6055 2437 3618 45 3573 2749 2207
is_linear=0
shrinkage=0.5


end of trees

feature_importances:
Column_3=53
Column_14=53
Column_16=48
Column_10=40
Column_15=22
Column_6=19
Column_12=15
Column_13=15
Column_18=15
Column_7=11
Column_2=10
Column_9=9
Column_17=9
Column_8=8
Column_19=8
Column_11=7
Column_0=6
Column_1=5
Column_4=5
Column_5=2

parameters:
[boosting: gbdt]
[objective: regression]
[metric: rmse,l2]
[tree_learner: serial]
[device_type: cpu]
[data: ]
[valid: ]
[num_iterations: 20]
[learning_rate: 0.5]
[num_leaves: 31]
[num_threads: -1]
[deterministic: 0]
[force_col_wise: 0]
[force_row_wise: 0]
[histogram_pool_size: -1]
[max_depth: 20]
[min_data_in_leaf: 20]
[min_sum_hessian_in_leaf: 0.001]
[bagging_fraction: 1]
[pos_bagging_fraction: 1]
[neg_bagging_fraction: 1]
[bagging_freq: 0]
[bagging_seed: 3]
[feature_fraction: 1]
[feature_fraction_bynode: 1]
[feature_fraction_seed: 2]
[extra_trees: 0]
[extra_seed: 6]
[early_stopping_round: 1000]
[first_metric_only: 0]
[max_delta_step: 0]
[lambda_l1: 0]
[lambda_l2: 0]
[linear_lambda: 0]
[min_gain_to_split: 0]
[drop_rate: 0.1]
[max_drop: 50]
[skip_drop: 0.5]
[xgboost_dart_mode: 0]
[uniform_drop: 0]
[drop_seed: 4]
[top_rate: 0.2]
[other_rate: 0.1]
[min_data_per_group: 100]
[max_cat_threshold: 32]
[cat_l2: 10]
[cat_smooth: 10]
[max_cat_to_onehot: 4]
[top_k: 20]
[monotone_constraints: ]
[monotone_constraints_method: basic]
[monotone_penalty: 0]
[feature_contri: ]
[forcedsplits_filename: ]
[refit_decay_rate: 0.9]
[cegb_tradeoff: 1]
[cegb_penalty_split: 0]
[cegb_penalty_feature_lazy: ]
[cegb_penalty_feature_coupled: ]
[path_smooth: 0]
[interaction_constraints: ]
[verbosity: -1]
[saved_feature_importance_type: 0]
[linear_tree: 0]
[max_bin: 255]
[max_bin_by_feature: ]
[min_data_in_bin: 3]
[bin_construct_sample_cnt: 200000]
[data_random_seed: 1]
[is_enable_sparse: 1]
[enable_bundle: 1]
[use_missing: 1]
[zero_as_missing: 0]
[feature_pre_filter: 1]
[pre_partition: 0]
[two_round: 0]
[header: 0]
[label_column: ]
[weight_column: ]
[group_column: ]
[ignore_column: ]
[categorical_feature: ]
[forcedbins_filename: ]
[precise_float_parser: 0]
[objective_seed: 5]
[num_class: 1]
[is_unbalance: 0]
[scale_pos_weight: 1]
[sigmoid: 1]
[boost_from_average: 1]
[reg_sqrt: 0]
[alpha: 0.9]
[fair_c: 1]
[poisson_max_delta_step: 0.7]
[tweedie_variance_power: 1.5]
[lambdarank_truncation_level: 30]
[lambdarank_norm: 1]
[label_gain: ]
[eval_at: ]
[multi_error_top_k: 1]
[auc_mu_weights: ]
[num_machines: 1]
[local_listen_port: 12400]
[time_out: 120]
[machine_list_filename: ]
[machines: ]
[gpu_platform_id: -1]
[gpu_device_id: -1]
[gpu_use_dp: 0]
[num_gpu: 1]

end of parameters

pandas_categorical:null
