tree
version=v3
num_class=1
num_tree_per_iteration=1
label_index=0
max_feature_idx=41
objective=regression
feature_names=Column_0 Column_1 Column_2 Column_3 Column_4 Column_5 Column_6 Column_7 Column_8 Column_9 Column_10 Column_11 Column_12 Column_13 Column_14 Column_15 Column_16 Column_17 Column_18 Column_19 Column_20 Column_21 Column_22 Column_23 Column_24 Column_25 Column_26 Column_27 Column_28 Column_29 Column_30 Column_31 Column_32 Column_33 Column_34 Column_35 Column_36 Column_37 Column_38 Column_39 Column_40 Column_41
feature_infos=[0:1] [0:1] [0:1] [0:1] [0:1] [0:94.629997299999999] [0:1] [0:1] none [0:1] [0:1.8550000200000001] [0:1] [273.14999999999998:1041.1500000000001] none none [-473:41051] [223.64999999999998:372.14999999999998] [0:1] [0:768] [0:1] [0:1] [0:1] none none [0:12288] [0:1] [0:1] [0:1] [0:1] [0:1] [0:127.129997] [0:163800] [-64:96.75] [0:1] none none [0:1016] [0:1] [0:0.99900001299999996] [0:1] [0:1] [0:1]
tree_sizes=2694 2736 2780 2766 2740 2783 2761 2801 2774 2787 2799 2788 2740 2779 2748 2788 2744 2763 2800 2754

Tree=0
num_leaves=31
num_cat=0
split_feature=5 40 25 18 30 30 18 18 30 30 18 30 30 12 30 10 18 30 18 18 18 30 18 41 10 18 30 18 30 1
split_gain=665591 333501 107500 39895.7 49908.5 44979 32014.8 26589.3 15527.5 15366.8 15279.3 13672.5 12278 12268.3 10524.8 10053.2 9123.06 10556.2 8508.21 8451.05 8008.58 6465.57 6465.31 6028.51 11129.6 5707.96 5683.45 5268.1 3988.59 3534.28
threshold=24.754999200000004 1.0000000180025095e-35 1.0000000180025095e-35 638.0499880000001 91.965000150000023 90.904998800000016 610.0499880000001 661.0499880000001 89.74499895000001 92.99499895000001 618.95001200000013 90.159999850000005 91.74499895000001 368.05999985 92.935001350000007 0.56949999950000019 651.0499880000001 91.24499895000001 624.95001200000013 647.0499880000001 680.0499880000001 93.564998650000021 596.0499880000001 1.0000000180025095e-35 0.32950000450000005 627.95001200000013 88.909999850000005 675.95001200000013 93.875000000000014 1.0000000180025095e-35
decision_type=2 2 2 2 2 2 2 2 2 2 2 2 2 2 2 2 2 2 2 2 2 2 2 2 2 2 2 2 2 2
left_child=-1 2 3 5 16 6 8 14 22 27 -7 -8 25 29 19 -4 17 -5 -13 -6 21 -11 26 -15 -25 -12 -2 -9 -22 -3
right_child=1 13 15 4 7 10 11 9 -10 20 12 18 -14 23 -16 -17 -18 -19 -20 -21 28 -23 -24 24 -26 -27 -28 -29 -30 -31
leaf_value=302.63313591414442 333.18076716198277 324.69663891600999 329.78652405952749 327.43075104643344 336.6472200420543 340.48289968184952 329.11278590909137 330.7298902371561 337.86467678381354 333.35490361732201 336.96443004857298 334.67354333461185 338.51978147092706 325.21147014027781 338.04558116214787 326.25239455313448 327.01561531705357 332.10723031652554 330.92283549271349 333.94997888706746 330.04321882961057 336.10817100493409 331.62726181109031 330.22678178276578 325.48695706429373 334.27120292909416 337.27676087586315 325.1103166819488 332.95584895493676 321.7991579022214
leaf_weight=188 165 209 554 167 467 336 309 318 502 462 352 378 556 487 359 316 215 435 252 768 146 396 188 231 267 446 174 48 603 212
leaf_count=188 165 209 554 167 467 336 309 318 502 462 352 378 556 487 359 316 215 435 252 768 146 396 188 231 267 446 174 48 603 212
internal_value=332.116 332.653 333.783 334.354 333.336 335.573 333.948 334.144 335.875 332.917 337.465 331.837 336.716 325.497 335.663 328.503 329.811 330.81 333.173 334.97 333.583 334.626 333.979 326.462 327.686 335.459 335.283 329.993 332.388 323.238
internal_weight=0 10318 8912 8042 4384 3658 1968 3567 1029 1973 1690 939 1354 1406 1594 870 817 602 630 1235 1607 858 527 985 498 798 339 366 749 421
internal_count=10506 10318 8912 8042 4384 3658 1968 3567 1029 1973 1690 939 1354 1406 1594 870 817 602 630 1235 1607 858 527 985 498 798 339 366 749 421
is_linear=0
shrinkage=1


Tree=1
num_leaves=31
num_cat=0
split_feature=15 31 40 36 18 5 30 1 18 10 11 7 36 30 18 30 30 18 30 12 18 18 30 5 10 7 18 18 30 18
split_gain=168284 87963.3 28925.5 13240.3 9211.1 9696.79 9114.52 9045.55 7465.28 6561.67 6371.13 5537.81 5873.51 5468.55 4507.25 6574.75 4492.44 3672.17 3541.18 3388.44 3464.87 3388.09 4750.05 3183.38 3143 3932.93 3098.53 2930.73 3251.98 2831.05
threshold=2186.0000000000005 114869.3515 1.0000000180025095e-35 48.125000000000007 643.0499880000001 88.465000150000023 91.465000150000023 1.0000000180025095e-35 618.0499880000001 0.13049999600000003 1.0000000180025095e-35 1.0000000180025095e-35 47.98000145000001 90.404998800000016 651.95001200000013 91.255001050000018 90.534999850000005 626.95001200000013 90.625000000000014 366.12000120000005 659.95001200000013 672.95001200000013 92.625000000000014 88.215000150000023 0.34450000550000009 1.0000000180025095e-35 633.0499880000001 602.0499880000001 89.375000000000014 657.0499880000001
decision_type=2 2 2 2 2 2 2 2 2 2 2 2 2 2 2 2 2 2 2 2 2 2 2 2 2 2 2 2 2 2
left_child=-1 3 7 4 6 -6 8 11 13 -4 19 12 -3 27 18 -16 -10 -8 26 -9 -21 22 29 -19 25 -5 -11 28 -2 -7
right_child=1 2 9 24 5 21 17 10 16 14 -12 -13 -14 -15 15 -17 -18 23 -20 20 -22 -23 -24 -25 -26 -27 -28 -29 -30 -31
leaf_value=-14.905805997951056 1.4092923376500566 2.0081806017029566 -5.8590409102910588 1.774275820235456 -1.8520983651537319 1.5865192916757596 5.9691186165809631 -2.7958718444548434 -1.8942810377681298 -1.8187393591946197 2.958733569594878 -1.4996343322101193 -0.28288827721812032 4.5924642313301325 -9.0258276369057455 -3.1586595419248575 1.3783904800596178 2.2047312082678521 -0.36779790709260851 -0.093252186614766044 -1.9898035349683221 0.39621139488048096 3.1498893997481754 4.585911800378649 -0.12392064442728483 -0.016517261936782081 -6.8632289870925574 0.60308990619065328 4.4024906693233383 -1.7471126211916699
leaf_weight=186 183 562 214 778 232 254 200 446 136 90 79 317 557 315 51 749 458 263 256 440 532 366 527 301 970 506 46 227 180 85
leaf_count=186 183 562 214 778 232 254 200 446 136 90 79 317 557 315 51 749 458 263 256 440 532 366 527 301 970 506 46 227 180 85
internal_value=0 0.268651 -1.4452 1.51199 2.09052 1.11324 2.72275 -0.551374 2.00638 -3.30977 -1.41137 0.345156 0.867765 2.91036 -2.8521 -3.53269 0.629092 4.12831 -1.46314 -1.65484 -1.13128 1.67165 2.2107 3.47554 0.55538 1.06856 -3.52496 2.01229 2.89352 0.750653
internal_weight=0 10320 4339 5981 3727 1464 2263 2933 1499 1406 1497 1436 1119 905 1192 800 594 764 392 1418 972 1232 866 564 2254 1284 136 590 363 339
internal_count=10506 10320 4339 5981 3727 1464 2263 2933 1499 1406 1497 1436 1119 905 1192 800 594 764 392 1418 972 1232 866 564 2254 1284 136 590 363 339
is_linear=0
shrinkage=0.5


Tree=2
num_leaves=31
num_cat=0
split_feature=38 31 36 36 11 41 30 10 41 7 10 18 30 28 18 5 5 18 36 7 28 12 2 12 18 30 10 18 5 5
split_gain=43865.4 22144.5 7433.52 4886.82 4437.9 3886.11 3190.57 3008.84 3215.12 2967.48 2454.61 2958.7 5443.56 2444.71 2362.79 4023.76 3486.71 2703.52 2117.53 1978.73 1818.13 1696.49 1663.23 1660.18 1614.12 2307.87 1452.54 1567.89 2900.68 1691.1
threshold=0.17100000400000001 35271.500000000007 48.014999400000008 47.895000450000005 1.0000000180025095e-35 1.0000000180025095e-35 89.220001200000013 0.29950000350000006 1.0000000180025095e-35 1.0000000180025095e-35 0.54950001850000019 624.95001200000013 90.654998800000016 1.0000000180025095e-35 633.95001200000013 87.715000150000023 87.125000000000014 613.0499880000001 54.434999450000007 1.0000000180025095e-35 1.0000000180025095e-35 366.12000120000005 1.0000000180025095e-35 357.27500000000003 657.0499880000001 92.314998650000021 0.62950000150000018 630.95001200000013 87.344997400000011 87.360000600000021
decision_type=2 2 2 2 2 2 2 2 2 2 2 2 2 2 2 2 2 2 2 2 2 2 2 2 2 2 2 2 2 2
left_child=-1 3 5 14 6 10 -4 8 -5 13 11 -3 -13 26 16 -16 17 23 -8 24 -21 -10 -14 -2 25 -17 27 29 -29 -9
right_child=1 2 4 7 -6 -7 18 9 21 -11 -12 12 22 -15 15 19 -18 -19 -20 20 -22 -23 -24 -25 -26 -27 -28 28 -30 -31
leaf_value=-7.6101911247417489 -2.253148003440836 1.1401395120791027 -4.8381466388702394 0.16914626336679237 -3.1924112361868739 0.99637221667226483 -0.72184421098914664 -0.69198036607528146 0.59516266373512872 0.81049903136455215 -1.8727050128361005 -4.932669589789036 -0.88016085095777741 0.70633155405608428 -2.1242657133306446 0.52721646552068224 2.8988218918261199 -0.23285769399271233 -2.1184906617645454 4.111576318585624 1.15830383593576 2.0483868643657313 0.42189454335881316 2.1155602943973806 -0.018006006353363267 2.8269067217532378 0.85057386521782197 -5.7755336981070666 -1.2586835432087538 2.7508419771989185
leaf_weight=186 23 315 55 794 288 620 1507 172 305 698 263 68 559 321 104 287 472 237 331 96 114 588 437 399 353 176 105 38 550 45
leaf_count=186 23 315 55 794 288 620 1507 172 305 698 263 68 559 321 104 287 472 237 331 96 114 588 437 399 353 176 105 38 550 45
internal_value=0 0.13716 -0.705209 0.77399 -1.36385 -0.0701548 -1.08565 0.41346 0.901173 -0.0130679 -0.472863 -0.205888 -0.604383 -0.480046 1.35058 0.839226 1.86149 1.11851 -0.973362 1.13962 2.50837 1.55204 -0.308878 1.87746 0.787366 1.4014 -0.898537 -1.12668 -1.55059 0.021969
internal_weight=0 10320 4443 5877 2181 2262 1893 3616 1687 1929 1642 1379 1064 1231 2261 1130 1131 659 1838 1026 210 893 996 422 816 463 910 805 588 217
internal_count=10506 10320 4443 5877 2181 2262 1893 3616 1687 1929 1642 1379 1064 1231 2261 1130 1131 659 1838 1026 210 893 996 422 816 463 910 805 588 217
is_linear=0
shrinkage=0.5


Tree=3
num_leaves=31
num_cat=0
split_feature=5 40 12 18 5 18 30 18 18 30 18 5 30 18 5 5 18 5 12 18 18 30 5 30 5 30 18 18 30 30
split_gain=11159.9 6725.99 4434.09 4918.63 4251.76 6465.89 5415.27 3701.76 3172.51 2731.32 3568.36 5121.85 4840.65 2517.76 3341.45 2442.76 2407.95 2667.05 2231.49 3234.56 2839.34 2327.75 2209.39 2186.68 2161.38 1922.56 1880.82 1851.84 2469.38 2040.67
threshold=80.125000000000014 1.0000000180025095e-35 369.02500000000003 588.0499880000001 85.764999400000008 630.95001200000013 90.965000150000023 695.2999880000001 603.20001200000013 94.154998800000016 654.0499880000001 89.034999850000005 92.49499895000001 631.95001200000013 87.889999400000008 91.395000500000023 670.0499880000001 90.24499895000001 361.96500240000006 613.95001200000013 672.95001200000013 91.904998800000016 89.704998000000018 88.419998200000023 86.810001400000019 89.564998650000021 606.0499880000001 657.95001200000013 92.435001350000007 92.24499895000001
decision_type=2 2 2 2 2 2 2 2 2 2 2 2 2 2 2 2 2 2 2 2 2 2 2 2 2 2 2 2 2 2
left_child=-1 2 3 23 8 25 -7 9 -5 10 12 -12 13 24 -15 -9 22 -18 19 -3 -20 -22 -13 -2 26 -6 -4 29 -29 -8
right_child=1 18 7 4 5 6 27 15 -10 -11 11 16 -14 14 -16 -17 17 -19 20 -21 21 -23 -24 -25 -26 -27 -28 28 -30 -31
leaf_value=-3.6898427133341851 0.068762468153631295 1.5580893233418465 1.5541499147592026 -0.64596583892433146 -0.93147734526254933 -3.3527842092885543 -0.47044285671725433 -3.2511417089457004 -3.3070209416532026 2.1296527276084509 -1.8190591485271184 0.10103137662400151 2.321267473391849 -1.0809033019898726 0.67057070507589478 -0.21769644529558718 -1.5432952320449196 0.44728913228381062 -0.070205253424520248 -3.5328797743393059 -6.9168438434600832 -1.4066716613167005 1.7980084593682815 3.1874508370144836 1.7089199611935455 0.97425481216655041 -0.31951831732798552 -3.0361092375598346 -0.5858531205312294 1.240651547749682
leaf_weight=201 91 39 214 265 151 182 636 96 194 284 324 366 483 411 807 215 265 461 729 156 20 460 403 147 661 1071 358 134 442 240
leaf_count=201 91 39 214 265 151 182 636 96 194 284 324 366 483 411 807 215 265 461 729 156 20 460 403 147 661 1071 358 134 442 240
internal_value=0 0.0719707 0.232402 -0.200561 -0.358192 -0.131185 -0.781786 0.520045 -1.77068 0.62341 0.533409 -0.0168077 0.874529 0.589431 0.0795561 -1.15407 0.373781 -0.279302 -0.945121 -2.51469 -0.691965 -1.63626 0.990344 1.99501 1.0931 0.738767 0.381469 -0.459525 -1.15588 -0.00164987
internal_weight=0 10305 8901 3553 3315 2856 1634 5348 459 5037 4753 1819 2934 2451 1218 311 1495 726 1404 195 1209 480 769 238 1233 1222 572 1452 576 876
internal_count=10506 10305 8901 3553 3315 2856 1634 5348 459 5037 4753 1819 2934 2451 1218 311 1495 726 1404 195 1209 480 769 238 1233 1222 572 1452 576 876
is_linear=0
shrinkage=0.5


Tree=4
num_leaves=31
num_cat=0
split_feature=30 18 30 5 18 5 18 30 18 30 18 30 30 5 16 18 5 18 30 18 5 18 5 18 30 30 30 5 18 18
split_gain=4593.64 4628.58 12176.5 4146.12 4456.89 3482.73 3175.78 4839.31 3501.04 2855.47 2529.67 2330.22 2212.24 2137.52 1987.61 2115.9 1757.56 2334.11 1737.95 1587.37 1325.74 1241.95 1221.7 1056.81 1645.96 1046.44 999.782 985.716 955.435 942.234
threshold=89.220001200000013 644.69998200000009 91.625000000000014 88.005001050000018 620.0499880000001 86.610000600000021 691.0499880000001 93.375000000000014 666.75000000000011 94.125000000000014 606.0499880000001 90.715000150000023 92.534999850000005 89.389999400000008 235.52500000000001 578.20001200000013 86.610000600000021 600.0499880000001 91.154998800000016 656.95001200000013 84.609996800000019 666.75000000000011 91.125000000000014 709.2999880000001 94.875000000000014 92.255001050000018 89.909999850000005 84.770000450000012 580.20001200000013 679.0499880000001
decision_type=2 2 2 2 2 2 2 2 2 2 2 2 2 2 2 2 2 2 2 2 2 2 2 2 2 2 2 2 2 2
left_child=10 3 11 4 16 26 7 8 13 -8 14 -3 29 25 15 -1 17 27 -7 -13 -19 -9 -23 24 -11 -4 -6 28 -2 -10
right_child=1 2 6 -5 5 18 9 21 12 23 -12 19 -14 -15 -16 -17 -18 20 -20 -21 -22 22 -24 -25 -26 -27 -28 -29 -30 -31
leaf_value=2.150491627972833 2.6548221206123177 -5.3799829832145143 -0.61289998510365418 1.3339346625475628 -3.7071997471153737 -0.62349894848282295 -2.7362556764257646 1.980139727388655 -2.0758224679680355 -0.65421724097619371 -3.4313785875525231 -1.6315803081661995 -0.60403549203564644 0.96434572831709242 -1.8756655231429942 -0.8899534198003467 1.4798549345627068 -2.9153200030326842 0.42588742447826788 -3.9609135007767966 0.045341283859499405 0.4548259895524957 1.8139128364685886 -1.59731529882321 1.7460129412017691 0.2134309132168081 -1.4308441397317542 1.9613987368424064 -0.42949076535712394 -5.1049002329508459
leaf_weight=86 33 70 727 1024 60 705 179 242 178 233 116 280 562 559 239 171 588 40 896 99 691 838 206 130 103 810 246 260 105 30
leaf_count=86 33 70 727 1024 60 705 179 242 178 233 116 280 562 559 239 171 588 40 896 99 691 838 206 130 103 810 246 260 105 30
internal_value=0 0.082228 -0.239677 0.445548 0.194525 -0.331616 -0.00662317 0.153724 -0.207865 -1.03881 -1.32935 -2.72956 -1.11963 0.127085 -0.83775 0.127472 0.778887 0.413812 -0.0362096 -2.24003 -0.116665 0.959568 0.722998 -0.38679 0.0815676 -0.177423 -1.87719 1.38813 0.308062 -2.51271
internal_weight=0 9894 5246 4648 3624 1907 4797 4152 2866 645 612 449 770 2096 496 257 1717 1129 1601 379 731 1286 1044 466 336 1537 306 398 138 208
internal_count=10506 9894 5246 4648 3624 1907 4797 4152 2866 645 612 449 770 2096 496 257 1717 1129 1601 379 731 1286 1044 466 336 1537 306 398 138 208
is_linear=0
shrinkage=0.5


Tree=5
num_leaves=31
num_cat=0
split_feature=30 18 18 5 18 18 5 18 5 5 18 18 40 15 18 5 30 18 18 5 40 24 18 30 40 18 5 5 18 30
split_gain=1702.57 2974.46 2634.74 1584.58 2480.01 1565.56 1447.91 2189.09 1956.82 1467.75 1542.22 1433.89 1168.07 1115.31 992.534 1510.43 915.16 888.035 755.31 1137.08 720.341 895.812 695.786 687.249 829.531 753.155 651.128 643.708 633.402 615.744
threshold=90.375000000000014 613.0499880000001 625.95001200000013 87.389999400000008 635.95001200000013 645.75000000000011 88.610000600000021 676.0499880000001 89.784999850000005 90.110000600000021 650.95001200000013 665.95001200000013 1.0000000180025095e-35 36001.44920000001 701.0499880000001 91.005001050000018 94.755001050000018 687.20001200000013 605.0499880000001 85.505001050000018 1.0000000180025095e-35 2464.3499750000005 648.95001200000013 93.154998800000016 1.0000000180025095e-35 663.95001200000013 86.110000600000021 89.034999850000005 630.0499880000001 94.465000150000023
decision_type=2 2 2 2 2 2 2 2 2 2 2 2 2 2 2 2 2 2 2 2 2 2 2 2 2 2 2 2 2 2
left_child=2 -2 13 5 -5 12 11 9 17 10 27 20 26 18 15 -10 -16 -9 19 -1 21 -6 -23 24 25 -12 -3 -8 -14 -17
right_child=1 3 -4 4 6 -7 7 8 14 -11 23 -13 28 -15 16 29 -18 -19 -20 -21 -22 22 -24 -25 -26 -27 -28 -29 -30 -31
leaf_value=-0.60771904160996815 1.3136273952369439 -1.6625354978132922 -2.059696734402547 0.86805918505189605 0.42062998860805795 -2.1986988502244156 0.45321016315974189 -1.51382839670763 -0.37989352900386308 1.1618427601781496 -0.12322867058932013 -3.0233723362191367 2.9111845563439762 0.25763866430892862 -1.9437417918816209 0.36837794399644314 -0.14417146673229964 -5.0526932589709759 -1.2907475562817934 1.2193503686620926 0.44987604166500461 -0.42474395847138874 -1.3589896480753432 0.5216314317378089 0.62061273496476044 -1.0382667343974823 -0.3579467728497856 1.4160193858053154 0.44720148649815072 1.6441719863261726
leaf_weight=470 470 106 222 949 208 120 426 156 699 504 786 52 34 685 132 262 152 20 270 104 234 610 296 440 252 315 979 293 112 148
leaf_count=470 470 106 222 949 208 120 426 156 699 504 786 52 34 685 132 262 152 20 270 104 234 610 296 440 252 315 979 293 112 148
internal_value=0 0.0900157 -0.450079 0.0206014 0.117121 -0.474786 -0.00194984 0.133945 -0.345056 0.383133 0.226896 -0.447006 -0.306736 -0.216373 -0.146577 0.0670035 -0.980591 -1.91597 -0.601087 -0.276682 -0.347621 -0.515138 -0.729972 -0.0211933 -0.197722 -0.385024 -0.4854 0.845565 1.02101 0.828908
internal_weight=0 8755 1751 8285 6934 1351 5985 4585 1569 3016 2512 1400 1231 1529 1393 1109 284 176 844 574 1348 1114 906 1793 1353 1101 1085 719 146 410
internal_count=10506 8755 1751 8285 6934 1351 5985 4585 1569 3016 2512 1400 1231 1529 1393 1109 284 176 844 574 1348 1114 906 1793 1353 1101 1085 719 146 410
is_linear=0
shrinkage=0.5


Tree=6
num_leaves=31
num_cat=0
split_feature=30 18 5 38 18 30 18 18 30 30 18 30 18 18 30 31 10 36 5 40 15 30 5 10 18 18 18 18 25 5
split_gain=855.304 1611.7 1005.01 1329.38 897.314 807.058 1283.86 992.232 958.779 922.623 794.548 971.323 1086.27 728.544 842.544 825.518 728.511 706.422 659.037 774.781 644.78 629.526 610.534 554.806 554.482 532.073 513.906 498.803 592.248 567.372
threshold=88.755001050000018 585.0499880000001 85.389999400000008 0.76934999250000013 612.0499880000001 91.375000000000014 659.0499880000001 686.20001200000013 93.904998800000016 92.935001350000007 582.50000000000011 87.404998800000016 566.2999880000001 655.95001200000013 92.654998800000016 109203.70300000001 0.030499999400000002 56.750000000000007 91.755001050000018 1.0000000180025095e-35 35999.94920000001 92.215000150000023 84.770000450000012 0.10050000250000002 706.0499880000001 603.20001200000013 596.0499880000001 624.95001200000013 1.0000000180025095e-35 84.270000450000012
decision_type=2 2 2 2 2 2 2 2 2 2 2 2 2 2 2 2 2 2 2 2 2 2 2 2 2 2 2 2 2 2
left_child=10 -2 27 25 -5 6 17 8 13 -9 11 23 -13 21 -15 -16 -12 20 19 24 -6 -7 26 -1 -11 -4 -18 28 29 -3
right_child=1 2 3 4 5 7 -8 9 -10 18 16 12 -14 14 15 -17 22 -19 -20 -21 -22 -23 -24 -25 -26 -27 -28 -29 -30 -31
leaf_value=-0.51717466305446069 1.9247112110391393 -2.0942437405298864 1.9838755756335438 0.56488716155326391 -0.86008897544834839 0.025078320911022842 -3.1371886265419779 -3.7978235376732692 1.0185477748809224 -0.9410444870299296 0.80951435808782224 4.3323384998809722 0.22533097240965869 -0.63441274655369029 -0.31891587346341249 0.46527973359212976 -1.9179802672730553 1.5945239552985067 0.34294371569210935 0.15352411325488771 -0.16478932428481086 0.56367686519311277 -0.8467696469898025 -3.2986884385347368 -3.1806016872326532 0.37668269789600028 -4.5896057009696962 -2.8320639123423743 0.88229736470408782 -0.52096728531973835
leaf_weight=173 111 70 53 553 498 1532 42 21 258 351 27 21 69 704 733 619 45 46 199 175 1009 840 60 20 30 1815 30 26 60 316
leaf_count=173 111 70 53 553 498 1532 42 21 258 351 27 21 69 704 733 619 45 46 199 175 1009 840 60 20 30 1815 30 26 60 316
internal_value=0 0.0300034 0.0088665 0.0443279 -0.0484473 -0.0965094 -0.409411 -0.00513664 0.0815856 -0.528823 -0.678347 -0.172855 1.18363 0.026993 -0.190848 0.0401204 -1.5614 -0.33564 -0.437897 -0.71737 -0.394557 0.215813 -2.03558 -0.805414 -1.11739 0.422283 -2.98663 -0.703217 -0.579114 -0.806276
internal_weight=0 10061 9950 9478 7610 7057 1595 5462 4686 776 445 283 90 4428 2056 1352 162 1553 755 556 1507 2372 135 193 381 1868 75 472 446 386
internal_count=10506 10061 9950 9478 7610 7057 1595 5462 4686 776 445 283 90 4428 2056 1352 162 1553 755 556 1507 2372 135 193 381 1868 75 472 446 386
is_linear=0
shrinkage=0.5


Tree=7
num_leaves=31
num_cat=0
split_feature=1 41 39 17 18 7 28 39 12 10 10 17 31 36 10 18 5 30 18 30 31 38 5 5 10 18 5 31 12 25
split_gain=770.375 1031.71 1206.42 827.796 585.742 562.89 855.862 614.655 552.472 476.71 418.444 405.171 494.124 397.242 395.489 382.536 446.337 410.591 361.33 451.626 367.175 347.616 418.04 328.888 305.266 301.495 363.882 300.587 293.713 289.407
threshold=1.0000000180025095e-35 1.0000000180025095e-35 1.0000000180025095e-35 1.0000000180025095e-35 672.95001200000013 1.0000000180025095e-35 1.0000000180025095e-35 1.0000000180025095e-35 376.11500000000007 0.57049998650000011 0.22950000300000004 1.0000000180025095e-35 150564.64850000004 48.014999400000008 1.0324999700000002 663.95001200000013 88.905002600000017 92.74499895000001 639.95001200000013 91.625000000000014 105144.3515 0.7610999945000001 83.775001550000013 86.860000600000021 0.45649999350000009 591.0499880000001 84.99499895000001 154657.50000000003 373.05999985000005 1.0000000180025095e-35
decision_type=2 2 2 2 2 2 2 2 2 2 2 2 2 2 2 2 2 2 2 2 2 2 2 2 2 2 2 2 2 2
left_child=1 3 11 21 10 6 9 28 -6 15 -4 12 -3 -9 -11 16 18 -17 19 20 -2 -1 -23 -20 -19 -12 -27 -22 -7 -21
right_child=5 2 4 -5 8 7 -8 13 -10 14 25 -13 -14 -15 -16 17 -18 24 23 29 27 22 -24 -25 -26 26 -28 -29 -30 -31
leaf_value=0.17523877434187421 -0.21662189437691787 0.43416703159997017 0.32599949325732558 0.38368234864111278 -2.2089342106665883 0.031076698250891367 -0.70558379245655878 0.87361008166872156 -0.38486974581382144 0.44200037513110324 1.0975603054676737 -0.072205371399366752 1.5355720609883989 2.9202716580520454 -1.7499974918152605 -1.0817017246694931 0.74553531809274842 0.12130035258654515 -2.2262560264630751 0.62718396767926443 0.66921028300058294 -2.5638964469730854 -0.50664970335150805 -0.24830113718325789 -0.68544456610709603 -2.1723037056092704 -0.33534411352689797 -0.48961183399494207 0.58550887769235982 2.3721269105694125
leaf_weight=190 560 954 341 324 70 649 350 269 102 1023 35 344 114 26 21 141 244 383 22 157 279 25 2015 470 169 28 725 70 378 28
leaf_count=190 560 954 341 324 70 649 350 269 102 1023 35 344 114 26 21 141 244 383 22 157 279 25 2015 470 169 28 725 70 378 28
internal_value=0 -0.135035 0.0796761 -0.363112 -0.267679 0.135756 0.0405432 0.417866 -1.12722 0.113754 -0.13673 0.399725 0.551733 1.05399 0.397908 -0.00382662 0.115982 -0.320205 0.0191279 0.179174 0.0342449 -0.471615 -0.531861 -0.336746 -0.125692 -0.336973 -0.403651 0.436782 0.235142 0.891283
internal_weight=0 5267 2713 2554 1301 5239 3917 1322 172 3567 1129 1412 1068 295 1044 2523 1830 693 1586 1094 909 2230 2040 492 552 788 753 349 1027 185
internal_count=10506 5267 2713 2554 1301 5239 3917 1322 172 3567 1129 1412 1068 295 1044 2523 1830 693 1586 1094 909 2230 2040 492 552 788 753 349 1027 185
is_linear=0
shrinkage=0.5


Tree=8
num_leaves=31
num_cat=0
split_feature=40 18 30 30 15 1 5 18 30 18 25 5 30 5 18 30 18 18 30 18 16 5 2 18 18 5 18 30 18 38
split_gain=541.781 530.178 764.441 586.852 528.267 495.036 493.802 716.411 746.764 1079.14 697.395 665.076 653.264 520.837 840.979 753.315 688.75 459.329 462.142 442.609 419.273 406.776 338.674 331.191 321.21 299.435 497.513 467.469 424.144 274.167
threshold=1.0000000180025095e-35 635.0499880000001 91.125000000000014 89.404998800000016 37021.849600000009 1.0000000180025095e-35 90.670002000000025 672.95001200000013 92.534999850000005 640.95001200000013 1.0000000180025095e-35 87.49499895000001 91.74499895000001 86.139999400000008 599.0499880000001 89.755001050000018 623.0499880000001 616.95001200000013 90.715000150000023 617.95001200000013 252.62999955000001 87.24499895000001 1.0000000180025095e-35 651.95001200000013 707.0499880000001 83.895000500000023 573.50000000000011 87.159999850000005 578.20001200000013 0.77489998950000005
decision_type=2 2 2 2 2 2 2 2 2 2 2 2 2 2 2 2 2 2 2 2 2 2 2 2 2 2 2 2 2 2
left_child=4 3 5 19 6 -3 7 8 9 10 13 17 22 14 15 25 -15 -12 -19 -2 -9 -18 -11 -10 29 26 27 -1 -27 -6
right_child=1 2 -4 -5 24 -7 -8 20 23 12 11 -13 -14 16 -16 -17 21 18 -20 -21 -22 -23 -24 -25 -26 28 -28 -29 -30 -31
leaf_value=-0.68069128270124224 0.60277524209496647 -1.8951834352103187 0.31002297807549734 1.5091347739763239 0.46345687742547759 -0.14576282920133249 0.34438638055302284 -1.5777074409891729 0.71449989750140552 -0.96750653908234896 1.237368815962006 2.4779715725909108 -0.36371579074703014 0.36188878379536771 -0.87358577875047927 0.96940005431876874 -0.71183449049593983 -1.4749359887403746 0.59157355366304754 -1.8675757122039796 -0.47409974944734218 -0.052704936071037448 -2.3490263621967573 0.10173431144106597 -1.1117158015753994 2.0840888159970441 -1.9244656938338471 1.3580144941806793 -0.13863808543792941 0.073602855830598016
leaf_weight=143 66 67 1005 163 696 102 552 115 288 302 85 46 862 909 500 151 303 48 62 25 342 1029 52 941 47 24 62 35 203 1281
leaf_count=143 66 67 1005 163 696 102 552 115 288 302 85 46 862 909 500 151 303 48 62 25 342 1029 52 941 47 24 62 35 203 1281
internal_value=0 0.286282 0.144572 0.941271 -0.0450331 -0.83932 -0.109642 -0.148187 -0.102553 -0.191329 -0.053773 0.767816 -0.598569 -0.11272 -0.391471 -0.00140973 0.0263443 0.364395 -0.310176 -0.0758926 -0.751813 -0.202642 -1.17044 0.245328 0.180139 -0.315312 -0.704688 -0.279822 0.0963639 0.21085
internal_weight=0 1428 1174 254 9078 169 7054 6502 6045 4816 3600 241 1216 3359 1118 618 2241 195 110 91 457 1332 354 1229 2024 467 240 178 227 1977
internal_count=10506 1428 1174 254 9078 169 7054 6502 6045 4816 3600 241 1216 3359 1118 618 2241 195 110 91 457 1332 354 1229 2024 467 240 178 227 1977
is_linear=0
shrinkage=0.5


Tree=9
num_leaves=31
num_cat=0
split_feature=16 12 18 16 5 18 5 5 18 30 5 24 5 40 25 18 18 18 30 18 25 30 30 40 15 18 5 5 18 30
split_gain=460.656 412.425 425.201 464.992 436.422 315.55 1486.26 519.243 559.632 530.081 530.075 442.197 358.673 356.873 370.648 327.286 314.337 300.137 273.416 425.707 435.312 342.859 316.146 297.426 319.104 303.276 402.402 393.164 309.131 322.476
threshold=321.02500000000003 377.21499850000004 698.2999880000001 253.07999935000001 91.889999400000008 659.0499880000001 88.360000600000021 88.284999850000005 628.50000000000011 91.845001200000013 86.139999400000008 2565.7500000000005 89.579998000000003 1.0000000180025095e-35 1.0000000180025095e-35 683.0499880000001 628.50000000000011 646.95001200000013 90.715000150000023 605.95001200000013 1.0000000180025095e-35 90.904998800000016 91.154998800000016 1.0000000180025095e-35 33006.500000000007 595.20001200000013 86.005001050000018 84.145000500000023 570.95001200000013 88.034999850000005
decision_type=2 2 2 2 2 2 2 2 2 2 2 2 2 2 2 2 2 2 2 2 2 2 2 2 2 2 2 2 2 2
left_child=1 2 4 -4 5 7 -7 8 9 18 -10 -12 -8 14 16 -14 -9 -16 23 -20 21 -21 -23 25 -25 27 -27 28 -1 -30
right_child=-2 -3 3 -5 -6 6 12 13 10 -11 11 -13 15 -15 17 -17 -18 -19 19 20 -22 22 -24 24 -26 26 -28 -29 29 -31
leaf_value=0.20729945437818931 -2.397340943198651 0.29018317246689884 -2.0311734363728879 -0.3229287596276173 1.9237462492852375 -2.0344768757163321 -0.38307972271333096 1.2856229361367679 -1.446833786337326 1.151785884751007 0.090382359887116417 -0.41179670605481611 0.19326053919773772 1.2255734265219052 2.3907491919526365 -0.32161055954660428 0.11058360932460332 0.56885846807052953 1.2683480345901657 0.60557673148372593 1.6654409984747569 -0.59508675922448417 0.14485419408637307 -0.99364422023296362 0.97432070257317305 -0.61178637281187387 -0.01910793215025338 0.61229226392956826 -2.5479216187430378 -0.44602989537693633
leaf_weight=182 20 1128 51 182 29 103 717 59 90 112 749 1057 1081 91 32 432 1611 77 94 221 45 224 406 25 117 498 674 270 22 107
leaf_count=182 20 1128 51 182 29 103 717 59 90 112 749 1057 1081 91 32 432 1611 77 94 221 45 224 406 25 117 498 674 270 22 107
internal_value=0 0.00457246 -0.0298546 -0.696836 -0.0128238 -0.018998 -0.177557 0.0356994 -0.049949 0.084547 -0.262546 -0.203529 -0.0917889 0.259805 0.210404 0.0462517 0.152097 1.10373 0.0431152 0.256074 0.149876 0.0697342 -0.118236 -0.0681404 0.627848 -0.124518 -0.270946 0.170857 -0.212383 -0.804492
internal_weight=0 10486 9358 233 9125 9096 2333 6763 4893 2997 1896 1806 2230 1870 1779 1513 1670 109 2885 990 896 851 630 1895 142 1753 1172 581 311 129
internal_count=10506 10486 9358 233 9125 9096 2333 6763 4893 2997 1896 1806 2230 1870 1779 1513 1670 109 2885 990 896 851 630 1895 142 1753 1172 581 311 129
is_linear=0
shrinkage=0.5


Tree=10
num_leaves=31
num_cat=0
split_feature=38 18 30 40 18 30 18 18 18 15 17 7 12 15 36 15 17 18 5 18 5 5 18 5 10 12 16 36 38 16
split_gain=332.236 317.102 277.309 282.742 325.452 269.314 351.711 335.681 298.889 250.293 268.241 244.052 219.012 217.831 211.801 197.789 184.372 208.689 300.849 286.54 417.283 200.049 204.901 261.784 215.785 205.636 185.255 182.843 181.989 177.101
threshold=0.77535000450000013 719.0499880000001 94.564998650000021 1.0000000180025095e-35 698.2999880000001 92.064998650000021 637.95001200000013 653.95001200000013 683.95001200000013 33976.250000000007 1.0000000180025095e-35 1.0000000180025095e-35 361.96500240000006 38986.69920000001 48.895000450000005 39987.69920000001 1.0000000180025095e-35 682.0499880000001 90.579998000000003 664.0499880000001 89.255001050000018 89.375000000000014 634.0499880000001 87.634998350000004 0.55550000050000004 362.21000135000003 247.37999955000001 47.98000145000001 0.74734997750000021 233.27500000000001
decision_type=2 2 2 2 2 2 2 2 2 2 2 2 2 2 2 2 2 2 2 2 2 2 2 2 2 2 2 2 2 2
left_child=5 2 3 4 13 7 -7 9 12 -1 14 -12 -9 16 15 28 17 18 19 21 -21 22 23 -2 25 -24 -22 -25 -11 -18
right_child=1 -3 -4 -5 -6 6 -8 8 -10 10 11 -13 -14 -15 -16 -17 29 -19 -20 20 26 -23 24 27 -26 -27 -28 -29 -30 -31
leaf_value=-0.30814655439788913 -0.18374732617369069 -1.6070084449122934 0.47465332518543368 0.19270360150144875 -1.6017170373938585 1.1744833648989075 0.18869280561079593 -2.3496574995418391 1.120200444351543 1.0853105223540105 0.12915511122973991 1.1581847880374301 -0.63286741730621121 0.4908579922356533 0.28817912789329175 1.4022085122440173 -0.99932443672525029 -0.72138543938437483 0.52733140077516938 -1.5425776969850733 -1.3276097081238176 0.215182492752438 -1.0510733190782704 -0.077755105495013577 0.12513101374179086 -0.3563889159405898 -0.19603501427016171 0.65248231759785569 -0.10236174793335674 0.15711500776657344
leaf_weight=428 1091 34 220 720 38 95 1902 21 22 33 121 110 161 136 658 23 35 179 149 89 41 345 122 159 201 840 307 186 1428 612
leaf_count=428 1091 34 220 720 38 95 1902 21 22 33 121 110 161 136 658 23 35 179 149 89 41 345 122 159 201 840 307 186 1428 612
internal_value=0 -0.0847631 -0.0753013 -0.098347 -0.144607 0.0932699 0.235588 -0.00130893 -0.620539 0.0437903 0.107267 0.619169 -0.830959 -0.13228 0.0520613 -0.0526324 -0.151735 -0.194699 -0.167991 -0.198634 -0.57644 -0.142554 -0.190041 -0.0636976 -0.346042 -0.444488 -0.329353 0.315938 -0.0755355 0.0945565
internal_weight=0 5504 5470 5250 4530 5002 1997 3005 204 2801 2373 231 182 4492 2142 1484 4356 3709 3530 3381 437 2944 2599 1436 1163 962 348 345 1461 647
internal_count=10506 5504 5470 5250 4530 5002 1997 3005 204 2801 2373 231 182 4492 2142 1484 4356 3709 3530 3381 437 2944 2599 1436 1163 962 348 345 1461 647
is_linear=0
shrinkage=0.5


Tree=11
num_leaves=31
num_cat=0
split_feature=1 36 18 15 36 30 16 18 5 12 18 2 18 24 10 16 18 18 16 31 10 30 16 15 28 5 30 18 5 5
split_gain=293.959 326.144 313.178 306.116 299.364 297.133 289.684 306.909 406.424 234.339 231.265 229.69 218.697 187.537 186.112 180.745 403.687 192.448 244.885 187.66 177.742 204.576 198.666 171.876 159.893 155.424 154.622 146.633 243.583 228.795
threshold=1.0000000180025095e-35 48.395000450000005 675.0499880000001 36987.900400000006 50.170000050000006 92.875000000000014 254.92000045 615.95001200000013 87.24499895000001 370.08999865000004 633.0499880000001 1.0000000180025095e-35 643.0499880000001 2735.6500250000004 0.099500000250000012 251.45000020000001 668.75000000000011 591.0499880000001 232.97500075000002 111827.50000000001 0.23949999400000002 88.034999850000005 233.27500000000001 35979.800800000005 1.0000000180025095e-35 88.704998000000018 92.375000000000014 628.0499880000001 87.005001050000018 85.979999550000016
decision_type=2 2 2 2 2 2 2 2 2 2 2 2 2 2 2 2 2 2 2 2 2 2 2 2 2 2 2 2 2 2
left_child=4 3 5 24 11 6 7 14 10 -4 -9 15 -10 -13 -3 16 17 20 -19 -17 22 -22 -1 25 -2 -14 -18 29 -29 -20
right_child=1 2 9 -5 -6 -7 -8 8 12 -11 -12 13 23 -15 -16 19 26 18 27 -21 21 -23 -24 -25 -26 -27 -28 28 -30 -31
leaf_value=2.1586136687546968 -0.11309434899032218 -0.23470447346982029 -0.69993785458275914 0.11284970696794644 -0.47628981827103811 0.82029292259760422 -1.3209599183294281 -0.024020812265585698 0.67427153081835089 0.079416705729751069 -0.99499531456906543 -0.04982036467481521 -0.60601128335110843 -0.61286280196126375 1.0046682406743472 0.025277814339022018 -1.6012848069093057 -0.73912580104685632 -0.24814818858910628 0.48650563263826213 -1.2599845975637436 0.49410746638279629 0.43084560788986159 0.36229589500637144 -0.53421373384028881 0.22152013137288715 -0.48384076388467645 -0.75690959214933162 -0.041537923450457308 0.29045659090518422
leaf_weight=28 977 36 127 1734 444 264 29 173 309 401 95 288 112 304 191 653 35 119 270 333 22 68 41 383 293 115 268 129 1534 731
leaf_count=28 977 36 127 1734 444 264 29 173 309 401 95 288 112 304 191 653 35 119 270 333 22 68 41 383 293 115 268 129 1534 731
internal_value=0 0.0838595 0.228491 -0.0237471 -0.0834137 0.332585 0.243358 0.275441 0.173573 -0.108042 -0.36821 -0.047246 0.331568 -0.33895 0.808116 -0.0064308 -0.0633965 -0.00680055 -0.0373671 0.181047 0.528211 0.0653294 1.13197 0.157969 -0.21025 -0.186777 -0.612918 -0.0060198 -0.0970298 0.145179
internal_weight=0 5239 2235 3004 5267 1707 1443 1414 1187 528 268 4823 919 592 227 4231 3245 2942 2783 986 159 90 69 610 1270 227 303 2664 1663 1001
internal_count=10506 5239 2235 3004 5267 1707 1443 1414 1187 528 268 4823 919 592 227 4231 3245 2942 2783 986 159 90 69 610 1270 227 303 2664 1663 1001
is_linear=0
shrinkage=0.5


Tree=12
num_leaves=31
num_cat=0
split_feature=38 30 18 18 25 40 16 40 30 18 5 15 36 18 5 5 18 18 15 30 5 18 5 5 5 5 36 24 5 5
split_gain=213.254 216.461 452.596 293.878 267.469 246.991 264.667 226.119 220.72 292.336 235.974 217.531 247.978 255.9 418.058 193.397 193.157 184.874 194.994 184.662 181.352 200.724 212.833 194.109 177.125 173.875 166.441 160.049 158.932 150.253
threshold=0.76440000550000009 93.720001200000013 685.0499880000001 683.0499880000001 1.0000000180025095e-35 1.0000000180025095e-35 247.67000045 1.0000000180025095e-35 88.659999850000005 641.0499880000001 87.505001050000018 36973.44920000001 47.824998850000007 615.95001200000013 86.99499895000001 86.99499895000001 657.95001200000013 670.0499880000001 35005.650400000006 93.255001050000018 90.755001050000018 712.20001200000013 92.154998800000016 92.255001050000018 88.139999400000008 87.360000600000021 48.895000450000005 2800.3499750000005 85.005001050000018 88.284999850000005
decision_type=2 2 2 2 2 2 2 2 2 2 2 2 2 2 2 2 2 2 2 2 2 2 2 2 2 2 2 2 2 2
left_child=28 2 5 4 -3 11 8 19 -7 25 -11 12 -2 15 27 -14 24 -8 -19 -4 -5 22 -22 -23 -16 -10 -12 -15 -1 -18
right_child=1 3 7 20 -6 6 17 -9 9 10 26 -13 13 14 16 -17 29 18 -20 -21 21 23 -24 -25 -26 -27 -28 -29 -30 -31
leaf_value=-0.049754896427911477 -0.39713869008091501 0.38825074047491215 -2.8851409137248991 -0.46689866827419629 1.8691387098621239 -1.4356492254883051 1.1667587310708698 -0.44408403450353562 0.349596013958138 -0.83103468908887845 -0.41103033684509199 0.016072720038391344 0.10774394074775161 -0.57354277028152123 -0.17800396058046092 1.0302455140044913 -1.5870225278971095 -1.0921267780729316 0.55663068945874872 -1.0164507183317955 0.10457129736207878 -1.4113119147622433 1.0087649440883022 0.041561507752963474 0.18855017245678163 1.4175680390520331 0.26413536278364536 -1.56094170016823 0.33212613779961803 -0.30121030025796292
leaf_weight=419 840 401 20 171 33 24 103 114 185 92 133 3507 506 171 644 64 24 22 97 39 453 39 76 56 675 48 291 54 779 426
leaf_count=419 840 401 20 171 33 24 103 114 185 92 133 3507 506 171 644 64 24 22 97 39 453 39 76 56 675 48 291 54 779 426
internal_value=0 -0.0255564 -0.0552955 0.169938 0.500853 -0.0377894 0.195122 -0.855318 0.0569264 0.104753 -0.105153 -0.0713224 -0.161362 -0.0841185 -0.168573 0.211323 -0.0869233 0.676318 0.251818 -1.64991 -0.0107125 0.1143 0.234474 -0.554881 0.0095806 0.569607 0.0523499 -0.810519 0.198563 -0.369787
internal_weight=0 9308 8079 1229 434 7906 995 173 773 749 516 6911 3404 2564 1994 570 1769 222 119 59 795 624 529 95 1319 233 424 225 1198 450
internal_count=10506 9308 8079 1229 434 7906 995 173 773 749 516 6911 3404 2564 1994 570 1769 222 119 59 795 624 529 95 1319 233 424 225 1198 450
is_linear=0
shrinkage=0.5


Tree=13
num_leaves=31
num_cat=0
split_feature=10 18 5 18 16 36 5 18 5 5 30 15 18 30 5 18 18 30 18 18 39 16 5 5 11 33 5 16 30 16
split_gain=158.996 175.606 275.969 254.202 186.556 155.362 146.591 141.118 231.08 185.368 149.884 144.539 146.494 207.103 185.441 167.237 136.759 243.671 223.376 135.899 144.937 151.665 149.469 126.551 122.445 159.53 180.43 216.62 138.704 134.875
threshold=0.38449999650000005 704.2999880000001 90.384998350000004 677.0499880000001 251.87999955000001 47.824998850000007 92.505001050000018 636.75000000000011 88.560001400000019 88.704998000000018 91.375000000000014 38049.300800000005 604.95001200000013 90.064998650000021 85.139999400000008 614.0499880000001 600.0499880000001 89.465000150000023 614.95001200000013 668.75000000000011 1.0000000180025095e-35 250.67000045 89.74499895000001 86.610000600000021 1.0000000180025095e-35 1.0000000180025095e-35 87.625000000000014 270.77500000000003 90.625000000000014 243.87999955000001
decision_type=2 2 2 2 2 2 2 2 2 2 2 2 2 2 2 2 2 2 2 2 2 2 2 2 2 2 2 2 2 2
left_child=7 2 3 4 5 -2 -3 8 10 24 11 12 13 -1 15 -14 -7 18 -18 -11 21 -21 -22 -15 25 26 27 -9 -27 -28
right_child=1 6 -4 -5 -6 16 -8 9 -10 19 -12 -13 14 23 -16 -17 17 -19 -20 20 22 -23 -24 -25 -26 28 29 -29 -30 -31
leaf_value=-0.05100116944663375 -0.10666033547196668 -0.90890384765548837 0.42692813072248564 -0.50074467535459377 0.39893722649225416 0.71691574188678164 0.24218549597121419 -1.0760709910604966 0.98017943721441991 0.083333406772249319 0.22533500877650042 0.58298068436629635 -0.44079244946844354 0.37638264606251332 -0.14554739335954592 -2.1357071474194527 -0.10111488273549007 0.12843199850068271 -1.9532359300388231 -0.36742332908889852 -1.2470573379712946 0.083745812417410609 -0.29979567713871402 1.510190002185603 0.07450451998797368 1.2324576533359031 -0.75095144076366649 0.66748517202213409 -0.093787043392523264 -0.18961775780214818
leaf_weight=587 1219 81 532 204 391 92 42 163 63 1162 624 85 43 137 1110 22 41 1727 27 272 51 591 227 30 198 23 139 20 138 465
leaf_count=587 1219 81 532 204 391 92 42 163 63 1162 624 85 43 137 1110 22 41 1727 27 272 51 591 227 30 198 23 139 20 138 465
internal_value=0 0.0730866 0.0901995 0.0417965 0.073446 0.0324714 -0.515849 -0.0517667 0.0338204 -0.118792 0.0112197 -0.0551199 -0.0832373 0.0887698 -0.193615 -1.01446 0.12235 0.0918769 -0.836516 -0.0370237 -0.159596 -0.0584535 -0.473574 0.580061 -0.283114 -0.357806 -0.450577 -0.885518 0.0956765 -0.318799
internal_weight=0 4356 4233 3701 3497 3106 123 6150 2701 3449 2638 2014 1929 754 1175 65 1887 1795 68 2303 1141 863 278 167 1146 948 787 183 161 604
internal_count=10506 4356 4233 3701 3497 3106 123 6150 2701 3449 2638 2014 1929 754 1175 65 1887 1795 68 2303 1141 863 278 167 1146 948 787 183 161 604
is_linear=0
shrinkage=0.5


Tree=14
num_leaves=31
num_cat=0
split_feature=40 24 30 31 12 39 5 18 16 10 16 18 36 18 15 30 18 18 5 18 30 30 5 12 18 5 12 16 15 5
split_gain=175.126 175.372 245.683 121.297 188.768 115.55 141.832 133.058 226.301 209.333 171.827 124.456 123.123 122.316 119.864 107.57 155.51 147.712 138.956 103.925 127.667 105.317 102.024 149.147 101.806 205.752 100.933 95.3291 95.183 103.485
threshold=1.0000000180025095e-35 2792.0000000000005 95.220001200000013 142118.45300000001 368.05999985 1.0000000180025095e-35 84.404998800000016 622.95001200000013 242.45000020000001 0.72050002250000011 239.17000045 584.0499880000001 49.739999750000003 593.0499880000001 35020.050800000005 92.215000150000023 667.95001200000013 638.75000000000011 87.360000600000021 652.75000000000011 92.74499895000001 93.465000150000023 87.875000000000014 361.96500240000006 576.5499880000001 85.110000600000021 377.83999850000004 229.67000045 36976.750000000007 87.125000000000014
decision_type=2 2 2 2 2 2 2 2 2 2 2 2 2 2 2 2 2 2 2 2 2 2 2 2 2 2 2 2 2 2
left_child=1 5 -3 4 -2 6 13 10 28 19 24 -8 -13 27 -15 17 -17 18 -5 20 26 -21 -19 -24 -7 -26 -10 -1 29 -9
right_child=3 2 -4 15 -6 7 11 8 9 -11 -12 12 -14 14 -16 16 -18 22 -20 21 -22 -23 23 -25 25 -27 -28 -29 -30 -31
leaf_value=0.57077239683041203 0.79164847873828625 -0.17462998374299746 0.81172803823764506 0.040121793062674979 0.15875303022816634 0.84711445022063947 1.3157673861299242 -1.9385332238106501 0.015724094483353521 0.87686776918969278 0.24679252115074057 0.050846170887238827 0.30420438905029784 -0.2245391458272934 -1.9138914126725424 0.87446397636085749 0.080463511180075664 -0.79216512896511271 1.2496984760309089 -0.36008187397308794 0.52728704422036499 0.0037029499618449445 0.8842565573751926 -0.32444009320995615 -0.95056753587159148 -0.046619983788147787 -0.61439143014473041 -0.29997279300112967 -0.35880988190911012 -0.64013346761726497
leaf_weight=39 165 2196 65 131 412 24 21 21 690 58 663 2768 580 21 21 76 327 87 29 501 113 330 30 171 77 345 70 162 256 57
leaf_count=39 165 2196 65 131 412 24 21 21 690 58 663 2768 580 21 21 76 327 87 29 501 113 330 30 171 77 345 70 162 256 57
internal_value=0 -0.0256033 -0.146274 0.162764 0.339737 0.0144197 0.075739 -0.0546866 -0.128792 -0.0572617 0.0853711 0.102348 0.0947374 -0.293179 -1.06922 0.042771 0.230201 -0.125832 0.259358 -0.0890572 0.0314154 -0.215619 -0.339826 -0.144038 -0.154589 -0.211558 -0.0423129 -0.131022 -0.506144 -0.989703
internal_weight=0 9078 2261 1428 577 6817 3612 3205 2096 1762 1109 3369 3348 243 42 851 403 448 160 1704 873 831 288 201 446 422 760 201 334 78
internal_count=10506 9078 2261 1428 577 6817 3612 3205 2096 1762 1109 3369 3348 243 42 851 403 448 160 1704 873 831 288 201 446 422 760 201 334 78
is_linear=0
shrinkage=0.5


Tree=15
num_leaves=31
num_cat=0
split_feature=24 36 7 31 15 10 31 5 18 24 30 18 5 5 12 38 10 24 18 5 18 18 16 18 38 7 17 30 18 32
split_gain=124.176 150.667 154.114 223.378 161.58 143.46 135.13 130.912 145.044 131.724 123.095 122.583 118.445 112.038 117.878 116.943 106.823 104.683 99.0779 177.29 183.078 96.2446 91.5231 91.2388 91.1715 88.2443 124.951 101.596 84.4075 122.088
threshold=2556.0000000000005 47.824998850000007 1.0000000180025095e-35 134823.70300000004 36000.750000000007 0.29950000350000006 144336.55450000003 86.110000600000021 594.20001200000013 2304.3499750000005 89.99499895000001 608.0499880000001 90.670002000000025 84.404998800000016 371.08999865000004 0.75990000350000009 0.56949999950000019 2399.6500250000004 689.20001200000013 89.810001400000019 667.95001200000013 664.75000000000011 232.77500000000001 652.75000000000011 0.76344999700000005 1.0000000180025095e-35 1.0000000180025095e-35 92.255001050000018 623.95001200000013 -54.320001599999991
decision_type=2 2 2 2 2 2 2 2 2 2 2 2 2 2 2 2 2 2 2 2 2 2 2 2 2 2 2 2 2 2
left_child=7 2 6 12 -5 -3 -2 8 10 -9 -1 -11 -4 15 22 -10 23 -16 19 20 25 -21 -15 -8 -13 26 27 28 -7 -30
right_child=1 5 3 4 -6 18 16 9 13 11 -12 24 -14 14 17 -17 -18 -19 -20 21 -22 -23 -24 -25 -26 -27 -28 -29 29 -31
leaf_value=0.050362399811176267 -0.14644700303679944 -0.091765876513191735 -0.41697462946738129 -0.028736939263003677 0.76985514078269457 0.37417085678056988 -0.36466310130914048 0.74500711171644518 -0.061764728925798248 0.60876991722460205 0.98790849431564931 0.40075431796528982 0.54637396664015558 -0.68682274222373962 -0.2450455977814272 -1.5304582190671654 0.32582806754443383 -1.1493885257902245 -0.16092465452175253 0.83699775714600499 -0.37332598967202607 0.26614309665550734 0.11869867896986386 -0.88987319842646162 0.057660828479133168 -0.086218082755867856 -0.24795227045931759 0.47925781918839166 -0.67715711227976028 0.10453941770437714
leaf_weight=445 1089 2165 199 115 141 269 202 89 23 123 38 217 38 41 96 33 36 48 390 86 237 522 252 140 1798 511 169 274 54 666
leaf_count=445 1089 2165 199 115 141 269 202 89 23 123 38 217 38 41 96 33 36 48 390 86 237 522 252 140 1798 511 169 274 54 666
internal_value=0 -0.0359997 -0.154575 0.0872801 0.411113 0.00749775 -0.235852 0.082081 -0.0706113 0.149 0.124124 0.124189 -0.262514 -0.261396 -0.17607 -0.927245 -0.493424 -0.546493 0.0751207 0.10814 0.0415531 0.346889 0.00598066 -0.579661 0.0946094 0.0921585 0.155811 0.209838 0.135196 0.0459122
internal_weight=0 7303 1960 493 256 5343 1467 3203 976 2227 483 2138 237 493 437 56 378 144 3178 2788 2180 608 293 342 2015 1943 1432 1263 989 720
internal_count=10506 7303 1960 493 256 5343 1467 3203 976 2227 483 2138 237 493 437 56 378 144 3178 2788 2180 608 293 342 2015 1943 1432 1263 989 720
is_linear=0
shrinkage=0.5


Tree=16
num_leaves=31
num_cat=0
split_feature=15 18 16 18 5 5 18 5 40 30 12 24 31 18 41 38 18 30 30 36 31 30 18 10 18 5 18 30 30 18
split_gain=98.1823 120.119 133.594 134.165 187.485 177.649 135.417 140.886 132.925 181.57 128.116 107.772 181.824 159.998 129.047 101.883 101.78 229.532 97.7111 102.073 111.67 177.599 206.638 137.908 134.225 141.294 122.445 118.116 97.3113 95.0993
threshold=34998.050800000005 723.50000000000011 258.22499980000003 649.95001200000013 89.204998000000018 88.755001050000018 697.20001200000013 90.875000000000014 1.0000000180025095e-35 93.875000000000014 368.87000120000005 2655.6500250000004 123598.1015 669.95001200000013 1.0000000180025095e-35 0.76875001200000015 566.2999880000001 88.279998800000016 92.845001200000013 48.670000050000006 117695.6015 90.534999850000005 616.0499880000001 0.13950000000000004 632.0499880000001 87.24499895000001 602.0499880000001 90.465000150000023 91.755001050000018 680.95001200000013
decision_type=2 2 2 2 2 2 2 2 2 2 2 2 2 2 2 2 2 2 2 2 2 2 2 2 2 2 2 2 2 2
left_child=-1 2 3 5 11 16 8 -8 10 29 -6 12 13 -5 28 -4 -2 -18 19 -19 21 22 -21 27 -23 -26 -25 -22 -14 -10
right_child=1 -3 15 4 6 -7 7 -9 9 -11 -12 -13 14 -15 -16 -17 17 18 -20 20 23 24 -24 26 25 -27 -28 -29 -30 -31
leaf_value=-0.11694068020033946 0.9123478326946497 -0.96254467750869455 1.3604925141629318 -0.24286938231188679 0.23323875038933597 0.37257189541617103 -1.1836524542602824 -0.16621921298094094 0.494385708180198 1.4542399579376886 -0.062646883234722298 -0.41023394043243511 -0.12425104957329083 -1.4235193825537158 -0.2708305805490529 0.26607603534514496 -0.9839713717048818 -0.016613543925817348 0.82185890600085254 0.022838018623363113 0.38787075466123122 0.50295724239133832 -0.86790626836294427 1.3949581879106434 -1.2012318408359652 0.090126185311324228 0.18611126862887345 1.855509920189014 0.56413925342084137 -0.051617935367965335
leaf_weight=1533 33 31 23 386 475 436 41 200 160 33 1592 457 73 31 121 282 55 2850 40 194 29 224 98 22 23 268 438 26 173 159
leaf_count=1533 33 31 23 386 475 436 41 200 160 33 1592 457 73 31 121 282 55 2850 40 194 29 224 98 22 23 268 438 26 173 159
internal_value=0 0.0199788 0.023385 0.0119004 -0.0567631 0.068458 0.0181073 -0.33931 0.053716 0.33774 0.00534812 -0.217243 -0.104747 -0.33064 0.151922 0.348606 0.0376223 0.0308574 0.0441089 0.0366521 0.151483 0.0353949 -0.27611 0.333393 0.212015 -0.0119399 0.243926 1.08166 0.359861 0.22224
internal_weight=0 8973 8942 8637 3901 4736 2660 241 2419 352 2067 1241 784 417 367 305 4300 4267 4212 4172 1322 807 292 515 515 291 460 55 246 319
internal_count=10506 8973 8942 8637 3901 4736 2660 241 2419 352 2067 1241 784 417 367 305 4300 4267 4212 4172 1322 807 292 515 515 291 460 55 246 319
is_linear=0
shrinkage=0.5


Tree=17
num_leaves=31
num_cat=0
split_feature=1 10 5 10 12 30 18 17 18 31 15 16 18 18 5 30 41 31 12 32 36 12 18 5 40 36 24 38 30 18
split_gain=98.6391 135.766 168.632 124.551 112.12 97.5592 134.149 94.1718 88.9853 93.087 129.359 151.487 196.94 111.378 116.651 106.764 83.783 216.153 84.2097 83.5472 105.822 83.1431 83.0397 96.6309 175.054 81.2587 97.922 97.547 95.0268 80.8677
threshold=1.0000000180025095e-35 0.13049999600000003 82.24499895000001 0.35950000550000005 358.71499865000004 94.49499895000001 699.0499880000001 1.0000000180025095e-35 674.95001200000013 123598.1015 34975.650400000006 247.77500000000001 633.95001200000013 582.50000000000011 83.775001550000013 91.125000000000014 1.0000000180025095e-35 127681.8515 361.96500240000006 1.6250000000000002 49.389999350000004 374.435 667.95001200000013 87.93999860000001 1.0000000180025095e-35 48.895000450000005 2385.9000250000004 0.76609998950000013 90.465000150000023 607.95001200000013
decision_type=2 2 2 2 2 2 2 2 2 2 2 2 2 2 2 2 2 2 2 2 2 2 2 2 2 2 2 2 2 2
left_child=1 -1 -3 7 -5 8 -7 -4 9 13 -11 12 15 -2 -15 29 18 25 -6 -16 -21 -19 23 24 -14 26 -18 -28 -29 -12
right_child=5 2 3 4 16 6 -8 -9 -10 10 11 -13 22 14 19 -17 17 21 -20 20 -22 -23 -24 -25 -26 -27 27 28 -30 -31
leaf_value=0.16195377122607332 0.45440193876680551 -1.5276637114584446 -0.17540102576183617 -0.38368182114668581 0.4910135391813058 0.83945070937849009 0.03870026345508612 0.10618486484803896 -0.12676577420877203 -0.20168722938380648 0.8839664771309439 0.57329514989301134 -0.66362011263629905 -0.96513905911706388 -0.079082633635699062 1.0847364563238004 0.77076577686034797 -0.69319397708297603 -0.10302448376083809 0.045734889529908458 0.53610362432897096 0.15199441354461882 -0.43157769473267155 0.20284432931896923 0.18902869482168599 0.49586008894770717 -0.55525910961269231 0.86288909146258996 0.075627667111115099 0.19074633963150428
leaf_weight=670 132 20 2392 152 65 91 123 339 731 214 53 244 108 32 1527 58 57 90 726 918 125 43 96 447 136 263 54 43 353 204
leaf_count=670 132 20 2392 152 65 91 123 339 731 214 53 244 108 32 1527 58 57 90 726 918 125 43 96 447 136 263 54 43 353 204
internal_value=0 -0.048319 -0.0789657 -0.0726354 0.0276871 0.0485773 0.379206 -0.140448 0.0344968 0.0619497 0.159408 0.216819 0.137889 0.00634053 -0.0163897 0.471991 0.0645986 0.168671 -0.0542097 -0.0045765 0.104504 -0.419938 0.00416377 0.0647009 -0.188373 0.27034 0.153354 0.0751485 0.161113 0.333706
internal_weight=0 5267 4597 4577 1846 5239 214 2731 5025 4294 1560 1346 1102 2734 2602 315 1694 903 791 2570 1043 133 787 691 244 770 507 450 396 257
internal_count=10506 5267 4597 4577 1846 5239 214 2731 5025 4294 1560 1346 1102 2734 2602 315 1694 903 791 2570 1043 133 787 691 244 770 507 450 396 257
is_linear=0
shrinkage=0.5


Tree=18
num_leaves=31
num_cat=0
split_feature=16 15 30 15 16 18 18 30 31 15 15 40 16 18 30 38 5 18 16 5 18 25 10 30 16 16 30 18 25 18
split_gain=91.9785 80.6906 94.2566 81.5655 78.0876 146.238 108.092 127.615 100.653 87.7135 86.568 70.6744 92.6688 82.5112 122.686 98.1195 95.1508 88.5956 96.9209 87.1841 89.7535 116.1 223.806 77.4884 74.9164 74.4957 89.0055 133.459 237.075 74.237
threshold=321.02500000000003 37965.900400000006 95.314998650000021 37997.849600000009 238.67000045 570.95001200000013 626.0499880000001 91.875000000000014 152136.25000000003 33040.69920000001 37005.050800000005 1.0000000180025095e-35 240.87999955000001 687.20001200000013 94.125000000000014 0.7651000025000001 87.170002000000025 665.95001200000013 255.20000020000001 89.810001400000019 646.95001200000013 1.0000000180025095e-35 0.57049998650000011 90.904998800000016 247.17000045 240.87999955000001 91.99499895000001 651.0499880000001 1.0000000180025095e-35 654.75000000000011
decision_type=2 2 2 2 2 2 2 2 2 2 2 2 2 2 2 2 2 2 2 2 2 2 2 2 2 2 2 2 2 2
left_child=1 2 4 -3 5 -1 7 8 -6 -7 -11 13 -13 14 16 -15 -8 18 19 20 21 23 -23 -18 -19 -22 27 -27 -29 -21
right_child=-2 3 -4 -5 6 9 11 -9 -10 10 -12 12 -14 15 -16 -17 17 24 -20 29 25 22 -24 -25 -26 26 -28 28 -30 -31
leaf_value=0.87210986595600848 -1.0712343890219926 0.25941423832305838 0.70208363392286832 0.032016306905869735 0.046436911287468352 -1.1107195727527142 -0.328139344078613 0.65285379186674364 0.66909648938898869 -0.10638709735914703 -0.58934132107487414 -0.47244415299571824 0.14448850518502865 0.49604475146366489 0.32368461608027693 -0.37314678809332613 0.60524926710730564 -0.58650374058268817 0.42696005161997164 0.98103578490289778 -1.1005497261881829 -0.007553623810123939 1.7073909950753052 -0.017367077065946306 -0.12771212287501724 -0.31636754533445294 -0.19929152883285048 0.7360543191084653 -0.83158105661471682 0.16381383342245084
leaf_weight=35 20 532 45 1524 1425 24 307 102 68 1141 101 66 783 36 219 331 52 102 128 33 20 52 30 1282 697 99 923 123 30 176
leaf_count=35 20 532 45 1524 1425 24 307 102 68 1141 101 66 783 36 219 331 52 102 128 33 20 52 30 1282 697 99 923 123 30 176
internal_value=0 0.00204317 -0.0196176 0.0908566 -0.0234908 -0.136083 -0.00281278 0.111763 0.0747965 -0.163956 -0.145661 -0.0361064 0.0965291 -0.0603752 -0.0408348 -0.287885 -0.0605264 -0.0386003 0.00142585 -0.0178892 -0.0427625 0.0423992 0.619865 0.00690283 -0.186281 -0.143674 -0.127387 0.13598 0.428675 0.292849
internal_weight=0 10486 8430 2056 8385 1301 7084 1595 1493 1266 1242 5489 849 4640 4273 367 4054 3747 2948 2820 2611 1416 82 1334 799 1195 1175 252 153 209
internal_count=10506 10486 8430 2056 8385 1301 7084 1595 1493 1266 1242 5489 849 4640 4273 367 4054 3747 2948 2820 2611 1416 82 1334 799 1195 1175 252 153 209
is_linear=0
shrinkage=0.5


Tree=19
num_leaves=31
num_cat=0
split_feature=36 5 18 15 16 18 5 30 31 36 16 18 18 5 5 38 5 32 16 24 32 12 18 24 12 16 9 15 16 5
split_gain=78.3158 133.364 91.705 111.921 83.4551 82.9852 130.593 108.159 80.3809 80.1381 77.6137 77.1679 74.2282 174.345 73.3372 69.5631 88.4221 86.1386 68.7244 57.7937 56.4249 54.6069 53.6546 53.5026 51.7697 149.014 121.94 103.146 74.561 68.8791
threshold=48.395000450000005 80.125000000000014 593.0499880000001 35987.150400000006 238.12999955000001 643.95001200000013 88.045002000000011 92.005001050000018 157569.35150000002 50.699998850000007 234.72500075000002 624.95001200000013 614.95001200000013 85.344997400000011 85.235000600000021 0.77924999550000007 85.139999400000008 -1.0000000180025095e-35 263.27500000000003 2832.3499750000005 -12.529999749999998 370.08999865000004 617.0499880000001 2975.6500250000004 368.43499985 240.42000045 1.0000000180025095e-35 36009.94920000001 242.17000045 88.729999550000016
decision_type=2 2 2 2 2 2 2 2 2 2 2 2 2 2 2 2 2 2 2 2 2 2 2 2 2 2 2 2 2 2
left_child=15 -2 10 4 8 7 9 12 -4 -7 -3 -10 20 -14 -5 19 17 -17 -8 24 -6 -9 -16 -15 26 27 -1 -26 -28 -29
right_child=1 2 3 14 5 6 18 21 11 -11 -12 -13 13 23 22 16 -18 -19 -20 -21 -22 -23 -24 -25 25 -27 28 29 -30 -31
leaf_value=0.16070952441701716 -1.1250299685634673 -0.00051243467256426815 -0.51876436160381689 -0.81262423004955053 -0.057964334600708552 -0.9551414146964603 -0.063289373771545296 1.0166679922956974 0.67872381707032525 -0.076712383312128846 0.80588483395105281 -0.34847687543710559 -1.4768876887503124 -0.051455649988431683 0.41020611935565549 -0.25098472042009234 -0.098532890348235411 -1.5737436506897211 0.83290098218077968 -0.18886815382906763 0.53951864141338279 0.31333091589255951 0.10577907392766388 0.59970441701657629 -1.076698656193912 0.02149143347298435 -0.1580196490540402 -0.34478650316182108 -1.086760769956387 0.34585984181179558
leaf_weight=1082 24 50 163 21 63 68 774 40 33 42 74 41 21 437 155 32 1829 20 22 373 106 89 2186 34 42 2263 128 225 26 43
leaf_count=1082 24 50 163 21 63 68 774 40 33 42 74 41 21 437 155 32 1829 20 22 373 106 89 2186 34 42 2263 128 225 26 43
internal_value=0 0.0504291 0.0568132 0.0445745 -0.0446469 -0.0058102 -0.109088 0.112632 -0.322566 -0.619741 0.480725 0.109599 0.0309023 -0.0672984 0.117591 -0.0369548 -0.116812 -0.759738 -0.0385203 -0.00103626 0.316788 0.53142 0.125935 -0.00445046 0.0173574 -0.0230436 0.101461 -0.348149 -0.31482 -0.233974
internal_weight=0 4443 4419 4295 1933 1696 906 790 237 110 124 74 661 492 2362 6063 1881 52 796 4182 169 129 2341 471 3809 2573 1236 310 154 268
internal_count=10506 4443 4419 4295 1933 1696 906 790 237 110 124 74 661 492 2362 6063 1881 52 796 4182 169 129 2341 471 3809 2573 1236 310 154 268
is_linear=0
shrinkage=0.5


end of trees

feature_importances:
Column_18=167
Column_5=100
Column_30=97
Column_16=32
Column_10=24
Column_15=24
Column_12=22
Column_36=21
Column_40=17
Column_31=16
Column_38=13
Column_24=12
Column_25=9
Column_7=8
Column_1=6
Column_17=6
Column_41=6
Column_28=4
Column_32=4
Column_39=4
Column_2=3
Column_11=3
Column_9=1
Column_33=1

parameters:
[boosting: gbdt]
[objective: regression]
[metric: rmse,l2]
[tree_learner: serial]
[device_type: cpu]
[data: ]
[valid: ]
[num_iterations: 20]
[learning_rate: 0.5]
[num_leaves: 31]
[num_threads: -1]
[deterministic: 0]
[force_col_wise: 0]
[force_row_wise: 0]
[histogram_pool_size: -1]
[max_depth: 20]
[min_data_in_leaf: 20]
[min_sum_hessian_in_leaf: 0.001]
[bagging_fraction: 1]
[pos_bagging_fraction: 1]
[neg_bagging_fraction: 1]
[bagging_freq: 0]
[bagging_seed: 3]
[feature_fraction: 1]
[feature_fraction_bynode: 1]
[feature_fraction_seed: 2]
[extra_trees: 0]
[extra_seed: 6]
[early_stopping_round: 1000]
[first_metric_only: 0]
[max_delta_step: 0]
[lambda_l1: 0]
[lambda_l2: 0]
[linear_lambda: 0]
[min_gain_to_split: 0]
[drop_rate: 0.1]
[max_drop: 50]
[skip_drop: 0.5]
[xgboost_dart_mode: 0]
[uniform_drop: 0]
[drop_seed: 4]
[top_rate: 0.2]
[other_rate: 0.1]
[min_data_per_group: 100]
[max_cat_threshold: 32]
[cat_l2: 10]
[cat_smooth: 10]
[max_cat_to_onehot: 4]
[top_k: 20]
[monotone_constraints: ]
[monotone_constraints_method: basic]
[monotone_penalty: 0]
[feature_contri: ]
[forcedsplits_filename: ]
[refit_decay_rate: 0.9]
[cegb_tradeoff: 1]
[cegb_penalty_split: 0]
[cegb_penalty_feature_lazy: ]
[cegb_penalty_feature_coupled: ]
[path_smooth: 0]
[interaction_constraints: ]
[verbosity: -1]
[saved_feature_importance_type: 0]
[linear_tree: 0]
[max_bin: 255]
[max_bin_by_feature: ]
[min_data_in_bin: 3]
[bin_construct_sample_cnt: 200000]
[data_random_seed: 1]
[is_enable_sparse: 1]
[enable_bundle: 1]
[use_missing: 1]
[zero_as_missing: 0]
[feature_pre_filter: 1]
[pre_partition: 0]
[two_round: 0]
[header: 0]
[label_column: ]
[weight_column: ]
[group_column: ]
[ignore_column: ]
[categorical_feature: ]
[forcedbins_filename: ]
[precise_float_parser: 0]
[objective_seed: 5]
[num_class: 1]
[is_unbalance: 0]
[scale_pos_weight: 1]
[sigmoid: 1]
[boost_from_average: 1]
[reg_sqrt: 0]
[alpha: 0.9]
[fair_c: 1]
[poisson_max_delta_step: 0.7]
[tweedie_variance_power: 1.5]
[lambdarank_truncation_level: 30]
[lambdarank_norm: 1]
[label_gain: ]
[eval_at: ]
[multi_error_top_k: 1]
[auc_mu_weights: ]
[num_machines: 1]
[local_listen_port: 12400]
[time_out: 120]
[machine_list_filename: ]
[machines: ]
[gpu_platform_id: -1]
[gpu_device_id: -1]
[gpu_use_dp: 0]
[num_gpu: 1]

end of parameters

pandas_categorical:null
