tree
version=v3
num_class=1
num_tree_per_iteration=1
label_index=0
max_feature_idx=38
objective=regression
feature_names=Column_0 Column_1 Column_2 Column_3 Column_4 Column_5 Column_6 Column_7 Column_8 Column_9 Column_10 Column_11 Column_12 Column_13 Column_14 Column_15 Column_16 Column_17 Column_18 Column_19 Column_20 Column_21 Column_22 Column_23 Column_24 Column_25 Column_26 Column_27 Column_28 Column_29 Column_30 Column_31 Column_32 Column_33 Column_34 Column_35 Column_36 Column_37 Column_38
feature_infos=[0:154] [0:1] none [0:62.953098300000001] none [0:1] none [64.781196600000001:94.6875] [0:1] [0:58.828098300000001] [0:4.0039000500000004] [332.71769939999996:375.18399699999998] none none [17997:39005] none [224.35000079999998:274.75000001999996] [497.625:918.875] [0:1] [-39.611112833333337:223.24444222222223] [0.0410160013:3.4316399099999999] [0:102.875] [1035.75:2512.5] [0:306.39999399999999] [43.3125:72.406196600000001] [0:1] [-4:6.6875] none [75.781196600000001:89.5] [0:1] none [0:475.875] [223.16570129999997:273.93124999999998] none [64.158698999999999:87.460296600000007] none [0.555999994:0.79299998299999996] none none
tree_sizes=2674 2706 2708 2728 2713 2753 2731 2758 2754 2739 2765 2762 2782 2720 2738 2753

Tree=0
num_leaves=31
num_cat=0
split_feature=7 28 7 7 7 7 28 17 7 7 7 28 7 28 16 17 7 7 31 7 28 28 31 31 7 28 7 28 7 7
split_gain=2.43188e+07 5.67829e+06 5.43498e+06 1.47024e+06 1.04311e+06 909922 780538 723356 210036 192633 167634 167030 160298 141967 137771 114546 112936 61680.7 60280.6 54656.9 47242.1 47018.7 35437.8 34183.6 33234.3 27639.3 27003 26706.4 25883.5 25846.7
threshold=84.913997650000013 85.945301050000012 81.33589935000002 91.070301050000012 86.382801050000012 83.39839935000002 87.21089935000002 632.81250000000011 87.538997650000013 88.820301050000012 92.61714935000002 84.30464935000002 80.038997650000013 83.17964935000002 241.59999980000001 597.87500000000011 82.507801050000012 90.74214935000002 408.21850600000005 89.195301050000012 81.64839935000002 81.851497650000013 369.09350600000005 387.03100600000005 90.14839935000002 82.007801050000012 77.58589935000002 84.913997650000013 88.08589935000002 84.33589935000002
decision_type=2 2 2 2 2 2 2 2 2 2 2 2 2 2 2 2 2 2 2 2 2 2 2 2 2 2 2 2 2 2
left_child=2 3 7 4 11 16 9 15 18 28 24 23 20 -7 -11 -1 25 -16 -6 -10 -9 -14 -18 -2 -8 -4 -17 -13 -3 -15
right_child=1 6 5 -5 8 13 10 12 19 14 -12 27 21 29 17 26 22 -19 -20 -21 -22 -23 -24 -25 -26 -27 -28 -29 -30 -31
leaf_value=651.98032541005625 730.93799505772995 759.18154302429866 703.92137389321658 609.33953059937403 745.331016789155 721.23072571987927 777.31607098270229 683.10440791870997 757.01962097851651 734.04280284668846 804.15765197234236 740.88840379826797 694.28297077329512 726.59168337533856 773.09520174043257 668.17936921348894 711.0762546144947 783.577174833463 751.9747931533841 766.25362340981928 693.26511551962142 704.42486114945245 717.08922545232872 736.31259340184158 788.02651701756122 709.62999184826492 678.30487757479887 745.67177567863155 766.16896646807072 731.05259844832369
leaf_weight=101 433 293 475 20 545 1090 89 482 583 20 174 844 420 611 482 205 455 198 914 221 150 157 531 934 389 383 97 446 242 693
leaf_count=101 433 293 475 20 545 1090 89 482 583 20 174 844 420 611 482 205 455 198 914 221 150 157 531 934 389 383 97 446 242 693
internal_value=733.27 753.542 709.613 744.63 745.18 719.012 776.874 684.902 753.069 769.485 790.869 738.461 691.017 725.442 774.944 666.557 710.664 776.147 749.493 759.558 685.516 697.043 714.314 734.61 786.032 706.47 671.432 742.542 762.342 728.962
internal_weight=0 6827 5850 4940 4920 4238 1887 1612 2263 1235 652 2657 1209 2394 700 403 1844 680 1459 804 632 577 986 1367 478 858 302 1290 535 1304
internal_count=12677 6827 5850 4940 4920 4238 1887 1612 2263 1235 652 2657 1209 2394 700 403 1844 680 1459 804 632 577 986 1367 478 858 302 1290 535 1304
is_linear=0
shrinkage=1


Tree=1
num_leaves=31
num_cat=0
split_feature=28 7 28 21 28 7 7 7 36 7 28 7 7 28 28 32 7 21 7 7 31 31 7 7 7 28 31 32 28 7
split_gain=6.18281e+06 1.60171e+06 1.26257e+06 308740 284681 277555 248062 154864 80945.4 81328.9 65657.2 60814.8 48881.2 41980.4 41320.2 32879.1 33527.4 32092.6 26171.8 18335.5 16796.4 15549.3 15287.3 15129.7 14276 12066.5 9904.07 8975.09 8616.88 8569.98
threshold=84.007801050000012 81.80464935000002 85.663997650000013 101.42899700000001 86.913997650000013 78.86714935000002 83.86714935000002 85.99214935000002 0.72349998350000011 89.570301050000012 79.788997650000013 91.55464935000002 87.038997650000013 82.61714935000002 81.132801050000012 227.47035065 85.39839935000002 101.27299850000001 75.632801050000012 87.413997650000013 453.28100600000005 375.53100600000005 85.46089935000002 89.92964935000002 89.36714935000002 82.67964935000002 359.59350600000005 249.72034970000001 81.39839935000002 80.757801050000012
decision_type=2 2 2 2 2 2 2 2 2 2 2 2 2 2 2 2 2 2 2 2 2 2 2 2 2 2 2 2 2 2
left_child=1 5 3 7 8 10 13 22 -4 19 18 24 27 26 29 -8 21 -11 -1 -10 -13 -17 -2 -14 -6 -16 -3 -9 -12 -7
right_child=2 6 4 -5 11 14 15 12 9 17 28 20 23 -15 25 16 -18 -19 -20 -21 -22 -23 -24 -25 -26 -27 -28 -29 -30 -31
leaf_value=-42.679220026189633 0.87987736072644351 -14.165092527002528 -13.253857239432957 -56.261585402488706 19.176012908711154 -22.870816443432336 -18.501865440799342 5.9059818945268061 11.00108501151394 21.25916314753983 -28.689763866364956 30.157020296369279 11.025283592107368 -6.9691848057961518 -16.977982613018582 -6.0867171897129575 1.4621523491468607 39.702764587402342 -32.947147428619196 15.598621533022458 37.728088999551439 -2.4021576584955366 4.054696744282607 20.740511122204008 25.707896488969045 -11.375108792864044 -10.785362066136729 8.6757168072094846 -23.583643498967906 -18.113523601500457
leaf_weight=121 920 276 23 20 102 435 31 953 314 417 256 175 874 842 560 352 515 25 161 701 126 1535 645 42 465 116 1010 422 122 121
leaf_count=121 920 276 23 20 102 435 31 953 314 417 256 175 874 842 560 352 515 25 161 701 126 1535 645 42 465 116 1010 422 122 121
internal_value=0 -10.8445 11.2435 5.7008 20.3932 -23.0752 -5.77093 6.02218 16.1769 16.6415 -31.3492 27.5822 8.6411 -9.71374 -18.6426 -2.32239 -2.11358 22.3024 -37.123 14.1763 33.3263 -3.08947 2.18835 11.4707 24.5328 -16.0165 -11.5107 6.75604 -27.0418 -21.8355
internal_weight=0 6453 6224 3876 2348 1892 4561 3856 1480 1457 660 868 2291 2128 1232 2433 2402 442 282 1015 301 1887 1565 916 567 676 1286 1375 378 556
internal_count=12677 6453 6224 3876 2348 1892 4561 3856 1480 1457 660 868 2291 2128 1232 2433 2402 442 282 1015 301 1887 1565 916 567 676 1286 1375 378 556
is_linear=0
shrinkage=0.5


Tree=2
num_leaves=31
num_cat=0
split_feature=31 7 7 23 11 21 26 28 7 7 7 31 28 7 7 28 31 14 26 7 7 7 7 31 31 5 0 31 32 7
split_gain=1.5956e+06 396716 349449 182296 701002 182775 108643 80528.7 61382.9 60401.7 56402.3 19816.5 16988.7 15412.6 15087.4 13096.3 9548.64 8802.7 7606.33 7212.47 6883.74 6075.55 5494.16 5282.96 4468.27 4368.72 4283.52 4249.62 3422.93 3233.61
threshold=394.34350600000005 82.070301050000012 88.226497650000013 238.65000150000003 350.38194885000001 101.42899700000001 -3.2812499999999996 80.17964935000002 91.070301050000012 84.24214935000002 85.757801050000012 414.84350600000005 78.468700400000003 82.99214935000002 76.788997650000013 86.42964935000002 349.03100600000005 31996.500000000004 -1.7812499999999998 85.757801050000012 91.99214935000002 86.96089935000002 76.788997650000013 449.90600600000005 404.96850600000005 1.0000000180025095e-35 133.96849800000004 402.40600600000005 241.62659970000001 90.413997650000013
decision_type=2 2 2 2 2 2 2 2 2 2 2 2 2 2 2 2 2 2 2 2 2 2 2 2 2 2 2 2 2 2
left_child=1 7 10 4 -4 8 -3 12 15 13 17 27 -1 -8 -9 24 -16 25 -15 28 -10 -13 -14 -17 -5 -2 -22 -12 -11 -6
right_child=2 6 3 5 29 -7 9 14 20 19 11 21 22 18 16 23 -18 -19 -20 -21 26 -23 -24 -25 -26 -27 -28 -29 -30 -31
leaf_value=-25.828714482924518 -7.8340029205594748 -39.693289802223447 -88.466423890807405 4.2945355318370275 11.327867184915851 49.530747503042221 -6.0639303632254595 -15.121615742434974 14.67711056409961 -1.5778503748276862 2.0379648868494056 4.4837605313959914 -18.772975582546657 -5.0953838888635028 -11.458254965751067 10.68122657263366 -8.5038828170075664 1.1647773793320648 -2.6570232906534645 1.3292549354289434 19.556020189319138 6.7822002949817346 -14.885152194139769 14.307221098643977 8.6687771529183344 -1.2668241429661031 13.478754043579102 3.7633718251866104 0.13247264546211154 18.4394436749545
leaf_weight=51 28 20 22 64 31 32 899 119 274 1104 509 469 135 470 368 548 1065 1191 1001 374 169 743 278 123 665 265 35 1194 398 33
leaf_count=51 28 20 22 64 31 32 899 119 274 1104 509 469 135 470 368 548 1065 1191 1001 374 169 743 278 123 665 265 35 1194 398 33
internal_value=0 -5.65972 5.55971 11.0468 -11.472 12.0607 -2.92825 -11.4397 11.4222 -2.75508 3.07002 4.34746 -17.2192 -4.4329 -9.71182 9.75192 -9.26258 0.560775 -3.43611 -0.635438 16.3143 5.89279 -16.156 11.3459 8.28476 -1.8944 18.5134 3.24767 -1.12465 14.9948
internal_weight=0 6282 6395 1996 86 1910 4266 2016 1878 4246 4399 2915 464 2370 1552 1400 1433 1484 1471 1876 478 1212 413 671 729 293 204 1703 1502 64
internal_count=12677 6282 6395 1996 86 1910 4266 2016 1878 4246 4399 2915 464 2370 1552 1400 1433 1484 1471 1876 478 1212 413 671 729 293 204 1703 1502 64
is_linear=0
shrinkage=0.5


Tree=3
num_leaves=31
num_cat=0
split_feature=21 7 7 7 11 14 31 28 7 31 36 0 26 26 21 17 28 5 32 7 26 31 19 22 24 14 0 7 26 26
split_gain=699258 452967 137728 84793.3 66195.7 85137.2 22734.8 13620.1 13050 12450 9506.9 6761.04 6453.83 6234.91 8642.01 6148.35 5687.9 4245.82 3802.05 3504.11 3290.46 2786.98 2779.88 2767.34 2701.43 2632.59 2616.56 2274.98 2643.58 2210.16
threshold=101.71049850000001 84.61714935000002 88.507801050000012 80.757801050000012 350.20125045000003 36003.500000000007 404.34350600000005 82.83589935000002 73.820247650000013 447.53100600000005 0.72349998350000011 114.21849800000001 -3.2812499999999996 -3.5937499999999996 101.13249950000001 791.56250000000011 80.351497650000013 1.0000000180025095e-35 232.04850045000001 90.288997650000013 -2.6562499999999996 378.34350600000005 -33.972222027777768 2157.6850600000002 68.812446600000015 35005.500000000007 109.59349800000001 85.89839935000002 -1.4687499999999998 -2.9687499999999996
decision_type=2 2 2 2 2 2 2 2 2 2 2 2 2 2 2 2 2 2 2 2 2 2 2 2 2 2 2 2 2 2
left_child=1 3 6 8 5 -4 12 11 -1 10 -6 18 -3 23 19 25 -10 -9 -5 20 -15 -18 -14 -12 -11 -8 -19 28 -24 -21
right_child=-2 2 4 7 9 -7 15 17 16 24 13 -13 22 14 -16 -17 21 26 -20 29 -22 -23 27 -25 -26 -27 -28 -29 -30 -31
leaf_value=-12.231810383277365 -89.063573512164027 9.3810164228081696 3.2290815666697368 -3.5948898018645026 14.682567014144016 42.245084825260889 1.4973403695869361 -6.2542629333642816 -7.693314288990007 6.5100151892126039 2.9947459044912175 -4.0023645402859653 -1.1615505886616324 3.775356992635611 14.738575438347956 3.4434372042090184 -5.8634700245976479 0.26647181515043011 -1.7519307525947214 5.5553723445687542 6.0665540240934765 -3.0820524285619078 -0.088007930164501341 -2.667531374962099 9.2117341075550048 2.8058072566487162 -1.2960781887930397 1.2580941901703675 1.5711757436598817 8.0295722747412253
leaf_weight=101 22 20 27 388 26 29 1226 39 471 137 71 938 268 506 24 1026 672 337 1004 312 227 104 1350 31 285 560 1307 750 292 127
leaf_count=101 22 20 27 388 26 29 1226 39 471 137 71 938 268 506 24 1026 672 337 1004 312 227 104 1350 31 285 560 1307 750 292 127
internal_value=0 0.154832 2.71939 -3.33442 6.51242 23.4338 1.47484 -2.18192 -6.76539 5.9697 5.21592 -2.9648 0.432787 5.02629 5.34632 2.46798 -6.32264 -1.09809 -2.26563 5.15398 4.48491 -5.4907 0.365507 1.27386 8.33464 1.90761 -0.975774 0.536598 0.207048 6.27114
internal_weight=0 12655 7294 5361 1802 56 5492 4013 1348 1746 1324 2330 2680 1298 1196 2812 1247 1683 1392 1172 733 776 2660 102 422 1786 1644 2392 1642 439
internal_count=12677 12655 7294 5361 1802 56 5492 4013 1348 1746 1324 2330 2680 1298 1196 2812 1247 1683 1392 1172 733 776 2660 102 422 1786 1644 2392 1642 439
is_linear=0
shrinkage=0.5


Tree=4
num_leaves=31
num_cat=0
split_feature=21 7 7 32 17 7 7 26 7 19 16 31 21 26 26 23 20 7 17 11 0 0 28 7 7 0 22 11 17 28
split_gain=174814 117888 30009.4 61704.6 28309.6 8648.85 6852.38 4373.58 4207.37 4140.65 5578.52 10614.9 7997.82 3999.79 3929.38 2978.77 4430.46 2716.5 3471.68 2041.9 1884.52 1822.59 1794.37 2346.98 1645.25 1598.06 1504.35 1504.24 1725.83 1721.06
threshold=101.71049850000001 85.226497650000013 89.64839935000002 237.37660065000003 693.43750000000011 78.195301050000012 86.788997650000013 -1.9062499999999998 83.695301050000012 -27.305555361111107 241.49999940000001 415.84350600000005 101.27299850000001 -1.3437499999999998 -2.4062499999999996 238.05000300000003 1.4462800050000002 72.812450400000003 597.87500000000011 349.29770125000005 114.90599800000001 118.28099800000001 86.913997650000013 93.070301050000012 87.77339935000002 116.65599800000001 1628.3100000000002 346.85815275000004 632.81250000000011 82.67964935000002
decision_type=2 2 2 2 2 2 2 2 2 2 2 2 2 2 2 2 2 2 2 2 2 2 2 2 2 2 2 2 2 2
left_child=1 4 6 -4 5 17 7 20 26 10 11 -5 -12 25 15 16 -8 -1 -19 -7 -3 -9 -11 -24 -16 -10 -6 -20 -29 -30
right_child=-2 2 3 9 8 19 14 21 13 22 12 -13 -14 -15 24 -17 -18 18 27 -21 -22 -23 23 -25 -26 -27 -28 28 29 -31
leaf_value=-8.2041957372543859 -44.531788739291102 0.61822774024865434 31.369075478613375 2.0360078005454478 -0.4179785573106094 -2.8211359447390412 1.4218615020314853 1.6594949483528054 -0.46057417950110641 7.0593927327324364 2.3210888688528488 15.979211049420494 -6.1014486059546469 0.62593730963446759 2.012763412049277 0.87833173444038382 9.1023276440267047 -0.70644225252040649 -5.9759405371121002 -1.6515041828301513 -0.4906883253684523 0.32274190727659802 3.4780962829475239 5.889536574130922 3.364039588286698 -1.6048029950101868 -1.5376622932572779 -2.5296554914138349 -6.1981219737505429 -1.2102110210273946
leaf_weight=51 22 684 20 39 383 961 57 857 1365 51 466 21 30 811 724 1086 28 57 175 610 871 363 491 127 327 393 1384 104 98 21
leaf_count=51 22 684 20 39 383 961 57 857 1365 51 466 21 30 811 724 1086 28 57 175 610 871 363 491 127 327 393 1384 104 98 21
internal_value=0 0.077416 1.62425 3.82063 -1.42817 -2.94603 1.07702 0.553089 -0.701095 3.37085 2.3625 6.91613 1.81166 -0.292618 1.73135 1.10143 3.9519 -4.74384 -4.35598 -2.36698 -0.00290788 1.26176 4.20889 3.97365 2.43319 -0.716366 -1.29497 -4.87865 -4.01755 -5.3179
internal_weight=0 12655 6242 1245 6413 2077 4997 2775 4336 1225 556 60 496 2569 2222 1171 85 506 455 1571 1555 1220 669 618 1051 1758 1767 398 223 119
internal_count=12677 12655 6242 1245 6413 2077 4997 2775 4336 1225 556 60 496 2569 2222 1171 85 506 455 1571 1555 1220 669 618 1051 1758 1767 398 223 119
is_linear=0
shrinkage=0.5


Tree=5
num_leaves=31
num_cat=0
split_feature=21 17 21 16 17 7 11 7 36 17 21 22 0 31 26 17 26 26 26 14 26 7 24 5 19 5 7 26 26 7
split_gain=43703.6 31346.9 11321.2 31538 8426.76 6799.64 3375.81 2234.45 2148.78 2222.27 2136.62 1833.5 1675.86 1561.64 1553.01 1513.85 1475.65 1625.1 1310.64 1159.8 1117 1109.71 1129.36 976.411 1192.45 863.285 855.624 1030.25 847.742 833.512
threshold=101.71049850000001 739.18750000000011 101.27299850000001 242.09999980000001 799.68750000000011 79.27339935000002 350.20125045000003 82.788997650000013 0.72249999650000019 841.06250000000011 98.77339935000002 1576.9350000000002 115.15599800000001 324.40600600000005 -3.0937499999999996 597.87500000000011 -3.1562499999999996 -1.5312499999999998 -2.0937499999999996 35991.500000000007 3.0312500000000004 76.226497650000013 52.765600200000009 1.0000000180025095e-35 -25.972222222222218 1.0000000180025095e-35 86.726497650000013 -2.5937499999999996 -2.6562499999999996 90.08589935000002
decision_type=2 2 2 2 2 2 2 2 2 2 2 2 2 2 2 2 2 2 2 2 2 2 2 2 2 2 2 2 2 2
left_child=1 5 4 -4 10 13 -6 11 -8 14 12 -7 16 20 29 -15 -3 -18 -9 -16 -1 -17 -23 -13 -25 -20 27 -14 -28 -10
right_child=-2 2 3 -5 6 7 8 18 9 -11 -12 23 26 15 19 21 17 -19 25 -21 -22 22 -24 24 -26 -27 28 -29 -30 -31
leaf_value=-3.2579565176740291 -22.265895670110528 4.634461450835933 23.565744271874429 -2.2432463898740966 6.7363498727480566 0.053118419165740595 5.4012739477735581 -1.0777153406964821 -0.85804943533337397 2.0609505656704328 -3.5365367233753204 -4.6450435217647321 -1.4986468905511383 1.0074415688402951 0.73869279772377039 -3.4118742660599217 0.35132013180910582 1.3239463856005211 -2.8384600592156253 1.7421540882841473 -7.435644191503525 -0.79710384559902281 -2.378409948401035 -1.365288949227494 -0.01449356010467138 -0.1373327379366471 -0.20434854161753979 -0.035319205498198183 0.78420028324714242 0.75825990414559152
leaf_weight=80 22 23 20 29 30 318 33 495 148 713 36 21 130 40 558 139 1623 584 30 595 20 176 315 1458 184 2115 331 1609 629 173
leaf_count=80 22 23 20 29 30 318 33 495 148 713 36 21 130 40 558 139 1623 584 30 595 20 176 315 1458 184 2115 331 1609 629 173
internal_value=0 0.038708 0.716635 8.29104 0.665194 -0.874752 1.46789 -0.64553 1.39669 1.33627 0.301435 -1.0469 0.329466 -2.25038 0.985726 -1.97529 0.650211 0.608689 -0.344349 1.25652 -4.09349 -2.16467 -1.81159 -1.25725 -1.21392 -0.175111 0.0644572 -0.144711 0.443357 0.0130456
internal_weight=0 12655 7264 49 7215 5391 2250 4621 2220 2187 4965 1981 4929 770 1474 670 2230 2207 2640 1153 100 630 491 1663 1642 2145 2699 1739 960 321
internal_count=12677 12655 7264 49 7215 5391 2250 4621 2220 2187 4965 1981 4929 770 1474 670 2230 2207 2640 1153 100 630 491 1663 1642 2145 2699 1739 960 321
is_linear=0
shrinkage=0.5


Tree=6
num_leaves=31
num_cat=0
split_feature=26 24 32 21 7 7 21 32 36 14 31 26 11 21 7 17 28 0 14 32 28 0 7 28 28 31 7 3 26 32
split_gain=16965.8 13693.4 90388.5 42030.6 8088.73 3869.87 2823.05 2432.04 2035.43 1848.98 1764.42 1670.67 6299.01 1500.24 1530.73 1370.39 1369.39 1145.77 1143.63 1150.54 1332.47 1136.62 985.811 2596.92 1168.97 989.413 918.217 853.36 997.295 834.663
threshold=-3.9062499999999996 70.171848300000008 235.67350045000001 101.13249950000001 84.476497650000013 93.913997650000013 101.27299850000001 252.72034970000001 0.75750002250000004 36999.500000000007 356.78100600000005 -3.2187499999999996 353.81540145000002 97.351497650000013 88.226497650000013 632.81250000000011 84.77339935000002 111.34349800000001 34001.500000000007 239.84535065 84.007801050000012 130.28099800000004 87.86714935000002 85.945301050000012 84.913997650000013 425.59350600000005 76.226497650000013 31.496049900000003 3.5312500000000004 237.28285065
decision_type=2 2 2 2 2 2 2 2 2 2 2 2 2 2 2 2 2 2 2 2 2 2 2 2 2 2 2 2 2 2
left_child=-1 3 -3 4 10 6 -4 9 -7 18 27 12 -11 14 -13 -12 -15 -17 -6 20 -20 -9 24 -24 -21 -25 -19 -2 -29 -22
right_child=1 2 5 -5 7 8 -8 21 -10 11 15 13 -14 16 -16 17 -18 26 19 22 29 -23 23 25 -26 -27 -28 28 -30 -31
leaf_value=-10.993156057170459 -0.53748510250706838 34.884525832675749 0.90732074647494554 -22.962574293464421 -0.4515498484023131 9.0348205459969382 -4.8535813792892126 1.0725424859104336 2.2943699877165877 10.441502251408316 3.0416991430024307 0.95773094774600354 -0.35537610735212055 -4.8609069606289266 5.5587762141600248 0.032335839884534819 0.55610847686018261 -3.4003039257866994 0.090485915817070481 0.43620317799179664 -2.2879176866800455 -0.59904796710586061 2.0221896336130056 -1.0105582250350078 -0.24560092429626135 0.54941332381920849 -0.52028692164206658 -1.2378642265215352 -4.8145879007875916 -0.52916778488239891
leaf_weight=35 602 21 282 20 768 21 23 1213 24 22 30 188 35 20 20 1274 28 28 820 1790 104 111 292 132 969 442 2388 763 20 192
leaf_count=35 602 21 282 20 768 21 23 1213 24 22 30 188 35 20 20 1274 28 28 820 1790 104 111 292 132 969 442 2388 763 20 192
internal_value=0 0.0304351 3.02319 -0.0600475 -0.0226587 1.11151 0.472892 0.320734 5.43991 0.181632 -0.503341 1.36376 3.81184 0.818679 1.40014 -0.32398 -1.70098 -0.351344 0.114469 0.206159 -0.237765 0.932402 0.342826 0.808229 0.196744 0.190674 -0.553665 -0.985089 -1.32922 -1.14711
internal_weight=0 12642 371 12271 12251 350 305 7146 45 5822 5105 313 57 256 208 3720 48 3690 5509 4741 1116 1324 3625 866 2759 574 2416 1385 783 296
internal_count=12677 12642 371 12271 12251 350 305 7146 45 5822 5105 313 57 256 208 3720 48 3690 5509 4741 1116 1324 3625 866 2759 574 2416 1385 783 296
is_linear=0
shrinkage=0.5


Tree=7
num_leaves=31
num_cat=0
split_feature=21 21 26 32 14 11 5 14 24 17 9 21 9 32 26 17 21 36 26 21 32 23 32 10 7 23 16 19 7 31
split_gain=24455.6 8496.57 9209.25 3136.94 1683.12 1595.07 1452.18 1121.66 959.959 2586.79 717.239 577.073 577.057 497.508 1074.29 1302.18 606.198 465.398 450.152 627.809 428.019 396.929 394.73 347.114 346.384 345.683 332.899 328.834 318.941 1028.93
threshold=101.71049850000001 101.27299850000001 -3.5937499999999996 244.01719990000001 35994.500000000007 353.18290175000004 1.0000000180025095e-35 35914.500000000007 70.171848300000008 813.18750000000011 32.43354990000001 100.94499950000001 30.816399550000003 233.12660065000003 -3.1562499999999996 771.68750000000011 99.070301050000012 0.57949998950000003 -2.3437499999999996 93.851497650000013 254.23599950000002 234.25000000000003 254.36099950000002 0.78710901750000006 91.132801050000012 234.84999850000003 231.19999924999999 -35.694444444444436 88.61714935000002 404.34350600000005
decision_type=2 2 2 2 2 2 2 2 2 2 2 2 2 2 2 2 2 2 2 2 2 2 2 2 2 2 2 2 2 2
left_child=1 3 -3 7 6 -6 -5 12 13 -10 20 22 26 14 -9 -16 18 -14 19 -15 -8 23 -7 -21 -24 -20 -1 -19 -23 -30
right_child=-2 2 -4 4 5 11 10 8 9 -11 -12 -13 17 16 15 -17 -18 27 25 21 -22 28 24 -25 -26 -27 -28 -29 29 -31
leaf_value=-0.93950749945361167 -16.655991987748578 0.41277986737313094 14.193977805701168 -2.2065472602296401 4.9866475764484637 0.45560912545039262 0.18559128659841378 2.6676998691899434 -6.5960536479949949 0.39800708282452363 -0.13664749859500619 2.6762832263202379 -2.783365847853323 -1.8148224238379329 -0.34966711314188731 -4.3686188530354269 2.9295019194483758 -1.4570164337702509 1.4145728534956774 -0.17854085238650441 0.69634608006062582 -0.11121377538145992 0.72370938470603197 -2.9989466477185487 1.8369113992154598 0.29994707025550654 -0.14802279684016653 -0.52246623052024499 3.3311592360337574 0.13541005226148731
leaf_weight=144 22 27 22 68 21 1476 2148 28 20 39 1650 33 24 51 501 21 20 99 75 24 507 531 232 20 100 959 1716 1912 30 157
leaf_count=144 22 27 22 68 21 1476 2148 28 20 39 1650 33 24 51 501 21 20 99 75 24 507 531 232 20 100 959 1716 1912 30 157
internal_value=0 0.0289555 6.60026 0.0034126 0.25554 0.653656 0.0860242 -0.243333 0.0197999 -1.97286 0.122237 0.60423 -0.410603 0.0684416 -0.349507 -0.511349 0.191565 -0.594595 0.161918 -0.116458 0.283125 -0.00278776 0.566411 -1.46054 1.05901 0.380795 -0.209299 -0.568473 0.0865455 0.648097
internal_weight=0 12655 49 12606 6235 1862 4373 6371 2476 59 4305 1841 3895 2417 550 522 1867 2035 1847 813 2655 762 1808 44 332 1034 1860 2011 718 187
internal_count=12677 12655 49 12606 6235 1862 4373 6371 2476 59 4305 1841 3895 2417 550 522 1867 2035 1847 813 2655 762 1808 44 332 1034 1860 2011 718 187
is_linear=0
shrinkage=0.5


Tree=8
num_leaves=31
num_cat=0
split_feature=34 23 7 21 21 26 31 7 11 1 3 11 20 0 3 20 32 21 11 17 14 34 0 34 24 11 17 34 28 31
split_gain=7429.19 7005.89 274813 153796 4695.47 1360.58 1298.82 3006.14 2992.14 1194.84 1957.23 1027.54 830.9 711.646 637.819 618.355 600.293 594.022 1960.45 515.206 475.014 462.797 453.722 404.154 382.638 320.041 306.473 297.692 342.448 573.339
threshold=85.142848950000015 237.55000300000003 91.132801050000012 101.42899700000001 101.27299850000001 -3.9062499999999996 410.09350600000005 88.17964935000002 356.61640015000006 1.0000000180025095e-35 46.210899350000012 355.53214875000003 2.1269450200000004 122.09349800000001 32.925699250000001 1.8623000400000003 237.37660065000003 98.570301050000012 360.95335235000005 614.25000000000011 37002.500000000007 74.984050750000009 134.21849800000004 74.793602000000007 63.828100200000009 352.27939835000001 632.81250000000011 73.904750800000002 87.21089935000002 443.53100600000005
decision_type=2 2 2 2 2 2 2 2 2 2 2 2 2 2 2 2 2 2 2 2 2 2 2 2 2 2 2 2 2 2
left_child=1 2 6 4 5 -3 7 19 -8 14 11 13 24 20 15 17 -12 22 -19 -1 -11 -17 26 -14 -13 -21 -7 -26 -29 -30
right_child=-2 3 -4 -5 -6 9 8 -9 -10 10 16 12 23 -15 -16 21 -18 18 -20 25 -22 -23 -24 -25 27 -27 -28 28 29 -31
leaf_value=-1.3982203759071303 -9.1802005089650098 3.917294799900529 -59.282272852957249 32.287701623463953 7.4719369383085343 0.82141744178211828 7.4733127800747754 -5.2016232288800754 -0.19312490139688765 -0.12221605714306556 0.17676577550130632 0.075440813944126675 1.3188297564098448 -0.9071153653635049 -0.38784192823758035 -0.18700225048684585 1.5609732937207446 -5.7315712569281461 0.47397650206195457 0.13420904794569866 2.3289276614785193 0.62370653748766425 -1.5875092654560621 -0.57869589765323326 1.2170673486245565 0.9681500813002577 -0.12643846073882414 0.65750010906112855 -2.6039182327010413 0.12480976927856152
leaf_weight=41 22 22 20 37 21 88 20 26 35 1686 106 2675 228 319 2235 268 300 20 35 307 20 513 52 32 121 184 2759 309 22 154
leaf_count=41 22 22 20 37 21 88 20 26 35 1686 106 2675 228 319 2235 268 300 20 35 307 20 513 52 32 121 184 2759 309 22 154
internal_value=0 0.0159593 -1.60532 0.101325 0.00195958 -0.0111522 0.276475 0.0479795 2.59467 -0.0183894 0.13974 0.0624324 0.224893 -0.221653 -0.176572 -0.0501491 1.19958 -0.154757 -1.78259 0.304539 -0.0934805 0.345512 -0.123874 1.08529 0.156712 0.446725 -0.0971405 0.515457 0.340417 -0.216281
internal_weight=0 12655 633 12022 11985 11964 613 558 55 11942 5972 5566 3541 2025 5970 3735 406 2954 55 532 1706 781 2899 260 3281 491 2847 606 485 176
internal_count=12677 12655 633 12022 11985 11964 613 558 55 11942 5972 5566 3541 2025 5970 3735 406 2954 55 532 1706 781 2899 260 3281 491 2847 606 485 176
is_linear=0
shrinkage=0.5


Tree=9
num_leaves=31
num_cat=0
split_feature=21 34 21 24 34 7 0 26 21 24 14 7 36 28 26 28 28 7 7 7 17 28 7 7 7 16 7 26 0 32
split_gain=26305.3 281538 6770.4 8974.48 2040.33 1354.29 7479.53 726.184 658.533 1726.54 1100.37 493.341 1061.47 1537.22 884.302 773.231 1477.46 693.125 1164.77 1597.89 748.692 553.858 638.379 576.356 831.835 633.087 547.525 1023.55 850.335 652.151
threshold=101.42899700000001 79.047550200000003 101.13249950000001 70.546848300000008 85.015850050000012 91.288997650000013 117.15599800000001 4.0312500000000009 98.83589935000002 69.796848300000008 36999.500000000007 85.67964935000002 0.72450000050000007 85.351497650000013 -1.4687499999999998 85.945301050000012 86.163997650000013 79.46089935000002 80.038997650000013 80.413997650000013 597.87500000000011 87.21089935000002 90.80464935000002 90.74214935000002 90.08589935000002 258.09999980000003 88.320301050000012 -2.9687499999999996 113.96849800000001 242.51719990000001
decision_type=2 2 2 2 2 2 2 2 2 2 2 2 2 2 2 2 2 2 2 2 2 2 2 2 2 2 2 2 2 2
left_child=2 -2 4 -4 5 7 -7 8 11 10 -10 14 13 -13 -1 26 -17 20 -19 -20 -16 23 -23 24 25 -18 27 -14 -28 -30
right_child=1 -3 3 -5 -6 6 -8 -9 9 -11 -12 12 15 -15 17 16 21 18 19 -21 -22 22 -24 -25 -26 -27 28 -29 29 -31
leaf_value=-0.30132667421213705 24.495133934020995 -53.05920965021307 13.098741484724957 -0.58678238868713384 4.7263152022724571 10.366502135246993 0.41530498281705397 -2.8222685339658158 -2.1917162739254277 -5.4651035733520983 2.243891883779455 0.084147252415011572 -1.2074008832375209 4.8407447615574144 0.95275571934486691 -1.2385670708989323 -0.16050757027299825 1.290617727493576 -1.4990873521169514 0.15479890010619593 -0.54286113794676782 -1.057378143869746 0.43522522913980055 -0.86557993996372018 1.4803124435888282 1.0493647455554713 3.562753806893642 0.21611198901346351 0.033301935300673588 1.4758171563735232
leaf_weight=2839 25 22 23 25 23 20 338 23 29 20 27 41 132 29 95 283 434 211 153 3211 702 202 111 101 145 144 26 2913 202 128
leaf_count=2839 25 22 23 25 23 20 338 23 29 20 27 41 132 29 95 283 434 211 153 3211 702 202 111 101 145 144 26 2913 202 128
internal_value=0 -11.8069 0.043937 5.97086 0.0213259 0.0127094 0.971238 -0.0154156 -0.0101144 -1.47733 -0.0531195 -0.000900403 0.121678 2.05474 -0.0840416 0.0936104 -0.216285 0.0570546 0.151054 0.0795776 -0.364588 0.0381615 -0.528052 0.25324 0.409535 0.140914 0.222999 0.154403 0.809728 0.592823
internal_weight=0 47 12630 48 12582 12559 358 12201 12178 76 56 12102 4891 70 7211 4821 1420 4372 3575 3364 797 1137 313 824 723 578 3401 3045 356 330
internal_count=12677 47 12630 48 12582 12559 358 12201 12178 76 56 12102 4891 70 7211 4821 1420 4372 3575 3364 797 1137 313 824 723 578 3401 3045 356 330
is_linear=0
shrinkage=0.5


Tree=10
num_leaves=31
num_cat=0
split_feature=26 34 3 7 21 3 0 7 23 32 21 9 5 32 34 7 26 23 23 28 17 7 7 0 14 7 7 26 21 19
split_gain=10348 10522 3847.95 40919.2 14409.4 79624.4 547.205 1015.62 3755.29 510.143 475.343 1500.55 448.007 417.843 430.971 313.385 335.414 526.057 359.187 282.321 598.309 548.166 338.547 334.965 409.257 294.341 264.203 538.662 508.949 513.762
threshold=-3.9062499999999996 84.730102550000012 54.355400100000004 90.74214935000002 101.27299850000001 29.871049900000003 124.78099800000001 91.382801050000012 241.75000000000003 257.89219990000004 98.83589935000002 31.910100000000003 1.0000000180025095e-35 251.89219990000001 83.745952600000024 81.05464935000002 -3.7187499999999996 247.55000300000003 254.05000300000003 79.46089935000002 632.81250000000011 77.89839935000002 75.632801050000012 102.96849800000001 38002.500000000007 86.163997650000013 88.61714935000002 -2.5312499999999996 94.195301050000012 -37.249999583333327
decision_type=2 2 2 2 2 2 2 2 2 2 2 2 2 2 2 2 2 2 2 2 2 2 2 2 2 2 2 2 2 2
left_child=-1 2 4 -4 6 -6 7 10 -9 15 12 -12 -2 14 19 -8 18 -18 -17 -14 22 -22 -21 25 26 -23 27 28 -25 -30
right_child=1 -3 3 -5 5 -7 9 8 -10 -11 11 -13 13 -15 -16 16 17 -19 -20 20 21 23 -24 24 -26 -27 -28 -29 29 -31
leaf_value=-8.5854744752602912 -2.0340576286499319 9.3765731452770229 -0.11507721982617308 -23.629024921357633 26.581193536520004 -12.241172022819519 -1.1550851161801465 7.3789307095787739 0.29056356489778529 0.5742416250391188 -3.4858177789619993 1.586037368774414 -0.59958960657420846 0.29127663969704737 1.9275947867025589 -3.1372647430925142 2.130471363015797 -0.28081177372593119 -0.2128709883739551 -0.49877835889856215 -2.1780267614742805 0.38693949382872783 1.3153273584267822 -1.3548560965313645 -2.2239060096769769 2.3728800140321256 0.3798996655237401 0.012874413493103811 2.0763053006452061 -0.32341214249397177
leaf_weight=35 26 30 247 20 28 25 111 22 124 167 35 25 194 1467 29 21 23 1366 21 32 29 278 131 121 21 20 405 6864 23 737
leaf_count=35 26 30 247 20 28 25 111 22 124 167 35 25 194 1467 29 21 23 1366 21 32 29 278 131 121 21 20 405 6864 23 737
internal_value=0 0.0237693 0.00152192 -1.87642 0.0421384 8.26876 0.00666733 0.0490609 1.35867 -0.255855 0.0307412 -1.37254 0.038855 0.0440618 0.00323963 -0.345756 -0.282978 -0.240884 -1.67507 -0.00306261 0.0102992 -0.00790139 0.959184 -0.00047033 -0.0194603 0.520224 -0.0137801 -0.0343663 -0.402426 -0.250789
internal_weight=0 12642 12612 267 12345 53 12292 10583 146 1709 10437 60 10377 10351 8884 1542 1431 1389 42 8855 8661 8498 163 8469 8171 298 8150 7745 881 760
internal_count=12677 12642 12612 267 12345 53 12292 10583 146 1709 10437 60 10377 10351 8884 1542 1431 1389 42 8855 8661 8498 163 8469 8171 298 8150 7745 881 760
is_linear=0
shrinkage=0.5


Tree=11
num_leaves=31
num_cat=0
split_feature=21 3 26 21 34 7 3 28 26 23 7 28 7 0 36 31 7 21 14 26 26 31 7 24 32 28 28 7 7 7
split_gain=11825.8 116045 4138.99 1143.44 936.578 529.468 2814.28 1034.61 564.498 477.162 301.255 298.31 536.202 696.659 727.84 399.222 370.634 313.876 296.086 777.923 466.733 367.341 450.415 365.344 386.175 468.087 907.338 557.224 801.915 485.781
threshold=101.42899700000001 30.980400100000004 -3.9062499999999996 101.13249950000001 84.730102550000012 91.21089935000002 51.503900550000004 87.05464935000002 -3.1562499999999996 243.34999850000003 91.55464935000002 87.21089935000002 90.14839935000002 114.28099800000001 0.73950001600000015 446.53100600000005 90.80464935000002 98.945301050000012 33995.500000000007 -1.1562499999999998 -1.2187499999999998 407.40600600000005 84.945301050000012 61.390600200000009 230.04850045000001 83.17964935000002 83.36714935000002 84.08589935000002 84.913997650000013 85.007801050000012
decision_type=2 2 2 2 2 2 2 2 2 2 2 2 2 2 2 2 2 2 2 2 2 2 2 2 2 2 2 2 2 2
left_child=2 -2 -1 4 5 11 7 -7 9 -9 -10 12 17 -14 -15 -13 -16 18 19 -4 23 -21 -23 24 -20 27 29 -26 -29 -27
right_child=1 -3 3 -5 -6 6 -8 8 10 -11 -12 15 13 14 16 -17 -18 -19 20 21 -22 22 -24 -25 25 26 -28 28 -30 -31
leaf_value=6.2134770232218282 17.462702958480172 -32.23808468435891 -0.57331790708559349 2.7548155880680212 -2.8806121083242551 2.732451851822828 6.2222714991796586 -2.3940641039184163 1.9491004832300611 -0.18677564838375801 0.17145774926085813 -1.3572440198672715 -2.2128020435571671 3.7490181744098665 0.97890746562809838 -0.10727649167814639 -0.30769636284245494 -1.6242900550365449 -0.6806985396174714 -0.038934712876085568 0.36603676131259999 1.9838948903020983 -0.029529652420858869 0.16642222815017191 -0.027489299514417441 -1.470942825114395 -0.072815607457109688 0.98311975726266609 -0.59383016580589187 0.27299196448396235
leaf_weight=27 23 24 765 38 28 38 21 28 44 195 52 93 20 20 205 204 77 30 250 2420 1000 51 61 2292 915 184 3047 371 103 51
leaf_count=27 23 24 765 38 28 38 21 28 44 195 52 93 20 20 205 204 77 30 250 2420 1000 51 61 2292 915 184 3047 371 103 51
internal_value=0 -7.91642 0.0294594 0.0162111 0.00792877 0.01438 0.597148 0.266259 -0.0275198 -0.463924 0.986211 -0.00373714 0.00865522 0.645055 0.834317 -0.49868 0.627601 -0.00910221 -0.00489234 -0.131463 0.0459177 0.00203607 0.887298 0.00153685 -0.07526 -0.0428559 -0.145826 0.200447 0.640449 -1.09247
internal_weight=0 47 12630 12603 12565 12537 378 357 319 223 96 12159 11862 322 302 297 282 11540 11510 3297 8213 2532 112 7213 4921 4671 3282 1389 474 235
internal_count=12677 47 12630 12603 12565 12537 378 357 319 223 96 12159 11862 322 302 297 282 11540 11510 3297 8213 2532 112 7213 4921 4671 3282 1389 474 235
is_linear=0
shrinkage=0.5


Tree=12
num_leaves=31
num_cat=0
split_feature=34 21 21 26 17 14 24 23 21 24 21 34 34 26 31 17 14 26 21 21 7 10 23 14 24 32 16 0 16 28
split_gain=4272.15 14471.6 18185.1 1033.58 519.355 1409.52 837.694 2518.13 1529.79 2627.98 1701.71 307.949 365.098 331.801 266.033 252.032 1102.24 296.508 907.135 465.647 369.243 335.513 889.489 318.609 877.663 488.139 318.075 304.158 311.747 316.282
threshold=85.142848950000015 101.71049850000001 101.42899700000001 -3.9062499999999996 875.00000000000011 36996.500000000007 70.953098300000008 252.84999850000003 99.24214935000002 70.078098300000008 100.69499950000001 84.063449850000012 83.745952600000024 -3.7187499999999996 433.28100600000005 859.31250000000011 36993.500000000007 -2.1562499999999996 93.632801050000012 93.46089935000002 84.33589935000002 2.0380799800000005 246.25000000000003 37005.500000000007 66.171848300000008 226.82195129999999 231.00000035000002 137.59349800000004 252.59999980000001 84.913997650000013
decision_type=2 2 2 2 2 2 2 2 2 2 2 2 2 2 2 2 2 2 2 2 2 2 2 2 2 2 2 2 2 2
left_child=1 2 3 -1 6 -6 8 -8 11 10 -10 12 13 -5 -9 17 -17 18 -15 27 -21 23 -23 25 -25 -20 -27 28 29 -19
right_child=-2 -3 -4 4 5 -7 7 14 9 -11 -12 -13 -14 15 -16 16 -18 19 21 20 -22 22 -24 24 -26 26 -28 -29 -30 -31
leaf_value=3.1067385662485054 -6.9615278921344066 13.126812162853422 -13.759891748428345 -1.498571134147209 0.27451171296272886 4.6458116095851771 -5.777400025725365 1.6556889358020963 1.756223870360333 -1.4033707343041897 7.98160370439291 -1.6905137761323541 2.134493802860379 -0.69653391160791711 -0.58362307979000938 0.12971696658522314 4.0961091428995129 -0.0017319007895147268 2.0601779435362135 -0.76967411749718484 0.56132769405602478 3.8761119265109301 0.076426912598666366 -0.14326329182990841 -3.8930825799703599 -0.89202459204409801 -0.0059521528127327661 -0.98474920989553394 0.24187396648730636 -0.54641172063193122
leaf_weight=27 22 21 24 37 114 22 25 21 23 29 21 27 20 584 36 141 20 5959 28 57 607 20 67 71 20 105 2860 76 1314 279
leaf_count=27 22 21 24 37 114 22 25 21 23 29 21 27 20 584 36 141 20 5959 28 57 607 20 67 71 20 105 2860 76 1314 279
internal_value=0 0.0121022 -0.0096968 0.0164733 0.00984233 0.981634 -0.00077578 -1.59361 0.00978729 2.29191 4.72743 -0.0037658 -5.26192e-05 -0.00353902 0.241387 0.000992127 0.622436 -0.00731306 -0.123879 0.0454735 0.44707 -0.0184141 0.949918 -0.0457309 -0.967399 -0.0177082 -0.0373308 0.0105155 0.0205314 -0.0260932
internal_weight=0 12655 12634 12610 12583 136 12447 82 12365 73 44 12292 12265 12245 57 12208 161 12047 3755 8292 664 3171 87 3084 91 2993 2965 7628 7552 6238
internal_count=12677 12655 12634 12610 12583 136 12447 82 12365 73 44 12292 12265 12245 57 12208 161 12047 3755 8292 664 3171 87 3084 91 2993 2965 7628 7552 6238
is_linear=0
shrinkage=0.5


Tree=13
num_leaves=31
num_cat=0
split_feature=7 11 21 14 3 17 28 34 23 7 26 26 7 23 7 17 9 7 7 7 17 31 28 28 28 11 17 7 31 7
split_gain=4758.65 74858.7 37287.7 11610.5 4609.8 12122.2 2015.26 427.275 317.421 1161.3 618.246 665.381 536.893 477.904 651.149 398.635 304.897 233.308 629.092 500.931 291.287 418.288 273.101 400.276 268.529 844.408 1846.53 855.907 842.022 594.285
threshold=91.99214935000002 357.24885025000003 99.601497650000013 37002.500000000007 29.042900100000004 857.31250000000011 87.257801050000012 85.015850050000012 239.44999700000002 90.74214935000002 -3.2812499999999996 -2.7812499999999996 87.726497650000013 234.25000000000003 88.02339935000002 793.68750000000011 29.206999800000002 79.61714935000002 80.038997650000013 80.288997650000013 632.81250000000011 362.03100600000005 82.24214935000002 81.64839935000002 84.007801050000012 349.65909805000007 793.06250000000011 84.038997650000013 391.21850600000005 85.92964935000002
decision_type=2 2 2 2 2 2 2 2 2 2 2 2 2 2 2 2 2 2 2 2 2 2 2 2 2 2 2 2 2 2
left_child=2 -2 7 4 5 -3 -6 8 9 10 -1 13 -13 14 -12 -15 -8 20 -19 -20 21 -10 23 -22 28 26 -26 -27 29 -21
right_child=1 3 -4 -5 6 -7 16 -9 17 -11 11 12 -14 15 -16 -17 -18 18 19 24 22 -23 -24 -25 25 27 -28 -29 -30 -31
leaf_value=2.3603842749726027 -30.001351156017996 -13.059197889097655 20.155937858249832 10.743165615797043 5.6136163905262944 1.222917537467602 -1.0885185625623255 2.2067460891875355 -0.081498647649638947 4.0609688788652418 -0.41106434017419813 0.21556574413963758 2.8439771447330715 -1.19184999306359 -4.4457537323236469 1.4957918910394339 0.71653416593869523 1.0045516819486187 -1.1595827861051811 -0.037268862311540363 -0.5023373223279185 2.2837156668305396 0.38722654006310869 -1.9310248038905151 -0.30581506895832716 -1.6314261573202469 -5.8533809900283815 -0.032714546858349236 0.59837394720943715 1.0488017503673641
leaf_weight=32 22 24 23 25 20 39 34 22 286 20 20 680 20 37 20 22 75 153 95 4049 290 20 63 59 60 85 20 5557 675 130
leaf_count=32 22 24 23 25 20 39 34 22 286 20 20 680 20 37 20 22 75 153 95 4049 290 20 63 59 60 85 20 5557 675 130
internal_value=0 -2.20994 0.0424646 0.607626 -0.712105 -4.21789 1.00002 0.00520243 0.00129426 0.295991 0.205378 0.11907 0.290663 -1.09422 -2.42841 -0.189678 0.15349 -0.020434 -0.00212504 -0.0165587 -0.296445 0.0730905 -0.570905 -0.743863 -0.00629136 -0.0796719 -1.69271 -0.0568001 0.0802112 -0.00348346
internal_weight=0 239 12438 217 192 63 129 12415 12393 851 831 799 700 99 40 59 109 11542 10824 10671 718 306 412 349 10576 5722 80 5642 4854 4179
internal_count=12677 239 12438 217 192 63 129 12415 12393 851 831 799 700 99 40 59 109 11542 10824 10671 718 306 412 349 10576 5722 80 5642 4854 4179
is_linear=0
shrinkage=0.5


Tree=14
num_leaves=31
num_cat=0
split_feature=26 34 26 21 21 11 17 3 21 0 26 21 17 17 26 16 7 19 23 7 28 23 28 7 7 19 7 10 36 14
split_gain=2959.58 7207.09 3363.96 16467.5 1129.09 3241.77 2940.71 870.729 593.171 1596.17 261.198 225.457 447.005 792.752 304.877 411.791 525.13 611.931 477.048 305.334 566.356 475.773 327.361 377.82 533.791 319.997 292.36 245.279 248.738 233.29
threshold=-3.9062499999999996 84.730102550000012 -3.8437499999999996 101.42899700000001 100.17150100000002 358.96560135000004 852.93750000000011 29.660100000000003 99.070301050000012 118.09349800000001 4.0312500000000009 98.61714935000002 793.68750000000011 812.18750000000011 -3.1562499999999996 234.50000035000002 88.39839935000002 -31.749999805555554 242.44999700000002 89.02339935000002 85.945301050000012 238.65000150000003 86.27339935000002 88.08589935000002 87.726497650000013 -25.027777361111109 86.757801050000012 0.51562449350000017 0.74950000650000004 30001.500000000004
decision_type=2 2 2 2 2 2 2 2 2 2 2 2 2 2 2 2 2 2 2 2 2 2 2 2 2 2 2 2 2 2
left_child=-1 2 -2 4 8 -6 -7 -8 10 -10 11 14 -13 -14 15 -4 -17 -18 -19 20 25 -21 -22 24 -24 29 -27 -15 -29 -16
right_child=1 -3 3 -5 5 6 7 -9 9 -11 -12 12 13 27 19 16 17 18 -20 21 22 -23 23 -25 -26 26 -28 28 -30 -31
leaf_value=-4.5914600107286656 4.754840421918276 7.7532921023666859 1.8237335689365863 -11.174379348754883 7.0308744939552108 5.4408218690327237 -3.8285261282454366 -0.060679489989643509 -5.1030979497092108 0.10705636681190558 -1.6797762558512066 2.6077100203838199 -2.1257961780798658 -0.30789172172546386 -0.3730726775084115 -2.2481898365972133 2.2371150483800606 -2.8518093697726727 -0.34420827737525966 2.7285235583782197 -0.86761473288307045 0.25706407429268568 -0.32466365011819337 -0.50810142427228144 1.976363518698649 0.21289889474418719 1.1769302508783066 2.9381146154233386 0.77281647956826616 0.011187124538347849
leaf_weight=35 37 30 20 33 22 21 23 46 21 49 23 24 27 25 413 39 22 20 367 20 284 739 59 213 44 819 87 21 36 9058
leaf_count=35 37 30 20 33 22 21 23 46 21 49 23 24 27 25 413 39 22 20 367 20 284 739 59 213 44 819 87 21 36 9058
internal_value=0 0.0127117 -0.00570073 -0.0197079 0.00964183 1.59008 0.26011 -1.31663 -0.00459866 -1.45599 0.00362119 0.00675957 0.654233 0.22411 -0.000296646 -0.396045 -0.495142 -0.327981 -0.4738 0.0154847 -0.00572217 0.322188 -0.478039 -0.127914 0.658299 0.0215873 0.305471 0.99786 1.57056 -0.00556922
internal_weight=0 12642 12612 12575 12542 112 90 69 12430 70 12360 12337 133 109 12204 468 448 409 387 11736 10977 759 600 316 103 10377 906 82 57 9471
internal_count=12677 12642 12612 12575 12542 112 90 69 12430 70 12360 12337 133 109 12204 468 448 409 387 11736 10977 759 600 316 103 10377 906 82 57 9471
is_linear=0
shrinkage=0.5


Tree=15
num_leaves=31
num_cat=0
split_feature=34 21 14 21 3 26 26 21 14 7 9 34 24 5 26 23 9 16 36 17 17 20 28 22 3 19 9 19 14 31
split_gain=5001.44 7234.8 1461.39 4929.78 2353.17 1331.77 1158.3 319.812 270.213 793.572 1805.49 375.293 259.371 205.746 198.918 197.836 237.784 224.984 200.459 231.472 304.467 219.532 204.467 187.564 185.11 157.059 156.176 149.245 136.09 687.972
threshold=84.888851150000008 101.71049850000001 38003.500000000007 101.42899700000001 31.496049900000003 -3.9062499999999996 -3.8437499999999996 101.13249950000001 37002.500000000007 88.89839935000002 27.128899550000003 76.761852250000018 71.296848300000008 1.0000000180025095e-35 -3.3437499999999996 230.94999700000002 34.542900100000004 226.50000035000002 0.57949998950000003 597.87500000000011 582.50000000000011 0.75292950900000011 79.46089935000002 1454.8700000000001 32.566400550000004 -29.305555555555554 31.160100000000003 -26.527777777777775 37001.500000000007 410.09350600000005
decision_type=2 2 2 2 2 2 2 2 2 2 2 2 2 2 2 2 2 2 2 2 2 2 2 2 2 2 2 2 2 2
left_child=1 2 3 5 -4 -1 -7 8 12 24 -11 -12 13 -8 -14 16 25 -17 21 20 -20 -19 -21 -24 26 -15 -10 -27 -25 -30
right_child=-2 -3 4 -5 -6 6 7 -9 9 10 11 -13 14 15 -16 17 -18 18 19 22 -22 -23 23 28 -26 27 -28 -29 29 -31
leaf_value=3.5095126783406294 -6.6751062617238075 9.2876185462588357 0.025676146375410484 -7.3251399631085601 6.8989375870674845 -2.9642069691961463 -0.8462519610274426 1.5806152783334255 0.2257904869703842 2.1363750100135803 -2.2574492089193443 -4.9619914309486095 0.039046600799668922 0.40787032601093093 2.0644492694625147 -1.2650128083569663 -0.95430986930150541 -1.8899705738856876 -0.30456524866598622 -0.71924279791485402 1.9165818484293089 0.17853889517162158 0.94815660394587609 0.0016311428345038984 -0.67516522819343472 2.6530505649745466 1.8246802590077831 0.82056482136249542 -0.47986808605492115 3.143085066229105
leaf_weight=27 28 21 33 23 20 33 71 32 56 20 29 23 22 62 27 35 20 29 27 97 36 23 53 11667 39 20 21 25 38 20
leaf_count=27 28 21 33 23 20 33 71 32 56 20 29 23 22 62 27 35 20 29 27 97 36 23 53 11667 39 20 21 25 38 20
internal_value=0 0.0147761 -0.000644364 -0.0116869 2.61936 0.00171408 -0.00584764 0.00196743 -0.00208688 -0.596985 -1.90089 -3.45369 0.00702662 0.00242424 1.15508 0.00738277 0.628165 0.000826486 0.0045216 0.00878846 0.964662 -0.975053 0.00371731 0.00967138 0.212337 0.923954 0.661851 1.635 0.00542919 0.769426
internal_weight=0 12649 12628 12575 53 12552 12525 12492 12460 188 72 52 12272 12223 49 12152 127 12025 11990 11938 63 52 11875 11778 116 107 77 45 11725 58
internal_count=12677 12649 12628 12575 53 12552 12525 12492 12460 188 72 52 12272 12223 49 12152 127 12025 11990 11938 63 52 11875 11778 116 107 77 45 11725 58
is_linear=0
shrinkage=0.5


end of trees

feature_importances:
Column_7=110
Column_26=46
Column_28=45
Column_21=44
Column_17=28
Column_31=28
Column_14=20
Column_32=19
Column_0=18
Column_23=16
Column_34=16
Column_11=14
Column_24=12
Column_3=11
Column_16=9
Column_19=9
Column_36=9
Column_5=7
Column_9=7
Column_20=4
Column_22=4
Column_10=3
Column_1=1

parameters:
[boosting: gbdt]
[objective: regression]
[metric: rmse,l2]
[tree_learner: serial]
[device_type: cpu]
[data: ]
[valid: ]
[num_iterations: 20]
[learning_rate: 0.5]
[num_leaves: 31]
[num_threads: -1]
[deterministic: 0]
[force_col_wise: 0]
[force_row_wise: 0]
[histogram_pool_size: -1]
[max_depth: 20]
[min_data_in_leaf: 20]
[min_sum_hessian_in_leaf: 0.001]
[bagging_fraction: 1]
[pos_bagging_fraction: 1]
[neg_bagging_fraction: 1]
[bagging_freq: 0]
[bagging_seed: 3]
[feature_fraction: 1]
[feature_fraction_bynode: 1]
[feature_fraction_seed: 2]
[extra_trees: 0]
[extra_seed: 6]
[early_stopping_round: 1000]
[first_metric_only: 0]
[max_delta_step: 0]
[lambda_l1: 0]
[lambda_l2: 0]
[linear_lambda: 0]
[min_gain_to_split: 0]
[drop_rate: 0.1]
[max_drop: 50]
[skip_drop: 0.5]
[xgboost_dart_mode: 0]
[uniform_drop: 0]
[drop_seed: 4]
[top_rate: 0.2]
[other_rate: 0.1]
[min_data_per_group: 100]
[max_cat_threshold: 32]
[cat_l2: 10]
[cat_smooth: 10]
[max_cat_to_onehot: 4]
[top_k: 20]
[monotone_constraints: ]
[monotone_constraints_method: basic]
[monotone_penalty: 0]
[feature_contri: ]
[forcedsplits_filename: ]
[refit_decay_rate: 0.9]
[cegb_tradeoff: 1]
[cegb_penalty_split: 0]
[cegb_penalty_feature_lazy: ]
[cegb_penalty_feature_coupled: ]
[path_smooth: 0]
[interaction_constraints: ]
[verbosity: -1]
[saved_feature_importance_type: 0]
[linear_tree: 0]
[max_bin: 255]
[max_bin_by_feature: ]
[min_data_in_bin: 3]
[bin_construct_sample_cnt: 200000]
[data_random_seed: 1]
[is_enable_sparse: 1]
[enable_bundle: 1]
[use_missing: 1]
[zero_as_missing: 0]
[feature_pre_filter: 1]
[pre_partition: 0]
[two_round: 0]
[header: 0]
[label_column: ]
[weight_column: ]
[group_column: ]
[ignore_column: ]
[categorical_feature: ]
[forcedbins_filename: ]
[precise_float_parser: 0]
[objective_seed: 5]
[num_class: 1]
[is_unbalance: 0]
[scale_pos_weight: 1]
[sigmoid: 1]
[boost_from_average: 1]
[reg_sqrt: 0]
[alpha: 0.9]
[fair_c: 1]
[poisson_max_delta_step: 0.7]
[tweedie_variance_power: 1.5]
[lambdarank_truncation_level: 30]
[lambdarank_norm: 1]
[label_gain: ]
[eval_at: ]
[multi_error_top_k: 1]
[auc_mu_weights: ]
[num_machines: 1]
[local_listen_port: 12400]
[time_out: 120]
[machine_list_filename: ]
[machines: ]
[gpu_platform_id: -1]
[gpu_device_id: -1]
[gpu_use_dp: 0]
[num_gpu: 1]

end of parameters

pandas_categorical:null
