tree
version=v3
num_class=1
num_tree_per_iteration=1
label_index=0
max_feature_idx=41
objective=regression
feature_names=Column_0 Column_1 Column_2 Column_3 Column_4 Column_5 Column_6 Column_7 Column_8 Column_9 Column_10 Column_11 Column_12 Column_13 Column_14 Column_15 Column_16 Column_17 Column_18 Column_19 Column_20 Column_21 Column_22 Column_23 Column_24 Column_25 Column_26 Column_27 Column_28 Column_29 Column_30 Column_31 Column_32 Column_33 Column_34 Column_35 Column_36 Column_37 Column_38 Column_39 Column_40 Column_41
feature_infos=[0:1] [0:1] [0:1] [0:1] [0:1] [0:94.629997299999999] [0:1] [0:1] none [0:1] [0:1.8550000200000001] [0:1] [273.14999999999998:1041.1500000000001] none none [-473:41051] [223.64999999999998:372.14999999999998] [0:1] [0:768] [0:1] [0:1] [0:1] none none [0:12288] [0:1] [0:1] [0:1] [0:1] [0:1] [0:127.129997] [0:163800] [-64:96.75] [0:1] none none [0:1016] [0:1] [0:0.99900001299999996] [0:1] [0:1] [0:1]
tree_sizes=2685 2703 2699 2729 2734 2745 2764 2804 2778 2768 2751 2808 2752 2756 2761 2772 2749 2807 2766 2757

Tree=0
num_leaves=31
num_cat=0
split_feature=5 30 30 30 5 5 5 30 30 5 30 5 5 5 30 5 30 30 5 30 30 5 30 5 5 5 5 5 16 5
split_gain=7.12715e+07 4.98673e+06 1.03285e+06 915863 229382 163501 155276 126648 117640 69227.2 37996.8 35368.5 34145.3 32778.8 32660.2 31383.5 16945.4 16336.4 14377.1 14243.6 12672.7 10634.4 10245.5 9160.83 8180.64 8080.2 7328.7 7152.32 6063.04 5959.43
threshold=24.754999200000004 91.904998800000016 90.465000150000023 93.375000000000014 84.145000500000023 87.255001050000018 91.139999400000008 92.534999850000005 87.159999850000005 85.764999400000008 91.404998800000016 90.005001050000018 88.465000150000023 89.579998000000003 94.755001050000018 86.005001050000018 89.755001050000018 89.625000000000014 88.610000600000021 93.904998800000016 91.005001050000018 88.344997400000011 88.419998200000023 88.255001050000018 92.664997100000008 89.375000000000014 84.99499895000001 89.229999550000016 240.60000075000002 86.860000600000021
decision_type=2 2 2 2 2 2 2 2 2 2 2 2 2 2 2 2 2 2 2 2 2 2 2 2 2 2 2 2 2 2
left_child=-1 2 4 7 8 15 11 12 -2 17 23 27 -3 21 -8 26 -11 -6 -12 -13 -17 -9 -10 28 -16 -14 -4 -5 -7 -18
right_child=1 3 5 6 9 10 14 13 22 16 18 19 25 -15 24 20 29 -19 -20 -21 -22 -23 -24 -25 -26 -27 -28 -29 -30 -31
leaf_value=305.08997104890955 546.39111436343694 615.48376915408573 594.72174739149614 625.74925223520745 590.74016579915121 607.8189624442756 639.68664561640389 618.68711181807328 579.83242823913486 596.97076822954568 613.30112191450064 632.72956219290313 619.28242691023229 627.38761699814017 645.67035393620961 604.94091132457243 600.32781322753556 595.78518882882963 617.13704678642273 636.85226761958143 608.35941368603085 623.54305771317604 586.91141389517747 612.92038269999523 652.79934724781435 622.23820122614211 601.6107416091636 630.28016848157813 610.69013666415412 603.61668242548615
leaf_weight=188 23 580 49 113 326 344 358 132 86 290 814 470 689 702 143 570 339 316 349 378 517 773 126 238 56 348 182 380 395 232
leaf_count=188 23 580 49 113 326 344 358 132 86 290 814 470 689 702 143 570 339 316 349 378 517 773 126 238 56 348 182 380 395 232
internal_value=610.18 615.739 604.825 626.81 594.882 609.823 635.524 621.68 580.355 597.153 612.521 632.609 618.556 624.824 642.541 605.442 600.083 593.223 614.452 634.567 606.567 622.835 584.04 610.222 647.677 620.274 600.149 629.242 609.354 601.664
internal_weight=0 10318 5196 5122 1738 3458 1898 3224 235 1503 2140 1341 1617 1607 557 1318 861 642 1163 848 1087 905 212 977 199 1037 231 493 739 571
internal_count=10506 10318 5196 5122 1738 3458 1898 3224 235 1503 2140 1341 1617 1607 557 1318 861 642 1163 848 1087 905 212 977 199 1037 231 493 739 571
is_linear=0
shrinkage=1


Tree=1
num_leaves=31
num_cat=0
split_feature=15 30 5 30 5 5 30 30 30 16 30 10 30 5 5 5 30 18 5 15 16 16 5 15 5 5 16 5 18 5
split_gain=1.7926e+07 1.27245e+06 335754 185399 103376 55601 40221.7 39819.6 26788.5 17024.4 12843.6 10393.1 9478.54 9283.21 7571.54 7467.51 5000.58 4993.25 4880.56 4632.47 3925.2 3801.23 3607.11 3282.33 2972.12 2869.78 2647.76 2497.95 2045.31 2000.38
threshold=2186.0000000000005 92.154998800000016 86.610000600000021 93.654998800000016 81.189998650000021 87.844997400000011 89.220001200000013 92.904998800000016 94.409999850000005 241.12999955000001 90.125000000000014 1.0000000180025095e-35 91.625000000000014 89.005001050000018 90.18999860000001 91.99499895000001 88.659999850000005 616.95001200000013 90.639999400000008 36038.750000000007 236.75499955000001 245.12999955000001 85.110000600000021 33040.69920000001 89.110000600000021 89.889999400000008 238.67000045 85.139999400000008 728.50000000000011 87.139999400000008
decision_type=2 2 2 2 2 2 2 2 2 2 2 2 2 2 2 2 2 2 2 2 2 2 2 2 2 2 2 2 2 2
left_child=11 2 4 7 -2 9 16 13 18 20 22 -1 26 19 23 -10 -6 27 -5 29 -4 -11 -8 -9 -14 -15 -7 -12 -17 -3
right_child=1 3 5 8 6 12 10 14 15 21 17 -13 24 25 -16 28 -18 -19 -20 -21 -22 -23 -24 -25 -26 -27 -28 -29 -30 -31
leaf_value=-152.54498291015625 -38.325794096346257 -1.1774329959104459 -4.5865043742316107 11.277696525008933 -13.328219869557548 -0.26678601933592488 -9.4597568434217703 2.2896137447519735 15.758299436992345 -1.0073210257436092 -7.634385954815408 -164.61004028320312 2.875375264134878 6.1923073813235963 10.852341325433404 19.317872420891181 -9.7917751949660641 -3.0444717245523112 13.694137840900781 5.5227503297176765 -2.2782088550942068 0.7422505647144062 -6.838706502227283 8.4746340037224872 4.784105235132678 8.2534647721510659 1.698782563553797 -4.9603119425619271 24.716209220886231 3.5184285208329702
leaf_weight=166 27 24 294 412 204 257 184 22 293 648 115 20 933 716 444 143 196 317 424 470 493 596 458 859 261 221 514 363 20 412
leaf_count=166 27 24 294 412 204 257 184 22 293 648 115 20 933 716 444 143 196 317 424 470 493 596 458 859 261 221 514 363 20 412
internal_value=0 2.77274 -2.07087 9.13676 -7.61229 0.514023 -7.16087 7.07805 14.1847 -1.32051 -5.92649 -153.842 2.41017 5.57501 9.1687 17.2675 -11.5954 -4.5832 12.5033 4.4338 -3.14052 -0.169102 -7.58991 8.32018 3.29261 6.67845 1.04359 -5.60366 19.9802 3.25994
internal_weight=0 10320 5860 4460 1864 3996 1837 3168 1292 2031 1437 186 1965 1843 1325 456 400 795 836 906 787 1244 642 881 1194 937 771 478 163 436
internal_count=10506 10320 5860 4460 1864 3996 1837 3168 1292 2031 1437 186 1965 1843 1325 456 400 795 836 906 787 1244 642 881 1194 937 771 478 163 436
is_linear=0
shrinkage=0.5


Tree=2
num_leaves=31
num_cat=0
split_feature=38 5 30 5 5 30 16 36 18 16 12 30 16 18 5 15 16 24 36 16 18 15 5 15 31 16 5 24 16 30
split_gain=4.63342e+06 325176 70633.8 57607.7 17407.2 17257.9 10868.2 10451.6 8461.26 8154.36 6736.66 5047.35 3934.82 3837.79 3634.94 3101 2731.62 2478.58 2464.26 2217.41 1979.05 1717.83 1662.14 1656.25 1650.99 1402.92 1306.09 1298.06 1289.46 1262.1
threshold=0.17100000400000001 88.215000150000023 93.125000000000014 86.810001400000019 84.770000450000012 94.220001200000013 258.97499980000003 38.500000000000007 651.0499880000001 244.32999935000001 365.46000135000003 87.159999850000005 235.92000045 667.95001200000013 91.594997400000011 36038.750000000007 245.17000045 2637.4000250000004 26.500000000000004 238.35000075000002 605.95001200000013 36969.150400000006 90.229999550000016 36047.900400000006 140699.70300000001 247.17000045 82.889999400000008 2464.3499750000005 247.62999955000001 95.564998650000021
decision_type=2 2 2 2 2 2 2 2 2 2 2 2 2 2 2 2 2 2 2 2 2 2 2 2 2 2 2 2 2 2
left_child=7 3 8 4 6 13 11 18 16 19 20 -2 26 -4 -7 -10 -3 -11 -1 -5 -6 -21 25 -15 -22 -17 -13 28 -12 -16
right_child=1 2 5 9 10 14 -8 -9 15 17 27 12 -14 23 29 22 -18 -19 -20 21 24 -23 -24 -25 -26 -27 -28 -29 -30 -31
leaf_value=-75.961993890650135 1.9170082786253519 0.96825618655838852 4.0818223128063158 -1.7190055091454044 -4.5750842561435432 7.3229573675104094 -17.564254134893417 -88.447458787397906 2.3291746212324114 1.5405127776523317 -1.442667830500781 -11.268261203765869 -4.8112065769016423 4.9251535289698207 9.3402416209785297 2.9195711937864104 2.3838641150015265 0.037365276983042282 -81.112937927246094 -1.0299814534997567 -2.4898914712638436 0.273606899117673 5.31863724435126 6.1788899537687207 -4.334881407392901 4.0983721268297444 -7.342702519979408 -2.3479271936681001 1.0692889922124855 12.726405974357359
leaf_weight=136 21 777 464 437 358 370 20 22 610 751 381 25 259 389 245 515 607 432 28 500 385 511 143 816 177 495 139 403 59 31
leaf_count=136 21 777 464 437 358 370 20 22 610 751 381 25 259 389 245 515 607 432 28 500 385 511 143 816 177 495 139 403 59 31
internal_value=0 1.40967 4.0566 -1.56635 -3.43782 6.153 -6.16266 -78.2142 2.51445 0.0177438 -2.72067 -5.64907 -6.02469 5.30367 8.34733 3.24086 1.58912 0.991603 -76.8414 -0.777889 -3.65626 -0.371096 3.72319 5.77416 -3.07096 3.4973 -7.94111 -1.69962 -1.10584 9.72057
internal_weight=0 10320 5462 4858 2227 2315 464 186 3147 2631 1763 444 423 1669 646 1763 1384 1183 164 1448 920 1011 1153 1205 562 1010 164 843 440 276
internal_count=10506 10320 5462 4858 2227 2315 464 186 3147 2631 1763 444 423 1669 646 1763 1384 1183 164 1448 920 1011 1153 1205 562 1010 164 843 440 276
is_linear=0
shrinkage=0.5


Tree=3
num_leaves=31
num_cat=0
split_feature=30 5 18 16 30 5 15 31 12 16 18 5 5 36 16 5 15 24 15 12 30 24 5 24 38 38 16 18 5 24
split_gain=1.1663e+06 86064.8 23147.7 14025.5 15995.6 12930.1 4681.85 4516.96 3994.53 3331.48 3199.45 2560.78 1864.13 1294.67 1263.06 1197.6 1183.69 1140.17 992.202 1346.66 884.144 842.269 802.73 708.85 684.792 652.999 592.133 587.084 567.209 551.551
threshold=86.000000000000014 88.844997400000011 621.0499880000001 311.90000000000003 56.440000550000008 90.505001050000018 663.50000000000011 142323.10150000002 363.37000120000005 247.77500000000001 639.95001200000013 85.255001050000018 92.154998800000016 26.500000000000004 254.92000045 87.594997400000011 37974.548800000011 2684.0000000000005 37998.650400000006 351.52500000000003 90.715000150000023 2429.7500000000005 87.594997400000011 2589.4000250000004 0.74524998650000007 0.7723500135000001 232.77500000000001 606.0499880000001 87.534999850000005 2839.8499750000005
decision_type=2 2 2 2 2 2 2 2 2 2 2 2 2 2 2 2 2 2 2 2 2 2 2 2 2 2 2 2 2 2
left_child=3 2 8 4 6 9 13 10 11 16 22 18 14 -1 29 -9 -3 -11 19 -2 27 -12 25 -13 -22 -4 -21 -10 -23 -7
right_child=1 5 7 -5 -6 12 -8 15 20 17 21 23 -14 -15 -16 -17 -18 -19 -20 26 24 28 -24 -25 -26 -27 -28 -29 -30 -31
leaf_value=-38.160354365473211 -7.6726783275604244 1.0007478837691448 0.27847609419313046 -50.295719320123844 -24.297548602927815 3.5659354458933006 -44.098716139793396 -1.4722650708787353 -1.9736199246282562 2.8288463460231537 2.1009967757290915 -1.1779353586898651 5.5981968028204783 -34.164491946880631 4.2960266086580523 -0.28344549717867251 2.0626398172850409 2.0062971070226028 -0.78018608270213008 -4.4769605398178101 2.0281178782815519 0.16278608818664342 0.46641162534699476 -2.2336787668689579 -0.75860007863102408 -0.60357192335632026 -3.0323066662264164 -0.96382779132531649 1.1148793731484221 2.5825541298358869
leaf_weight=92 20 891 357 22 22 365 32 321 324 783 190 248 140 26 442 623 372 912 32 100 23 185 751 443 531 509 244 259 1013 234
leaf_count=92 20 891 357 22 22 365 32 321 324 783 190 248 140 26 442 623 372 912 32 100 23 185 751 443 531 509 244 259 1013 234
internal_value=0 0.72258 -0.460219 -38.4085 -36.888 2.48663 -38.7346 0.266388 -1.7504 1.92823 0.566107 -2.43574 3.88525 -37.2799 3.65488 -0.687695 1.31351 2.38627 -3.44949 -3.68416 -1.09521 1.12297 0.0881095 -1.85477 -0.642906 -0.239956 -3.45226 -1.52502 0.967853 3.18178
internal_weight=0 10312 6173 194 172 4139 150 3949 2224 2958 3005 1087 1181 118 1041 944 1263 1695 396 364 1137 1388 1617 691 554 866 344 583 1198 599
internal_count=10506 10312 6173 194 172 4139 150 3949 2224 2958 3005 1087 1181 118 1041 944 1263 1695 396 364 1137 1388 1617 691 554 866 344 583 1198 599
is_linear=0
shrinkage=0.5


Tree=4
num_leaves=31
num_cat=0
split_feature=38 18 5 36 5 32 15 24 30 16 16 16 16 16 24 16 5 31 24 16 15 30 24 24 24 31 15 24 18 7
split_gain=297207 23053.7 6225.76 6204.85 4174.13 4056.56 1833.17 5464.63 3001.17 2204.85 1753.23 1657.26 1387.22 1355.76 1277.29 1013.45 899.935 863.951 787.909 773.487 705.184 573.218 487.873 487.669 481.863 436.347 410.598 385.187 375.991 360.496
threshold=0.17100000400000001 642.0499880000001 89.74499895000001 26.500000000000004 87.045002000000011 7.9700000300000005 34046.349600000009 2493.7500000000005 87.159999850000005 258.67000000000002 237.10000075000002 253.37999955000001 304.27500000000003 243.87999955000001 2517.7500000000005 245.37999955000001 91.74499895000001 153153.70300000004 2876.0000000000005 228.27500000000001 663.50000000000011 95.159999850000005 2784.3499750000005 2772.0000000000005 2408.0000000000005 138435.95300000001 37988.099600000009 2959.6500250000004 580.20001200000013 1.0000000180025095e-35
decision_type=2 2 2 2 2 2 2 2 2 2 2 2 2 2 2 2 2 2 2 2 2 2 2 2 2 2 2 2 2 2
left_child=3 4 13 12 6 -5 7 -2 -8 15 19 16 20 23 -6 -9 25 -16 26 -10 -1 22 -13 -3 -12 -4 -15 -17 -21 -27
right_child=1 2 11 5 14 -7 8 9 10 -11 24 21 -14 18 17 27 -18 -19 -20 28 -22 -23 -24 -25 -26 29 -28 -29 -30 -31
leaf_value=-19.334178555396296 -9.1041427825888004 0.27455677080889579 1.4906557758889156 -20.894674491882324 0.77814602354503115 -30.087696456909178 5.2686630310047242 -2.2361701991114962 -3.6703688432188595 3.7651640921831131 0.067314698441455573 2.3170490158994634 -14.212230682373047 0.77054148008424017 -0.018308836123661767 -0.47589596627472802 3.1859788844140908 -1.0654354190640152 0.088218474312705672 -2.4280939939121406 -16.24213981628418 3.2841671643157802 1.6110819924054223 -0.61512970756144913 -0.59613311801687818 0.73015821251058566 1.3195863338405958 -2.5056691445686199 -1.1207051263632442 1.7791830611981683
leaf_weight=93 24 447 601 30 468 20 21 266 34 20 416 553 20 1697 1582 174 59 225 368 60 23 96 439 235 800 526 426 27 659 97
leaf_count=93 24 447 601 30 468 20 21 266 34 20 416 553 20 1697 1582 174 59 225 368 60 23 96 439 235 800 526 426 27 659 97
internal_value=0 0.357024 1.05064 -19.8091 -0.448132 -24.5719 -0.893947 -1.7387 -0.677027 -1.37572 -0.74044 1.66359 -18.058 0.592622 0.0419713 -1.59589 1.27864 -0.148693 0.763636 -1.34 -18.7211 2.11753 2.00463 -0.0320068 -0.369164 1.18671 0.880713 -0.748552 -1.22981 0.89349
internal_weight=0 10320 5544 186 4776 50 2501 511 1990 487 1969 2371 136 3173 2275 467 1283 1807 2491 753 116 1088 992 682 1216 1224 2123 201 719 623
internal_count=10506 10320 5544 186 4776 50 2501 511 1990 487 1969 2371 136 3173 2275 467 1283 1807 2491 753 116 1088 992 682 1216 1224 2123 201 719 623
is_linear=0
shrinkage=0.5


Tree=5
num_leaves=31
num_cat=0
split_feature=18 20 36 16 32 36 5 5 18 5 24 33 5 28 24 18 24 30 16 30 30 30 36 5 5 31 16 31 24 24
split_gain=78765.4 10363.9 9613.79 6153.41 2561.73 1886.59 1633.63 2016.43 1554.74 781.06 558.907 490.626 513.799 484.725 444.119 443.418 396.745 396.63 615.942 387.661 364.59 340.455 326.541 325.813 318.119 260.537 257.067 256.022 244.07 237.618
threshold=519.00000000000011 1.0000000180025095e-35 36.500000000000007 245.92000045 -6.1449999849999992 28.500000000000004 81.689998650000021 86.139999400000008 678.0499880000001 88.889999400000008 2712.5499250000007 1.0000000180025095e-35 87.74499895000001 1.0000000180025095e-35 2624.3499750000005 573.50000000000011 2290.0999750000005 91.904998800000016 249.62999955000001 91.564998650000021 91.505001050000018 92.534999850000005 48.895000450000005 90.99499895000001 93.125000000000014 133173.45300000001 239.67000045 139376.54700000005 2639.6500250000004 2924.0000000000005
decision_type=2 2 2 2 2 2 2 2 2 2 2 2 2 2 2 2 2 2 2 2 2 2 2 2 2 2 2 2 2 2
left_child=1 4 -2 6 -1 -6 -4 14 11 10 16 12 17 21 15 -8 -9 18 28 -20 -11 -14 -23 27 29 -17 -12 -22 -5 -10
right_child=2 -3 3 8 5 -7 7 9 24 20 26 -13 13 -15 -16 25 -18 -19 19 -21 23 22 -24 -25 -26 -27 -28 -29 -30 -31
leaf_value=-14.22307864305648 -10.514859676361084 -20.71313628372129 3.8447023457288743 0.31368822396167967 -9.2981753693413491 -4.1697401966560967 -1.9701126457044953 1.6262360603825465 1.1095938384814754 1.5066819187652851 -0.74231892774550601 -0.16354367154911442 0.76853487837853018 0.99939832729432965 -1.3605059424657875 -0.41474271346641273 -0.025210688704777259 -0.46111713930386705 0.58570070753967951 2.4831633656582932 0.5602343034371734 0.55442168954200621 0.079109786328167037 2.1584484240283137 2.6535702372590699 -1.1991158871190442 -0.24594571303297239 -0.062662818417675903 -0.51124149778725825 0.57010921555393868
leaf_weight=22 21 23 25 305 97 22 57 37 1074 70 419 330 658 544 261 724 2130 216 63 47 325 783 671 23 30 124 691 335 127 252
leaf_count=22 21 23 25 305 97 22 57 37 1074 70 419 330 658 544 261 724 2130 216 63 47 325 783 671 23 30 124 691 335 127 252
internal_value=0 -10.8718 0.172401 0.194146 -9.26642 -8.35006 -0.187425 -0.206825 0.58477 -0.0392834 -0.1448 0.418629 0.474903 0.578525 -0.785894 -0.620177 0.0029866 0.111812 0.340138 1.39643 0.419915 0.470119 0.335072 0.308534 1.04349 -0.529439 -0.433315 0.244067 0.0711742 1.00707
internal_weight=0 164 10342 10321 141 119 5221 5196 5100 4030 3277 3744 3414 2656 1166 905 2167 758 542 110 753 2112 1454 683 1356 848 1110 660 432 1326
internal_count=10506 164 10342 10321 141 119 5221 5196 5100 4030 3277 3744 3414 2656 1166 905 2167 758 542 110 753 2112 1454 683 1356 848 1110 660 432 1326
is_linear=0
shrinkage=0.5


Tree=6
num_leaves=31
num_cat=0
split_feature=24 16 10 15 18 5 18 38 15 36 16 5 10 16 28 30 30 5 16 16 15 30 5 24 5 30 30 16 30 5
split_gain=20037.3 4833.49 2147.72 2271.14 1969.41 1865.28 933.647 808.952 573.903 529.369 420.759 367.676 355.308 438.085 348.216 290.936 556.472 335.564 343.089 254.384 253.193 225.457 258.978 219.521 213.492 213.262 205.842 199.253 190.947 188.556
threshold=1968.3499750000003 321.02500000000003 1.0000000180025095e-35 663.50000000000011 659.0499880000001 81.189998650000021 590.0499880000001 0.77024999250000015 35037.94920000001 28.500000000000004 233.94999924999999 82.564998650000021 0.029499999250000002 257.72499980000003 1.0000000180025095e-35 93.375000000000014 93.404998800000016 90.810001400000019 249.87999955000001 249.62999955000001 37972.099600000009 92.534999850000005 89.579998000000003 2522.2500000000005 90.034999850000005 89.755001050000018 92.99499895000001 244.82999935000001 91.99499895000001 86.810001400000019
decision_type=2 2 2 2 2 2 2 2 2 2 2 2 2 2 2 2 2 2 2 2 2 2 2 2 2 2 2 2 2 2
left_child=1 2 3 9 5 -2 11 19 -9 -1 25 -7 -6 15 -12 17 -17 18 21 -8 -18 22 27 -13 -23 29 -21 28 -14 -10
right_child=4 -3 -4 -5 12 6 7 8 10 -11 14 23 13 -15 -16 16 20 -19 -20 26 -22 24 -24 -25 -26 -27 -28 -29 -30 -31
leaf_value=-4.4606376756792487 4.1691898107528687 -12.510177916288375 0.4447552573290609 -8.8375532718996208 -1.6402719127280372 -2.5158210461377166 0.16750972248302018 -0.41415118519471145 -0.54919211589349581 -1.678458639553615 -0.070198255830795378 -0.38614553924691813 0.2966132420767969 0.87380257109029236 0.32239994522070092 -0.70472223084319119 0.14727740094839897 1.6798073242514813 0.81427941319404662 0.90342208004572933 0.65536668844756552 -0.26045683477687737 1.1138573465729826 -1.2846040198748763 0.41963597680101306 -1.3199588250997778 -0.071514214638253332 0.62424461740004111 -0.81772647630423312 0.74928495570114162
leaf_weight=92 26 20 21 30 21 32 1524 1373 183 21 2439 178 107 463 735 157 830 58 451 228 348 264 134 110 205 77 71 215 60 33
leaf_count=92 26 20 21 30 21 32 1524 1373 183 21 2439 178 107 463 735 157 830 58 451 228 348 264 134 110 205 77 71 215 60 33
internal_value=0 -5.17183 -4.27691 -4.9703 0.092193 -0.0579615 -0.0737005 -0.0336341 -0.140556 -3.9436 -0.0322071 -0.907958 0.409861 0.422939 0.0207153 0.349149 0.179525 0.500721 0.453098 0.25024 0.297375 0.287724 0.515782 -0.729307 0.0368119 -0.605504 0.671915 0.305986 -0.103748 -0.350814
internal_weight=0 184 164 143 10322 7009 6983 6663 4840 113 3467 320 3313 3292 3174 2829 1335 1494 1436 1823 1178 985 516 288 469 293 299 382 167 216
internal_count=10506 184 164 143 10322 7009 6983 6663 4840 113 3467 320 3313 3292 3174 2829 1335 1494 1436 1823 1178 985 516 288 469 293 299 382 167 216
is_linear=0
shrinkage=0.5


Tree=7
num_leaves=31
num_cat=0
split_feature=18 24 15 16 5 36 5 32 38 5 15 27 38 33 25 2 5 40 15 30 11 1 24 39 36 30 16 16 30 30
split_gain=6142.9 4287.97 3007.79 1522.91 943.879 752.827 991.339 619.769 566.649 416.949 391.766 272.304 256.87 233.954 237.119 220.964 220.736 193.696 193.374 184.739 168.397 357.079 162.892 160.338 206.205 155.245 288.316 194.748 373.638 177.859
threshold=475.00000000000006 856.00000000000011 663.50000000000011 299.52500000000003 87.625000000000014 19.500000000000004 81.189998650000021 9.6250000000000018 0.77474999450000015 82.24499895000001 38049.300800000005 1.0000000180025095e-35 0.75909999000000006 1.0000000180025095e-35 1.0000000180025095e-35 1.0000000180025095e-35 85.485000600000021 1.0000000180025095e-35 38977.701200000003 89.625000000000014 1.0000000180025095e-35 1.0000000180025095e-35 2463.6500250000004 1.0000000180025095e-35 49.389999350000004 90.465000150000023 234.37999955000001 247.12999955000001 91.904998800000016 89.849998500000012
decision_type=2 2 2 2 2 2 2 2 2 2 2 2 2 2 2 2 2 2 2 2 2 2 2 2 2 2 2 2 2 2
left_child=1 2 3 11 5 -2 7 -7 15 -8 12 -1 -11 14 18 22 17 19 20 -14 23 -22 -6 -10 -25 26 29 -27 -29 -18
right_child=4 -3 -4 -5 8 6 9 -9 13 10 -12 -13 16 -15 -16 -17 25 -19 -20 -21 21 -23 -24 24 -26 27 -28 28 -30 -31
leaf_value=-0.66338921231882908 -3.0130130933678667 -9.041977547682249 -6.6051687752759012 3.2549969837069512 0.89811605439301889 4.0085084412408909 -2.2495910506695509 0.25153937731825171 0.23526020143589485 0.26248351337296338 0.66110644568023935 -2.5963909637771154 -0.1381047386758931 -0.29985819590295509 -0.30815299884125125 -0.026232944365234719 -0.22534979989887366 -1.3005510749754265 0.74295062619093499 -0.74911911009465304 -0.75596877194846279 0.31524606129607641 0.36869518872450796 0.11202333454178395 -0.3614350398626141 -0.3604633408740498 0.19713842303147369 0.43120395420918001 -0.58836020587477833 -1.2344326537524193
leaf_weight=35 23 26 27 20 157 23 24 21 1783 284 140 38 281 438 348 340 248 69 122 221 164 148 1948 1019 297 1229 597 239 144 53
leaf_count=35 23 26 27 20 157 23 24 21 1783 284 140 38 281 438 348 340 248 69 122 221 164 148 1948 1019 297 1229 597 239 144 53
internal_value=0 -3.22063 -1.95934 -0.610554 0.0453873 -0.161598 -0.143243 2.21541 0.155429 -0.172651 -0.15843 -1.66961 -0.192526 0.0465425 0.0856364 0.347772 -0.234468 -0.515063 0.124425 -0.407097 0.102302 -0.247828 0.408182 0.137552 0.00517141 -0.170636 -0.00403123 -0.263446 0.0478691 -0.403029
internal_weight=0 146 120 93 10360 3596 3573 44 6764 3529 3505 73 3365 4319 3881 2445 3081 571 3533 502 3411 312 2105 3099 1316 2510 898 1612 383 301
internal_count=10506 146 120 93 10360 3596 3573 44 6764 3529 3505 73 3365 4319 3881 2445 3081 571 3533 502 3411 312 2105 3099 1316 2510 898 1612 383 301
is_linear=0
shrinkage=0.5


Tree=8
num_leaves=31
num_cat=0
split_feature=15 36 36 18 38 16 16 15 15 38 30 36 15 15 38 16 30 5 5 30 30 16 5 38 16 16 15 27 30 5
split_gain=2662.76 3250.44 1323.11 2014.05 780.173 2425.92 464.751 501.807 1534.04 491.467 267.661 242.582 235.838 183.829 199.493 189.75 302.915 237.542 201.273 402.201 379.071 206.747 201.607 183.294 139.892 138.77 140.172 136.861 136.77 187.251
threshold=284.00000000000006 23.500000000000004 59.934999450000007 659.95001200000013 0.79465001850000017 303.15000000000003 252.62999955000001 663.50000000000011 2186.0000000000005 0.73085001100000013 91.904998800000016 22.500000000000004 37965.900400000006 33003.750000000007 0.75775000450000007 242.37999955000001 92.534999850000005 89.204998000000018 88.094997400000011 91.005001050000018 91.904998800000016 248.37999955000001 88.889999400000008 0.77275002000000015 235.92000045 264.38000002000007 37965.900400000006 1.0000000180025095e-35 91.404998800000016 87.139999400000008
decision_type=2 2 2 2 2 2 2 2 2 2 2 2 2 2 2 2 2 2 2 2 2 2 2 2 2 2 2 2 2 2
left_child=1 27 4 -4 5 6 12 11 -9 -10 -11 -8 13 -2 24 28 18 -18 19 -17 -20 22 -22 -14 -15 26 -12 -1 29 -16
right_child=2 -3 3 -5 -6 -7 7 8 9 10 25 -13 23 14 15 16 17 -19 20 -21 21 -23 -24 -25 -26 -27 -28 -29 -30 -31
leaf_value=0.45097108408808706 -0.47783854566939432 -7.8116712470849352 -6.3982193447649482 0.69764927662909026 -2.8165650634715953 5.4060518571308682 -1.8687043483141901 4.0264731778038874 -1.8866589801834412 1.6731764457442544 0.15022816530464658 0.18939438800920139 0.41931958814172754 1.630553592335094 -0.25316343496240901 0.43573806424649975 -0.65581014079095434 -0.098105192924199183 0.66498809173566265 -0.17800250886041463 -0.32459553027500482 0.56571757804647271 0.19921548500942496 0.042594953061420061 0.29366469644023219 1.3223236514062717 0.48698305433753353 -1.3766109432492937 -0.55251818450155299 0.061343871166044214
leaf_weight=20 263 24 20 20 24 21 41 27 27 33 1488 22 440 22 1329 348 243 891 366 1146 353 166 383 1213 177 29 390 21 224 735
leaf_count=20 263 24 20 20 24 21 41 27 27 33 1488 22 440 22 1329 348 243 891 366 1146 353 166 383 1213 177 29 390 21 224 735
internal_value=0 -3.1903 0.0198611 -2.85029 0.030899 0.0374847 0.0265982 0.239353 0.28325 0.231868 0.261353 -1.15 -0.0261355 -0.0681713 -0.0512918 -0.0671485 -2.96591e-05 -0.217613 0.0893041 -0.0350429 0.235814 0.0616701 -0.0520145 0.142873 0.441461 0.236922 0.220161 -0.485108 -0.181438 -0.141166
internal_weight=0 65 10441 40 10401 10377 10356 2057 1994 1967 1940 63 8299 6646 6383 6184 3896 1134 2762 1494 1268 902 736 1653 199 1907 1878 41 2288 2064
internal_count=10506 65 10441 40 10401 10377 10356 2057 1994 1967 1940 63 8299 6646 6383 6184 3896 1134 2762 1494 1268 902 736 1653 199 1907 1878 41 2288 2064
is_linear=0
shrinkage=0.5


Tree=9
num_leaves=31
num_cat=0
split_feature=16 18 32 12 16 5 36 31 36 40 18 10 18 30 16 41 30 5 16 36 5 16 30 30 16 5 30 16 30 5
split_gain=3050.69 740.108 1260.48 509.309 612.893 404.036 268.432 236.052 233.735 495.718 240.314 185.079 191.215 184.607 281.21 164.417 132.475 152.867 165.943 128.049 125.18 117.68 116.093 185.928 162.657 243.23 157.441 136.706 226.908 155.938
threshold=321.02500000000003 331.00000000000006 0.92499998200000011 325.65000000000003 292.02500000000003 81.189998650000021 29.500000000000004 160316.25000000003 52.184999450000007 1.0000000180025095e-35 631.0499880000001 0.20050000400000004 687.20001200000013 94.755001050000018 259.47499980000003 1.0000000180025095e-35 91.904998800000016 89.375000000000014 241.67000045 28.500000000000004 91.395000500000023 242.87999955000001 90.465000150000023 90.534999850000005 232.77500000000001 86.215000150000023 89.755001050000018 240.67000045 89.625000000000014 84.404998800000016
decision_type=2 2 2 2 2 2 2 2 2 2 2 2 2 2 2 2 2 2 2 2 2 2 2 2 2 2 2 2 2 2
left_child=1 2 -1 19 5 6 -5 8 9 10 22 -12 16 20 -15 -11 17 18 -13 -3 -14 -18 24 -24 -7 27 -27 28 29 -26
right_child=-2 3 -4 4 -6 7 -8 -9 -10 15 11 12 13 14 -16 -17 21 -19 -20 -21 -22 -23 23 -25 25 26 -28 -29 -30 -31
leaf_value=-4.5471827069607871 -6.1693619251251217 0.9189554012957073 -0.042544458400119438 0.078988679108165566 -2.1038365044138012 -0.27332276904069985 2.4262625569927283 -0.35898900443761805 0.37816690661600749 -0.46831120537143367 0.31853865528399045 -0.14231423074796962 0.33711578271093784 -0.87696287878430812 0.50109661327198496 -0.041137884522828717 -0.75229691957227063 0.97791339326323123 0.27183656115612637 2.6867261813953518 0.96274850393638189 -0.0069499246922062122 -0.7582506730285441 -0.10203574028409453 -0.328664525083321 1.2538430677040626 0.33993086766927533 0.33549821387096568 -0.485483379690693 0.44751462884415677
leaf_weight=24 20 21 44 21 34 305 29 404 462 649 938 357 213 65 86 345 54 57 750 20 128 2743 116 1554 102 57 272 199 260 177
leaf_count=24 20 21 44 21 34 305 29 404 462 649 938 357 213 65 86 345 54 57 750 20 128 2743 116 1554 102 57 272 199 260 177
internal_value=0 0.0117669 -1.63242 0.0224987 0.0155497 0.0225166 1.44041 0.015629 0.0309334 0.0139161 0.0532805 0.116684 0.0741643 0.368149 -0.0921078 -0.320047 0.0376482 0.179392 0.138276 1.78128 0.571957 -0.0213399 -0.0590825 -0.147617 0.0486819 0.140726 0.498268 -0.0186656 -0.149424 0.16375
internal_weight=0 10486 68 10418 10377 10343 50 10293 9889 9427 8433 5391 4453 492 151 994 3961 1164 1107 41 341 2797 3042 1670 1372 1067 329 738 539 279
internal_count=10506 10486 68 10418 10377 10343 50 10293 9889 9427 8433 5391 4453 492 151 994 3961 1164 1107 41 341 2797 3042 1670 1372 1067 329 738 539 279
is_linear=0
shrinkage=0.5


Tree=10
num_leaves=31
num_cat=0
split_feature=16 12 27 38 18 5 16 38 20 30 15 5 30 30 30 16 5 18 5 16 5 5 16 30 5 16 18 5 16 38
split_gain=762.672 432.463 1801.95 254.783 160.409 228.322 218.562 315.644 269.195 490.533 152.142 135.824 194.256 136.492 238.4 235.062 129.704 119.347 118.478 169.686 123.767 223.128 151.774 151.019 310.655 162.853 154.533 134.952 115.379 112.668
threshold=321.02500000000003 311.65000000000003 1.0000000180025095e-35 0.76240000100000016 364.50000000000006 16.254999200000004 256.67000045000003 0.73749998250000004 1.0000000180025095e-35 91.99499895000001 39102.599600000009 88.965000150000023 92.935001350000007 93.375000000000014 93.24499895000001 249.87999955000001 91.229999550000016 676.0499880000001 89.610000600000021 263.77500000000003 90.005001050000018 90.310001400000019 254.67000045 93.904998800000016 91.139999400000008 253.37999955000001 688.0499880000001 90.755001050000018 254.62999955000001 0.77875000250000015
decision_type=2 2 2 2 2 2 2 2 2 2 2 2 2 2 2 2 2 2 2 2 2 2 2 2 2 2 2 2 2 2
left_child=1 2 -1 4 -3 -6 7 -7 -8 -10 11 12 29 14 17 16 -15 -13 28 20 22 -22 -20 24 25 27 -25 -23 -17 -5
right_child=-2 3 -4 10 5 6 8 -9 9 -11 -12 13 -14 15 -16 18 -18 -19 19 -21 21 23 -24 26 -26 -27 -28 -29 -30 -31
leaf_value=1.1001417240237488 -3.0846807003021239 1.2119910529879636 -4.3710887432098389 0.0083646567643171389 -1.1326629883920154 -1.3525866810232401 -0.15258487121712777 0.2534488927778365 3.5898396259262446 0.51631673118647403 0.75813388085225597 0.04457969287527893 -0.60502931042371888 -0.34569739570199953 0.69384238534973419 -1.1411858357489109 -1.5322708094844948 0.43601543569494655 -0.026121754237765988 1.3649947379405301 -0.5620751626417041 -0.063722298315012457 0.76499506469880196 -0.4105792562201051 -1.0064275419143469 1.0493911517685965 0.076398282192342917 0.83277070186522906 -0.1616430598780636 -0.13743764418615415
leaf_weight=34 20 43 27 3430 30 32 31 696 21 34 64 1536 161 61 183 40 37 223 127 24 175 122 116 236 38 95 526 64 121 2159
leaf_count=34 20 43 27 3430 30 32 31 696 21 34 64 1536 161 61 183 40 37 223 127 24 175 122 116 236 38 95 526 64 121 2159
internal_value=0 0.00588343 -1.32155 0.0136507 0.269971 0.221978 0.271903 0.182854 1.02571 1.68984 -0.0101863 -0.0153765 -0.063556 0.0590144 0.15071 -0.0409143 -0.793689 0.0942046 0.00289332 0.0460135 0.0248957 -0.0382988 0.351531 0.0464939 0.335333 0.516781 -0.0744242 0.244748 -0.405008 -0.047958
internal_weight=0 10486 61 10425 887 844 814 728 86 55 9538 9474 5750 3724 1942 1782 98 1759 1684 1523 1499 1256 243 1081 319 281 762 186 161 5589
internal_count=10506 10486 61 10425 887 844 814 728 86 55 9538 9474 5750 3724 1942 1782 98 1759 1684 1523 1499 1256 243 1081 319 281 762 186 161 5589
is_linear=0
shrinkage=0.5


Tree=11
num_leaves=31
num_cat=0
split_feature=12 16 16 32 15 25 36 15 1 39 11 7 38 36 10 33 18 38 10 33 16 40 5 24 36 5 41 31 24 12
split_gain=505.366 5179.94 2258.37 709.672 391.102 135.691 276.958 246.213 191.533 323.487 293.235 159.235 123.35 135.968 113.925 105.338 94.2834 112.348 101.387 88.2042 74.9729 70.0067 66.4869 64.4267 64.0949 57.6362 56.4106 73.2158 70.9655 56.3059
threshold=333.15000000000003 301.77500000000003 300.77500000000003 -1.0000000180025095e-35 496.00000000000006 1.0000000180025095e-35 59.934999450000007 32971.750000000007 1.0000000180025095e-35 1.0000000180025095e-35 1.0000000180025095e-35 1.0000000180025095e-35 0.76089999100000016 46.00499915000001 0.49449999650000004 1.0000000180025095e-35 566.2999880000001 0.77375000700000007 0.30949999350000007 1.0000000180025095e-35 236.75499955000001 1.0000000180025095e-35 86.99499895000001 2144.3499750000005 43.370000850000004 88.045002000000011 1.0000000180025095e-35 129645.6015 2847.6500250000004 368.58999865000004
decision_type=2 2 2 2 2 2 2 2 2 2 2 2 2 2 2 2 2 2 2 2 2 2 2 2 2 2 2 2 2 2
left_child=2 5 3 -1 -5 6 8 -7 9 10 19 -11 13 -9 -14 16 -10 23 -19 21 25 -2 24 -18 -12 -20 27 28 -25 -23
right_child=1 -3 -4 4 -6 7 -8 12 15 11 22 -13 14 -15 -16 -17 17 18 20 -21 -22 29 -24 26 -26 -27 -28 -29 -30 -31
leaf_value=-2.6511591494083406 0.20596465769972558 -8.0496541142463691 5.8705725133419033 -0.55925091568912777 2.0187391328715507 -1.7976348918417226 1.3874516777090125 1.5484513660723513 -0.65675164338869929 -0.10542171622748149 0.088278856277465817 -0.40574560630609213 -0.37470041904529827 -0.066275423625484109 0.0024805379780907617 -0.16729343527441018 1.0133777111768723 0.20394082463480692 -0.22469535146785133 -0.049584211289725254 0.022825207587432551 -0.30414802469606472 -0.20255969262968462 0.28968713662168782 -0.80505474833041135 -1.1337613625451923 0.13067145487344217 0.64890171534415064 -0.46822152936224348 0.10754414277107571
leaf_weight=20 1693 20 20 28 31 23 37 22 39 1286 25 672 407 32 394 355 26 815 136 639 1512 127 325 482 102 20 805 140 33 240
leaf_count=20 1693 20 20 28 31 23 37 22 39 1286 25 672 407 32 394 355 26 815 136 639 1512 127 325 482 102 20 805 140 33 240
internal_value=0 -0.0106957 1.12434 -0.0772316 0.795286 0.00478318 0.0221484 -0.183287 0.0168152 -0.0488895 0.0502879 -0.208495 -0.13986 0.591576 -0.189171 0.0937542 0.116876 0.124478 0.0593998 0.112708 -0.0112243 0.163049 -0.322435 0.233218 -0.629202 -0.341242 0.219325 0.328281 0.241122 -0.0349215
internal_weight=0 10407 99 79 59 10387 9509 878 9472 5109 3151 1958 855 54 801 4363 4008 3969 2483 2699 1668 2060 452 1486 127 156 1460 655 515 367
internal_count=10506 10407 99 79 59 10387 9509 878 9472 5109 3151 1958 855 54 801 4363 4008 3969 2483 2699 1668 2060 452 1486 127 156 1460 655 515 367
is_linear=0
shrinkage=0.5


Tree=12
num_leaves=31
num_cat=0
split_feature=30 16 16 15 32 36 19 41 38 5 10 30 24 38 12 30 16 10 5 12 5 5 30 16 15 30 16 30 30 16
split_gain=586.085 4979.22 4802.89 548.04 1065.07 242.373 302.953 144.215 98.0727 74.8874 177.597 83.884 82.0789 75.2308 78.9942 61.4845 87.6407 71.7294 61.458 138.07 96.6879 92.7527 84.835 76.3548 75.6485 71.0152 65.4636 88.2137 93.1502 61.9265
threshold=64.315000550000022 266.02500000000003 311.90000000000003 663.50000000000011 -1.0000000180025095e-35 24.500000000000004 1.0000000180025095e-35 1.0000000180025095e-35 0.79465001850000017 83.264999400000008 0.080499999200000019 88.419998200000023 2068.0000000000005 0.77924999550000007 373.80999950000006 88.659999850000005 228.77500000000001 0.38949999250000006 85.505001050000018 365.18499985 85.764999400000008 85.110000600000021 90.465000150000023 242.87999955000001 38977.701200000003 90.465000150000023 233.52500000000001 89.849998500000012 89.625000000000014 238.67000045
decision_type=2 2 2 2 2 2 2 2 2 2 2 2 2 2 2 2 2 2 2 2 2 2 2 2 2 2 2 2 2 2
left_child=2 8 3 4 -1 6 -6 -8 9 10 -2 -12 -11 14 15 16 -14 -18 19 29 22 23 -20 -21 26 -23 -22 28 -28 -17
right_child=1 -3 -4 -5 5 -7 7 -9 -10 12 11 -13 13 -15 -16 18 17 -19 20 21 24 25 -24 -25 -26 -27 27 -29 -30 -31
leaf_value=3.159819369686061 -1.520592005164535 -7.209385562222451 8.1994992256164547 -1.668516012790956 -2.4285132337361572 0.93625559786270407 0.79526048882499989 -0.89446975184338429 1.0321945050812287 0.96808193285356869 0.24045197621864431 -0.73108394600620319 -0.46145149320363998 -0.058775815289124483 0.10927511525467806 -0.17858157765876967 1.0375310487883247 0.010888567358186399 0.7557305742974405 -0.65981760232641207 -0.36809519840261112 -0.4559706652233767 -0.19254440091112079 0.29385988509585692 0.42773351979624363 -1.3646827758571436 -0.091946761822327971 -0.018309891948942093 1.036624051630497 0.29545177225685437
leaf_weight=29 27 24 20 38 20 29 23 28 23 22 68 33 23 3443 2220 160 46 27 77 41 130 43 34 43 97 43 33 3500 41 121
leaf_count=29 27 24 20 38 20 29 23 28 23 22 68 33 23 3443 2220 160 46 27 77 41 130 43 34 43 97 43 33 3500 41 121
internal_value=0 -0.0158977 0.877263 0.000348138 0.491952 -0.28173 -0.779217 -0.132435 0.000871989 -0.00143724 -0.381492 -0.0769806 0.00335841 0.0012616 0.0322107 -0.00615738 0.389657 0.657814 -0.0148666 -0.189641 0.00528253 -0.545321 0.465268 -0.171626 -0.00815036 -0.910327 -0.0195652 -0.00688788 0.533342 0.0255395
internal_weight=0 10319 187 167 129 100 71 51 10295 10272 128 101 10144 10122 6679 4459 96 73 4363 451 3912 170 111 84 3801 86 3704 3574 74 281
internal_count=10506 10319 187 167 129 100 71 51 10295 10272 128 101 10144 10122 6679 4459 96 73 4363 451 3912 170 111 84 3801 86 3704 3574 74 281
is_linear=0
shrinkage=0.5


Tree=13
num_leaves=31
num_cat=0
split_feature=16 16 15 16 12 30 36 41 30 30 30 30 5 16 5 16 30 16 5 5 5 12 30 5 16 30 5 5 5 5
split_gain=1474.9 491.384 1039.78 755.546 411.389 640.039 398.74 299.156 154.763 79.4832 84.349 66.1843 213.916 199.171 159.198 148.287 120.221 258.822 130.097 224.782 121.526 105.72 104.61 198.047 103.339 91.3577 136.567 102.853 87.8299 84.459
threshold=321.02500000000003 265.52500000000003 28511.849600000005 278.15000000000003 374.08999850000004 50.565000550000008 46.985000600000006 1.0000000180025095e-35 52.690000550000008 87.159999850000005 87.810001350000007 91.404998800000016 87.139999400000008 246.67000045 88.094997400000011 242.37999955000001 90.465000150000023 236.25499955000001 88.639999400000008 88.255001050000018 88.560001400000019 363.02500000000003 91.904998800000016 87.284999850000005 251.12999955000001 92.534999850000005 91.125000000000014 89.844997400000011 87.715000150000023 88.344997400000011
decision_type=2 2 2 2 2 2 2 2 2 2 2 2 2 2 2 2 2 2 2 2 2 2 2 2 2 2 2 2 2 2
left_child=1 2 -1 6 5 7 -3 -5 -7 -4 -11 12 -12 14 -13 16 -14 -18 19 -19 -21 -16 -15 24 -24 27 -27 -23 -17 -25
right_child=-2 3 9 4 -6 8 -8 -9 -10 10 11 13 15 22 21 28 17 18 -20 20 -22 25 23 29 -26 26 -28 -29 -30 -31
leaf_value=-3.3647541079832162 -4.2896589666604994 0.9289430808275938 0.97259034180925008 -3.1965313240885735 1.9835609320713126 1.8035886487500234 3.350476136102396 -0.62438358882298839 0.11121722779103688 -0.82466301213829751 -0.031656529134467724 -0.40905860213253709 0.52773350242904982 0.31823085734836332 -0.4230560542215317 0.31819159221745591 -0.79259479437136982 0.20422995160733989 0.79223586008218783 -0.89203292221106867 0.3007424347873392 -0.023294003301003816 -1.6672262819040389 0.23284620989165786 -0.42096702875569464 -0.46404838976241758 0.7751161057129502 0.51301010700840421 0.87978126812127555 0.0026790414719982778
leaf_weight=23 20 34 21 20 23 22 34 26 35 31 2467 476 157 298 199 184 82 560 70 81 29 1141 21 450 80 201 25 97 112 3487
leaf_count=23 20 34 21 20 23 22 34 26 35 31 2467 476 157 298 199 184 82 560 70 81 29 1141 21 450 80 201 25 97 112 3487
internal_value=0 0.00818169 -0.00667858 0.796542 0.0716576 -0.355272 2.13971 -1.74271 0.764413 0.000842674 -0.00114861 0.00135006 0.0542864 -0.0292426 -0.154096 0.220577 0.126817 0.0502425 0.143638 0.0758741 -0.577574 -0.0811187 0.0323492 0.0112515 -0.68009 -0.0346395 -0.326973 0.0187266 0.530685 0.0289872
internal_weight=0 10486 10292 194 126 103 68 46 57 10269 10248 10217 3742 6475 2139 1275 979 822 740 670 110 1663 4336 4038 101 1464 226 1238 296 3937
internal_count=10506 10486 10292 194 126 103 68 46 57 10269 10248 10217 3742 6475 2139 1275 979 822 740 670 110 1663 4336 4038 101 1464 226 1238 296 3937
is_linear=0
shrinkage=0.5


Tree=14
num_leaves=31
num_cat=0
split_feature=36 30 36 3 16 31 32 12 32 16 15 38 5 30 32 30 16 18 16 16 12 15 30 16 18 30 18 30 24 15
split_gain=466.324 515.476 4116.91 2565.87 411.413 373.47 377.385 552.868 253.882 188.831 135.512 62.3774 89.0838 72.0052 105.511 65.7975 120.732 65.4663 63.0262 60.0049 66.7315 59.5361 77.621 68.6513 106.83 55.3168 48.1015 66.7168 72.5983 53.436
threshold=60.184999450000007 64.315000550000022 40.500000000000007 1.0000000180025095e-35 266.02500000000003 122617.80100000002 22.724999400000005 308.65000000000003 10.699999800000002 281.27500000000003 28511.849600000005 0.76640000950000009 84.609996800000019 88.419998200000023 1.0950000250000003 89.154998800000016 231.44999924999999 584.0499880000001 261.00500000000005 244.67000045 354.93499985 35968.048800000011 93.125000000000014 250.37999955000001 629.50000000000011 91.904998800000016 701.0499880000001 94.755001050000018 2917.7500000000005 38002.050800000005
decision_type=2 2 2 2 2 2 2 2 2 2 2 2 2 2 2 2 2 2 2 2 2 2 2 2 2 2 2 2 2 2
left_child=1 3 -3 5 10 6 7 -1 -9 -7 -4 18 13 -13 17 -14 -17 -15 19 20 -12 22 23 25 -25 -18 27 28 -23 -28
right_child=-2 2 4 -5 -6 9 -8 8 -10 -11 11 12 15 14 -16 16 21 -19 -20 -21 -22 26 -24 24 -26 -27 29 -29 -30 -31
leaf_value=1.5874217472532217 -2.2014635230104127 -6.8417118357663806 1.3011223050765692 6.0428511493262791 2.2162446926037469 0.21621227419624725 -2.3105151949539069 -2.2976408688859506 0.13287934128727233 2.1437559497577174 0.7797031398289479 0.004285226362077771 0.28328403644014727 -1.6095506176352501 0.29617344401776791 -0.74179178075211349 -0.012890439512916756 -0.61706592817790806 -0.74359939642520412 0.20425008082992424 -0.038385802197338711 0.00023684214022668602 -0.29726228278586142 -0.56304027435972415 0.41397215045334274 -0.2166838272075223 0.094650036799796125 -0.56567226441613594 0.36843094240574942 0.63028654215797297
leaf_weight=34 24 22 20 21 21 24 21 22 21 27 26 74 187 24 23 57 1077 54 22 757 604 5877 356 34 158 482 187 51 137 62
leaf_count=34 24 22 20 21 21 24 21 22 21 27 26 74 187 24 23 57 1077 54 22 757 604 5877 356 34 158 482 187 51 137 62
internal_value=0 0.00504056 -0.009196 0.868613 0.00541191 0.139358 -0.431695 0.0807105 -1.11064 1.23668 0.000890776 -0.00164651 -0.0172195 -0.37041 -0.644938 -0.0100864 -0.0165573 -0.922446 0.0960578 0.109376 -0.0046234 -0.0116483 -0.0844261 -0.0411538 0.24096 -0.0758978 0.0126378 0.00379516 0.00862437 0.228021
internal_weight=0 10482 10312 170 10290 149 98 77 43 51 10269 10249 8840 175 101 8665 8478 78 1409 1387 630 8421 2107 1751 192 1559 6314 6065 6014 249
internal_count=10506 10482 10312 170 10290 149 98 77 43 51 10269 10249 8840 175 101 8665 8478 78 1409 1387 630 8421 2107 1751 192 1559 6314 6065 6014 249
is_linear=0
shrinkage=0.5


Tree=15
num_leaves=31
num_cat=0
split_feature=16 15 36 24 31 18 36 24 32 16 18 30 5 15 30 5 5 5 5 16 30 30 30 30 30 5 30 16 5 30
split_gain=758.31 260.443 321.845 221.642 1419.72 210.017 177.343 129.503 84.4776 53.5988 73.209 63.879 63.6927 54.4886 48.2506 133.782 99.4564 120.717 89.186 63.16 115.769 123.704 153.318 134.34 104.947 91.9173 77.4986 82.4638 129.756 125.996
threshold=303.15000000000003 39102.599600000009 41.309999450000007 808.00000000000011 35271.500000000007 475.00000000000006 17.000000000000004 856.00000000000011 10.699999800000002 257.72499980000003 614.95001200000013 94.755001050000018 92.360000600000021 36038.750000000007 93.904998800000016 91.354999500000005 91.139999400000008 90.43999860000001 91.354999500000005 252.92000045 92.904998800000016 92.875000000000014 92.534999850000005 92.435001350000007 92.654998800000016 89.034999850000005 92.154998800000016 242.87999955000001 88.094997400000011 91.005001050000018
decision_type=2 2 2 2 2 2 2 2 2 2 2 2 2 2 2 2 2 2 2 2 2 2 2 2 2 2 2 2 2 2
left_child=1 3 -3 4 6 7 8 -5 -1 11 -11 12 14 -12 16 -16 17 19 -18 20 21 22 23 26 -24 -22 27 -7 29 -29
right_child=-2 2 -4 5 -6 9 -8 -9 -10 10 13 -13 -14 -15 15 -17 18 -19 -20 -21 25 -23 24 -25 -26 -27 -28 28 -30 -31
leaf_value=0.78799977563321588 -2.323457303496876 2.4585026763379574 0.1632254525486912 0.22722568940371274 -3.464190760627389 -0.039606943826751326 1.8686488650739193 2.0050056349996122 -0.64784657210111618 1.0114450342953205 -0.029224589527320408 -0.73304035291075709 0.81121918349526823 0.29909060898289802 -0.34771535426927064 0.21969444114835032 -1.2223116986453533 0.26587635840385637 -0.16934804453468713 0.13799986742277343 -0.91795200763477225 0.36430049534326636 -0.49770493487863299 0.35780628017053218 -0.046707397757927538 -0.17401413617515699 -0.17097619133401995 0.23093938500415989 0.25015309937900498 -0.077056580380428619
leaf_weight=20 35 24 42 20 32 3251 20 21 21 24 282 30 24 229 315 155 30 435 61 718 45 226 260 265 256 537 637 451 781 1259
leaf_count=20 35 24 42 20 32 3251 20 21 21 24 282 30 24 229 315 155 30 435 61 718 45 226 260 265 256 537 637 451 781 1259
internal_value=0 0.00776631 0.997872 0.00148597 -0.766945 0.00841615 0.648003 1.1378 0.0525663 0.00390787 0.157991 -0.0045591 -0.00230745 0.117907 -0.00432404 -0.160591 0.00364875 0.00883805 -0.516479 -0.00403458 -0.0168334 8.46452e-05 -0.0114116 0.00897858 -0.273954 -0.231535 -0.00551262 0.0128434 0.0812963 0.0041751
internal_weight=0 10471 66 10405 93 10312 61 41 41 10271 535 9736 9706 511 9682 470 9212 9121 91 8686 7968 7386 7160 6644 516 582 6379 5742 2491 1710
internal_count=10506 10471 66 10405 93 10312 61 41 41 10271 535 9736 9706 511 9682 470 9212 9121 91 8686 7968 7386 7160 6644 516 582 6379 5742 2491 1710
is_linear=0
shrinkage=0.5


Tree=16
num_leaves=31
num_cat=0
split_feature=18 18 28 18 16 36 20 31 16 5 16 24 30 5 5 24 30 16 16 30 16 15 18 38 16 30 5 5 5 5
split_gain=409.909 1011.39 1908.17 1158.35 612.642 548.441 728.989 178.298 132.2 41.0288 68.2121 44.8167 43.5248 96.9429 168.777 120.764 102.755 123.512 77.9645 86.4192 115.171 94.8623 72.0383 69.362 62.7106 61.4364 109.009 125.901 95.7314 133.773
threshold=1.0000000180025095e-35 475.00000000000006 1.0000000180025095e-35 331.00000000000006 293.52500000000003 40.500000000000007 1.0000000180025095e-35 135142.20300000001 266.02500000000003 81.189998650000021 228.77500000000001 2368.3499750000005 89.625000000000014 86.344997400000011 86.610000600000021 2964.0000000000005 89.755001050000018 235.52500000000001 238.67000045 90.465000150000023 243.92000045 32996.849600000009 615.95001200000013 0.77974998950000007 238.67000045 90.465000150000023 87.420002000000025 86.860000600000021 86.99499895000001 87.255001050000018
decision_type=2 2 2 2 2 2 2 2 2 2 2 2 2 2 2 2 2 2 2 2 2 2 2 2 2 2 2 2 2 2
left_child=-1 2 3 -2 7 6 -3 -5 9 -7 11 -11 24 15 -15 18 -16 -18 -14 21 22 -20 -21 -22 -12 26 27 -19 -27 -30
right_child=1 5 -4 4 -6 8 -8 -9 -10 10 12 -13 13 14 16 -17 17 25 19 20 23 -23 -24 -25 -26 28 -28 -29 29 -31
leaf_value=1.6612952005218815 -3.2266852796225205 -0.080819809629071149 -5.5662743695404222 0.69474785327911381 3.028366592526436 0.69677801465704325 3.5092291900744805 -1.4165221877396106 1.106440191467603 -1.0021384541911107 0.076427247287205541 -0.17253513938588341 -0.43924243925179624 0.40229707711136364 0.80597205861256671 1.0535417564213276 -0.40390523371994885 0.61841655114177063 -0.61527296350619132 -0.502171644759697 -0.19053498725090764 0.18035390044728941 -1.5221248152463331 0.68814776748418804 0.61047595458441095 -0.2456194455461467 1.1179021551753536 -0.37444186344770575 0.25857885747599318 -0.0094974155579303481
leaf_weight=37 26 31 23 20 20 21 26 20 27 27 556 41 231 264 39 20 192 61 43 70 221 291 23 25 61 391 33 67 498 7101
leaf_count=37 26 31 23 20 20 21 26 20 27 27 556 41 231 264 39 20 192 61 43 70 221 291 23 25 61 391 33 67 498 7101
internal_value=0 -0.00587142 -1.52098 -0.439093 0.768864 0.0100693 1.55675 -0.360887 0.00151255 -0.00139063 -0.00282032 -0.501936 0.000511364 -0.00778718 0.00866413 -0.161724 -0.00373376 -0.0075188 -0.188611 -0.102584 -0.280429 0.0779229 -0.754418 -0.101238 0.129226 0.00181824 0.307618 0.0987172 -0.00434369 0.00807095
internal_weight=0 10469 109 86 60 10360 57 40 10303 10276 10255 68 10187 9570 8646 924 8382 8343 904 673 339 334 93 246 617 8151 161 128 7990 7599
internal_count=10506 10469 109 86 60 10360 57 40 10303 10276 10255 68 10187 9570 8646 924 8382 8343 904 673 339 334 93 246 617 8151 161 128 7990 7599
is_linear=0
shrinkage=0.5


Tree=17
num_leaves=31
num_cat=0
split_feature=30 16 16 32 19 18 32 41 5 37 15 1 28 24 39 36 24 31 11 24 5 18 12 16 7 18 30 30 5 31
split_gain=336.41 3629.53 2073.87 406.899 324.819 228.11 153.436 114.671 39.6537 37.9259 50.22 34.697 116.116 55.901 59.6011 47.8294 79.3959 46.1206 53.1292 45.7514 44.4909 63.0383 47.5895 42.8224 40.0037 57.1367 37.8002 29.1166 41.2268 44.5098
threshold=58.815000550000008 276.40000000000003 305.65000000000003 -5.1449999799999988 1.0000000180025095e-35 364.50000000000006 11.924999700000003 1.0000000180025095e-35 1.0000000180025095e-35 1.0000000180025095e-35 34973.349600000009 1.0000000180025095e-35 1.0000000180025095e-35 2068.0000000000005 1.0000000180025095e-35 46.309999500000011 2273.9000250000004 143801.25000000003 1.0000000180025095e-35 3152.3499750000005 88.229999550000016 607.95001200000013 366.12000120000005 253.07999935000001 1.0000000180025095e-35 663.0499880000001 90.125000000000014 93.314998650000021 89.204998000000018 141909.05450000003
decision_type=2 2 2 2 2 2 2 2 2 2 2 2 2 2 2 2 2 2 2 2 2 2 2 2 2 2 2 2 2 2
left_child=2 9 3 -1 5 -5 7 -6 -8 11 -11 12 15 -13 17 -2 -17 18 24 27 21 -19 -22 -14 26 -26 -15 28 29 -18
right_child=1 -3 -4 4 6 -7 8 -9 -10 10 -12 13 23 14 -16 16 19 20 -20 -21 22 -23 -24 -25 25 -27 -28 -29 -30 -31
leaf_value=-2.0371350588276984 0.031335942792806701 -6.578229371635687 5.4796330023556949 0.45372050069272518 2.1406165477016876 -1.8794198219071736 0.67733638621866699 0.62680712037465791 -0.31832565404474733 -0.54994821516068082 0.21457828142250387 0.83878130430266973 0.065681877531822988 0.09627535847342901 0.092509908480165479 -1.0104109204063814 -0.15055606416076334 -0.41677804427364695 0.47097088777356677 0.62105362523685803 -0.27023631518137359 0.25064642296821671 0.04454684403965032 0.32788359307493836 -0.073718400212503921 0.22338135884651406 -0.17464363816290662 -0.20493877849890021 0.067311190056011411 0.027308749378754285
leaf_weight=20 827 21 20 20 29 22 20 22 20 23 325 21 843 148 1869 24 1484 39 45 22 146 381 676 191 612 220 990 562 403 461
leaf_count=20 827 21 20 20 29 22 20 22 20 23 325 21 843 148 1869 24 1484 39 45 22 146 381 676 191 612 220 990 562 403 461
internal_value=0 -0.011577 0.691474 0.0655707 0.381767 -0.768401 0.912614 1.4876 0.179505 0.00179576 0.164049 -0.00387107 -0.0343702 0.0246726 0.0213374 -0.0749556 -0.104693 -0.0195043 -0.0662166 -0.0972789 0.0562811 0.188671 -0.0113635 0.114116 -0.0784874 0.00484163 -0.13941 -0.10271 -0.0782408 -0.108399
internal_weight=0 10333 173 153 133 42 91 51 40 10312 348 9964 4817 5147 5126 3783 2956 3257 2015 2932 1242 420 822 1034 1970 832 1138 2910 2348 1945
internal_count=10506 10333 173 153 133 42 91 51 40 10312 348 9964 4817 5147 5126 3783 2956 3257 2015 2932 1242 420 822 1034 1970 832 1138 2910 2348 1945
is_linear=0
shrinkage=0.5


Tree=18
num_leaves=31
num_cat=0
split_feature=16 15 5 36 15 32 15 18 38 5 5 10 30 5 30 5 16 5 30 16 5 18 5 5 16 5 12 5 5 30
split_gain=571.419 380.602 1479.24 489.331 361.022 228.276 132.021 125.838 114.732 33.3543 35.8873 79.4552 57.294 40.8941 95.6645 89.0641 78.8501 47.2691 37.1654 119.418 71.5956 87.5719 72.3599 179.154 65.6986 87.6523 66.2658 66.2593 54.5852 124.577
threshold=321.02500000000003 2186.0000000000005 81.689998650000021 34.500000000000007 663.50000000000011 -1.0000000180025095e-35 284.00000000000006 442.50000000000006 0.73085001100000013 82.564998650000021 83.514999400000008 0.30050000550000006 88.419998200000023 84.145000500000023 88.419998200000023 84.609996800000019 247.12999955000001 83.895000500000023 91.404998800000016 243.42000045 87.93999860000001 641.0499880000001 88.670002000000025 88.420002000000025 239.44999924999999 88.49499895000001 366.12000120000005 87.005001050000018 88.229999550000016 92.625000000000014
decision_type=2 2 2 2 2 2 2 2 2 2 2 2 2 2 2 2 2 2 2 2 2 2 2 2 2 2 2 2 2 2
left_child=1 3 -3 4 5 -1 -7 -8 -4 -10 11 12 -11 14 -12 16 -15 -16 24 -20 -21 -22 23 28 26 -26 -17 -28 -23 -30
right_child=-2 2 8 -5 -6 6 7 -9 9 10 13 -13 -14 15 17 18 -18 -19 19 20 21 22 -24 -25 25 -27 27 -29 29 -31
leaf_value=1.3399861569588001 -2.6700459718704224 -3.0804982697352385 1.0340096208232421 3.0119265693993795 2.0073898074955774 0.47328633058350533 -1.4105757509960848 0.08477813222755988 0.64702979568392038 -0.26549961128168637 1.2700985152096975 0.22777216136455536 -1.3666673990942182 -0.65282873867937685 -0.31246572304517028 0.032422884037137195 0.42428786697841825 0.46112291156672514 -0.21868295226545204 -0.12403921010213551 0.25183774535030956 0.30466058819001773 0.035754855004672674 -0.44084294429633003 0.09265174475098012 0.68424617472427107 -0.40052852669374689 0.0029567264535423055 0.15299828685820102 -0.68677293519932225
leaf_weight=26 20 39 27 21 29 32 34 24 20 27 21 37 21 89 40 1276 21 39 660 899 406 160 3854 287 1704 65 204 203 160 61
leaf_count=26 20 39 27 21 29 32 34 24 20 27 21 37 21 89 40 1276 21 39 660 899 406 160 3854 287 1704 65 204 203 160 61
internal_value=0 0.00509259 -0.00698873 0.756173 0.429477 0.0349992 -0.341997 -0.791809 0.00467033 0.00195996 0.00069932 -0.322835 -0.747261 0.00340898 0.321572 0.000242864 -0.447197 0.0694325 0.00519491 -0.017109 0.0057224 0.0293944 0.00942272 -0.142499 0.0471085 0.114389 -0.0236102 -0.199282 0.0822369 -0.0787938
internal_weight=0 10486 10320 166 145 116 90 58 10281 10254 10234 85 48 10149 100 10049 110 79 9939 6487 5827 4928 4522 668 3452 1769 1683 407 381 221
internal_count=10506 10486 10320 166 145 116 90 58 10281 10254 10234 85 48 10149 100 10049 110 79 9939 6487 5827 4928 4522 668 3452 1769 1683 407 381 221
is_linear=0
shrinkage=0.5


Tree=19
num_leaves=31
num_cat=0
split_feature=18 36 32 16 32 39 15 16 5 16 24 15 5 16 38 36 15 12 5 30 5 5 5 16 30 15 30 24 15 5
split_gain=223.563 1111.64 1702.57 436.7 298.063 213.118 135.186 74.0988 56.7524 99.6564 45.9766 95.8864 64.1485 44.0531 34.772 31.525 64.0763 33.7656 30.5622 56.7539 28.5821 66.7079 65.5902 30.3362 130.159 81.1488 70.7873 66.2107 49.607 57.7044
threshold=475.00000000000006 25.500000000000004 3.9650000350000005 298.02500000000003 21.984999650000002 1.0000000180025095e-35 496.00000000000006 226.02500000000001 24.754999200000004 266.02500000000003 2496.3499750000005 34005.150400000006 89.170002000000025 229.67000045 0.74524998650000007 57.934999450000007 34978.349600000009 365.05999985000005 83.775001550000013 88.419998200000023 92.664997100000008 93.020000450000012 92.404998800000016 250.12999955000001 92.904998800000016 33976.250000000007 93.375000000000014 2592.3499750000005 33006.500000000007 89.875000000000014
decision_type=2 2 2 2 2 2 2 2 2 2 2 2 2 2 2 2 2 2 2 2 2 2 2 2 2 2 2 2 2 2
left_child=1 4 -3 7 5 6 -1 -2 -9 10 11 -10 14 -12 -13 20 -17 -18 19 -16 22 -22 23 26 25 -25 -15 -27 -26 -30
right_child=3 2 -4 -5 -6 -7 -8 8 9 -11 13 12 -14 15 18 16 17 -19 -20 -21 21 -23 -24 24 28 27 -28 -29 29 -31
leaf_value=2.2207121871135853 0.92067841135642747 0.040438696466110369 -5.962330972864514 2.2864362576178143 -1.1800007410347462 -0.2717641286500212 0.5056158868595958 -0.7824596114780592 1.0223616570807421 1.0919319220951624 -0.46531095245370158 0.62531205471605067 0.52644498692825437 -0.02822439023168824 0.040405521457168192 0.98188471174469905 -0.34331139381974934 0.23117955732159318 0.045239898527950406 -0.81453388035297392 -0.87331399664042453 0.16395827214564046 0.82926271078379254 -0.026363789679781171 0.74368280598095482 0.16617720038630068 -0.41337278920424275 0.67572018013782542 -0.1591854684782692 0.026829863538324922
leaf_weight=27 22 27 21 21 24 27 20 23 26 21 54 25 70 5390 55 23 35 95 1863 30 31 31 23 131 21 112 122 148 595 1393
leaf_count=27 22 27 21 21 24 27 20 23 26 21 54 25 70 5390 55 23 35 95 1863 30 31 31 23 131 21 112 122 148 595 1393
internal_value=0 -0.614406 -2.58577 0.00865861 0.351162 0.847756 1.49088 0.00403212 0.00207746 0.00383036 0.00160607 0.0682134 0.0560706 -0.0151919 0.0393822 -0.0122095 0.212611 0.0765089 0.0318625 -0.261338 -0.0165108 -0.354678 -0.0138686 -0.0163195 0.0306003 0.294539 -0.0367491 0.456225 -0.0207685 -0.0288437
internal_weight=0 146 48 10360 98 74 47 10339 10317 10294 10273 2069 2043 8204 1973 8150 153 130 1948 85 7997 62 7935 7912 2400 391 5512 260 2009 1988
internal_count=10506 146 48 10360 98 74 47 10339 10317 10294 10273 2069 2043 8204 1973 8150 153 130 1948 85 7997 62 7935 7912 2400 391 5512 260 2009 1988
is_linear=0
shrinkage=0.5


end of trees

feature_importances:
Column_5=131
Column_30=103
Column_16=100
Column_15=45
Column_18=39
Column_24=35
Column_36=30
Column_38=22
Column_12=16
Column_32=15
Column_31=13
Column_10=9
Column_41=5
Column_28=4
Column_33=4
Column_39=4
Column_1=3
Column_7=3
Column_11=3
Column_20=3
Column_27=3
Column_40=3
Column_19=2
Column_25=2
Column_2=1
Column_3=1
Column_37=1

parameters:
[boosting: gbdt]
[objective: regression]
[metric: rmse,l2]
[tree_learner: serial]
[device_type: cpu]
[data: ]
[valid: ]
[num_iterations: 20]
[learning_rate: 0.5]
[num_leaves: 31]
[num_threads: -1]
[deterministic: 0]
[force_col_wise: 0]
[force_row_wise: 0]
[histogram_pool_size: -1]
[max_depth: 20]
[min_data_in_leaf: 20]
[min_sum_hessian_in_leaf: 0.001]
[bagging_fraction: 1]
[pos_bagging_fraction: 1]
[neg_bagging_fraction: 1]
[bagging_freq: 0]
[bagging_seed: 3]
[feature_fraction: 1]
[feature_fraction_bynode: 1]
[feature_fraction_seed: 2]
[extra_trees: 0]
[extra_seed: 6]
[early_stopping_round: 1000]
[first_metric_only: 0]
[max_delta_step: 0]
[lambda_l1: 0]
[lambda_l2: 0]
[linear_lambda: 0]
[min_gain_to_split: 0]
[drop_rate: 0.1]
[max_drop: 50]
[skip_drop: 0.5]
[xgboost_dart_mode: 0]
[uniform_drop: 0]
[drop_seed: 4]
[top_rate: 0.2]
[other_rate: 0.1]
[min_data_per_group: 100]
[max_cat_threshold: 32]
[cat_l2: 10]
[cat_smooth: 10]
[max_cat_to_onehot: 4]
[top_k: 20]
[monotone_constraints: ]
[monotone_constraints_method: basic]
[monotone_penalty: 0]
[feature_contri: ]
[forcedsplits_filename: ]
[refit_decay_rate: 0.9]
[cegb_tradeoff: 1]
[cegb_penalty_split: 0]
[cegb_penalty_feature_lazy: ]
[cegb_penalty_feature_coupled: ]
[path_smooth: 0]
[interaction_constraints: ]
[verbosity: -1]
[saved_feature_importance_type: 0]
[linear_tree: 0]
[max_bin: 255]
[max_bin_by_feature: ]
[min_data_in_bin: 3]
[bin_construct_sample_cnt: 200000]
[data_random_seed: 1]
[is_enable_sparse: 1]
[enable_bundle: 1]
[use_missing: 1]
[zero_as_missing: 0]
[feature_pre_filter: 1]
[pre_partition: 0]
[two_round: 0]
[header: 0]
[label_column: ]
[weight_column: ]
[group_column: ]
[ignore_column: ]
[categorical_feature: ]
[forcedbins_filename: ]
[precise_float_parser: 0]
[objective_seed: 5]
[num_class: 1]
[is_unbalance: 0]
[scale_pos_weight: 1]
[sigmoid: 1]
[boost_from_average: 1]
[reg_sqrt: 0]
[alpha: 0.9]
[fair_c: 1]
[poisson_max_delta_step: 0.7]
[tweedie_variance_power: 1.5]
[lambdarank_truncation_level: 30]
[lambdarank_norm: 1]
[label_gain: ]
[eval_at: ]
[multi_error_top_k: 1]
[auc_mu_weights: ]
[num_machines: 1]
[local_listen_port: 12400]
[time_out: 120]
[machine_list_filename: ]
[machines: ]
[gpu_platform_id: -1]
[gpu_device_id: -1]
[gpu_use_dp: 0]
[num_gpu: 1]

end of parameters

pandas_categorical:null
