tree
version=v3
num_class=1
num_tree_per_iteration=1
label_index=0
max_feature_idx=41
objective=regression
feature_names=Column_0 Column_1 Column_2 Column_3 Column_4 Column_5 Column_6 Column_7 Column_8 Column_9 Column_10 Column_11 Column_12 Column_13 Column_14 Column_15 Column_16 Column_17 Column_18 Column_19 Column_20 Column_21 Column_22 Column_23 Column_24 Column_25 Column_26 Column_27 Column_28 Column_29 Column_30 Column_31 Column_32 Column_33 Column_34 Column_35 Column_36 Column_37 Column_38 Column_39 Column_40 Column_41
feature_infos=[0:1] [0:1] [0:1] [0:1] [0:1] [0:94.629997299999999] [0:1] [0:1] none [0:1] [0:1.8550000200000001] [0:1] [273.14999999999998:1041.1500000000001] none none [-473:41051] [223.64999999999998:372.14999999999998] [0:1] [0:768] [0:1] [0:1] [0:1] none none [0:12288] [0:1] [0:1] [0:1] [0:1] [0:1] [0:127.129997] [0:163800] [-64:96.75] [0:1] none none [0:1016] [0:1] [0:0.99900001299999996] [0:1] [0:1] [0:1]
tree_sizes=2703 2741 2764 2732 2756 2767 2799 2759 2755 2790 2751 2776 2788 2781 2759 2791 2749 2766 2777 2777

Tree=0
num_leaves=31
num_cat=0
split_feature=40 25 30 17 5 18 30 30 18 18 18 30 7 30 12 30 10 30 1 30 18 18 30 18 30 41 10 18 18 30
split_gain=343708 84270.5 63574.9 41418.9 31729.3 27604.6 40714.7 37192.9 27463.3 19091.4 14466.8 13626.2 13316.2 12341.4 12268.3 11782.6 9865.94 9781.49 8871.26 8767.91 8168.18 6497.18 6452.08 6262.22 6257.4 6028.5 11129.6 5400.23 5387.62 5165.6
threshold=1.0000000180025095e-35 1.0000000180025095e-35 86.000000000000014 1.0000000180025095e-35 24.754999200000004 638.75000000000011 91.99499895000001 90.99499895000001 611.0499880000001 661.0499880000001 618.95001200000013 89.755001050000018 1.0000000180025095e-35 91.74499895000001 368.05999985 92.99499895000001 0.56949999950000019 90.404998800000016 1.0000000180025095e-35 92.935001350000007 596.0499880000001 647.0499880000001 87.594997450000008 651.0499880000001 91.24499895000001 1.0000000180025095e-35 0.32950000450000005 685.0499880000001 627.95001200000013 88.909999850000005
decision_type=2 2 2 2 2 2 2 2 2 2 2 2 2 2 2 2 2 2 2 2 2 2 2 2 2 2 2 2 2 2
left_child=1 2 -1 5 -2 7 23 8 11 19 -9 20 18 28 -6 -11 22 -10 -5 21 29 -8 -3 24 -7 -16 -27 -17 -12 -4
right_child=4 16 3 12 14 6 9 10 17 15 13 -13 -14 -15 25 27 -18 -19 -20 -21 -22 -23 -24 -25 -26 26 -28 -29 -30 -31
leaf_value=11.630890356381553 11.630890356381553 16.702757643913046 22.54336175602408 21.034476140403076 33.026454979894851 28.315990562120891 19.426548544876681 15.549422190538074 26.109818110825699 26.059170176517732 19.147892843899562 18.116960328815875 26.02462379591562 17.474156602457207 31.052559168371559 21.494791499033031 29.011636282664004 22.469326494273592 24.684573755964948 17.998822964342807 24.31778894646509 21.98798981369881 25.846646907202423 29.107324289610929 24.116313516983396 26.037248275553942 30.777072971147362 23.794357193189807 21.89564741743725 18.663749789682079
leaf_weight=156 22 20 152 338 421 120 425 323 351 231 326 445 641 531 487 872 316 389 328 344 207 593 545 133 340 231 267 361 394 197
leaf_count=156 22 20 152 338 421 120 425 323 351 231 326 445 641 531 487 872 316 389 328 344 207 593 545 133 340 231 267 361 394 197
internal_value=23.2618 22.1275 21.6281 21.822 30.4725 21.3221 22.3189 20.294 21.8864 21.5285 18.5326 20.179 24.3978 19.3029 30.7673 22.782 26.7743 24.1961 22.8321 20.1812 21.8294 20.9186 25.523 26.0856 25.2119 29.8017 28.5785 22.1681 20.6515 20.3534
internal_weight=0 9078 8197 8041 1428 6734 3419 3315 1741 2826 1574 1001 1307 1251 1406 1464 881 740 666 1362 556 1018 565 593 460 985 498 1233 720 349
internal_count=10506 9078 8197 8041 1428 6734 3419 3315 1741 2826 1574 1001 1307 1251 1406 1464 881 740 666 1362 556 1018 565 593 460 985 498 1233 720 349
is_linear=0
shrinkage=1


Tree=1
num_leaves=31
num_cat=0
split_feature=40 36 18 30 30 18 30 36 30 18 30 30 31 30 18 18 30 30 18 18 18 18 5 10 41 5 12 10 18 5
split_gain=85927 23740.4 19397.8 13604.3 9951.26 16437 8619.43 8089.17 8361.48 7869.04 6758.75 6707.52 6216.72 6108.35 8289.07 7226.66 5859.73 5053.83 4805.94 4319.03 4109.49 3971.72 5311.92 3807.6 4060.71 3453.39 3438.83 3169.85 3590.89 3932.73
threshold=1.0000000180025095e-35 48.014999400000008 643.95001200000013 92.125000000000014 91.465000150000023 622.0499880000001 87.594997450000008 40.500000000000007 89.625000000000014 672.0499880000001 90.715000150000023 93.255001050000018 135448.10150000002 90.314998650000021 632.95001200000013 646.95001200000013 93.404998800000016 91.125000000000014 653.0499880000001 628.0499880000001 602.0499880000001 602.0499880000001 86.344997400000011 0.29950000350000006 1.0000000180025095e-35 88.215000150000023 365.18499985 0.050499999850000005 660.0499880000001 88.094997400000011
decision_type=2 2 2 2 2 2 2 2 2 2 2 2 2 2 2 2 2 2 2 2 2 2 2 2 2 2 2 2 2 2
left_child=1 2 4 27 5 7 -2 -1 20 16 -7 -11 23 14 -8 -15 18 -17 -5 -6 -9 -10 -23 24 -3 -21 -14 -4 29 -29
right_child=6 12 3 9 19 10 13 8 21 11 -12 -13 26 15 -16 17 -18 -19 -20 25 -22 22 -24 -25 -26 -27 -28 28 -30 -31
leaf_value=-5.8695507743587232 -5.7902194658915205 0.21103454352016948 -3.7948465317487718 -2.3685910763128168 -4.906575108945713 3.2969878373667596 3.9444677167500442 -0.93241928381314132 -4.5237949271885372 4.0110433297770571 -0.32026111290944764 -0.072679762255807384 2.3667316501955575 0.91013856730652887 10.662160393217919 8.6112402135675605 -3.9093961010020233 3.6746856736810467 -0.17863707258043721 -1.439300745964283 2.8348499224616255 -0.20084912646363706 -3.0943332742670644 0.59435252646688552 -1.6854395860584197 -3.6686339244834687 0.64177276868817967 4.1041319736848685 6.3381099465646242 0.7460909557204306
leaf_weight=146 24 600 20 397 304 180 130 277 234 121 457 595 508 244 71 55 204 904 679 320 98 235 488 1210 533 380 670 144 57 221
leaf_count=146 24 600 20 397 304 180 130 277 234 121 457 595 508 244 71 55 204 904 679 320 98 235 488 1210 533 380 670 144 57 221
internal_value=0 -0.567133 -1.21076 -0.15414 -2.03667 -1.42133 3.60535 -2.33642 -1.94915 -0.709945 0.701881 0.617447 0.448661 3.76596 6.31738 3.33966 -1.45245 3.9578 -0.986641 -3.33292 0.0520937 -2.73334 -2.15385 -0.0224294 -0.681128 -2.64951 1.38564 2.35578 2.64728 2.07091
internal_weight=0 9078 5557 2438 3119 2115 1428 1478 1332 1996 637 716 3521 1404 201 1203 1280 959 1076 1004 375 957 723 2343 1133 700 1178 442 422 365
internal_count=10506 9078 5557 2438 3119 2115 1428 1478 1332 1996 637 716 3521 1404 201 1203 1280 959 1076 1004 375 957 723 2343 1133 700 1178 442 422 365
is_linear=0
shrinkage=0.5


Tree=2
num_leaves=31
num_cat=0
split_feature=31 40 36 25 41 36 18 18 5 12 10 7 18 10 24 18 5 10 24 28 2 1 30 18 2 18 12 18 5 10
split_gain=21501.2 8035.88 7153.33 4203.81 3413.2 5834.18 3197.15 3136.91 3310.28 2994.9 2944.39 3463.16 2789.19 2706.99 2442.91 2392.19 2372.63 2356.35 2747.86 2166.1 2156.89 2390.91 1783.72 1781.71 1777.09 1759.07 1758.56 1706.25 2461.29 1702.43
threshold=35271.500000000007 1.0000000180025095e-35 47.895000450000005 1.0000000180025095e-35 1.0000000180025095e-35 51.954999900000011 679.0499880000001 615.0499880000001 87.094997400000011 369.02500000000003 0.34450000550000009 1.0000000180025095e-35 633.95001200000013 0.71750000150000015 2752.3499750000005 588.0499880000001 88.704998000000018 0.16749999700000004 2413.7500000000005 1.0000000180025095e-35 1.0000000180025095e-35 1.0000000180025095e-35 90.625000000000014 576.5499880000001 1.0000000180025095e-35 675.0499880000001 358.42999880000002 580.20001200000013 84.404998800000016 0.62950000150000018
decision_type=2 2 2 2 2 2 2 2 2 2 2 2 2 2 2 2 2 2 2 2 2 2 2 2 2 2 2 2 2 2
left_child=2 3 7 9 17 -6 13 22 -9 15 14 19 -10 20 23 -2 -14 18 -3 29 21 -5 27 -4 -17 -18 -7 -1 -29 -12
right_child=1 4 10 6 5 26 -8 8 12 -11 11 -13 16 -15 -16 24 25 -19 -20 -21 -22 -23 -24 -25 -26 -27 -28 28 -30 -31
leaf_value=-3.1404384012879998 -1.8935311797787162 -0.24920349250383236 -4.3353957992333632 0.1020445397956983 -0.3175107775829159 7.0681555747985838 3.3233966862302533 0.76980323641159076 -2.3516807921032048 -0.52894809515779662 1.5530478674810433 -0.67837421982830848 0.20906583898959752 3.2067571574499687 -1.454332993921535 1.3053947862543458 -1.7571995758822403 1.9501840032350559 4.6182420629497409 -0.39730592241913482 -0.083940327127914785 4.06810900863064 -3.6044618144038725 -0.15834259347897683 -0.26783893765821082 0.11174922836312082 2.2400914699098045 2.4488126708757738 -1.63156567579454 -0.60802109450811437
leaf_weight=145 85 34 26 76 377 20 159 241 403 1205 690 562 374 104 574 664 565 468 197 259 466 76 176 1410 246 162 331 43 263 105
leaf_count=145 85 34 26 76 377 20 159 241 403 1205 690 562 374 104 574 664 565 468 197 259 466 76 176 1410 246 162 331 43 263 105
internal_value=0 0.825075 -0.620113 0.370756 1.80598 1.04826 1.29369 -1.29523 -0.950561 0.00116416 -0.178477 0.324017 -1.22623 0.846701 -0.582473 0.643159 -0.814281 2.59515 3.90182 0.8585 0.44954 2.08508 -2.25447 -0.233972 0.880103 -1.34074 2.51519 -1.72764 -1.05818 1.26762
internal_weight=0 4508 5998 3081 1427 728 881 2372 1745 2200 3626 1616 1504 722 2010 995 1101 699 231 1054 618 152 627 1436 910 727 351 451 306 795
internal_count=10506 4508 5998 3081 1427 728 881 2372 1745 2200 3626 1616 1504 722 2010 995 1101 699 231 1054 618 152 627 1436 910 727 351 451 306 795
is_linear=0
shrinkage=0.5


Tree=3
num_leaves=31
num_cat=0
split_feature=18 30 30 18 30 5 18 30 18 30 5 30 30 18 5 18 5 18 5 18 5 18 5 18 30 5 30 16 18 30
split_gain=8081.66 12856.9 9512.73 8578.92 12372.9 6827.71 8212.65 6406.36 5850.17 5800.47 5058.45 4349.43 4292.22 2942.84 2552.25 2473.19 2252.94 1976.86 1895.01 1887.46 1817.49 4487.26 1802.26 2279.49 1785.03 1721.98 1712.15 1674.66 1592.78 1446.73
threshold=659.0499880000001 92.625000000000014 92.404998800000016 631.95001200000013 91.005001050000018 86.860000600000021 606.0499880000001 89.220001200000013 691.0499880000001 93.755001050000018 85.735000600000021 91.625000000000014 94.125000000000014 669.95001200000013 85.764999400000008 675.0499880000001 88.465000150000023 645.0499880000001 89.610000600000021 650.0499880000001 85.485000600000021 591.0499880000001 88.034999850000005 617.0499880000001 90.625000000000014 89.389999400000008 94.465000150000023 230.97500075000002 648.95001200000013 90.064998650000021
decision_type=2 2 2 2 2 2 2 2 2 2 2 2 2 2 2 2 2 2 2 2 2 2 2 2 2 2 2 2 2 2
left_child=2 10 3 5 24 6 20 -8 9 13 -2 -12 -10 18 -9 -13 17 -6 -3 -4 21 27 23 -7 -5 -21 -11 -1 -18 -16
right_child=1 8 19 4 16 22 7 14 12 26 11 15 -14 -15 29 -17 28 -19 -20 25 -22 -23 -24 -25 -26 -27 -28 -29 -30 -31
leaf_value=0.60359094162448879 -4.8689181236993697 0.39370092815190455 -2.6063081752920447 4.0265279783034007 0.076349675479271059 -2.4221507398214808 5.0974260915157403 1.9693730810098351 3.5829197303730185 -1.1413018787239582 6.2025161509985454 1.9864158108137229 0.70239742151551476 0.89545182994264794 1.4176650952360388 5.3022842526435854 -1.0863575450784435 1.4115411169712808 -1.3312812986822948 -0.49913286189374717 -1.9101876596255709 1.0031228776486374 -2.7793444489116359 -0.79168823996668336 2.0928974429325335 -2.3258889799256148 -3.3039866166287348 -1.8681855628923547 0.21654681631630646 -0.27366638332445081
leaf_weight=82 21 301 396 190 831 291 86 250 179 464 91 417 466 867 164 65 522 416 338 348 356 293 223 814 321 205 114 417 426 552
leaf_count=82 21 301 396 190 831 291 86 250 179 464 91 417 466 867 164 65 522 416 338 348 356 293 223 814 321 205 114 417 426 552
internal_value=0 0.644747 -0.298273 -0.0737714 0.595964 -0.587463 -0.0470434 0.962125 0.185903 -0.221368 2.7528 3.03213 1.5018 0.29541 0.593972 2.43358 0.0800993 0.52177 -0.518731 -1.77303 -0.971821 -0.55003 -1.48274 -1.22107 2.81186 -1.17632 -1.56785 -1.462 -0.500875 0.113734
internal_weight=0 3323 7183 6234 2706 3528 2200 1052 2729 2084 594 573 645 1506 966 482 2195 1247 639 949 1148 792 1328 1105 511 553 578 499 948 716
internal_count=10506 3323 7183 6234 2706 3528 2200 1052 2729 2084 594 573 645 1506 966 482 2195 1247 639 949 1148 792 1328 1105 511 553 578 499 948 716
is_linear=0
shrinkage=0.5


Tree=4
num_leaves=31
num_cat=0
split_feature=18 5 18 30 30 18 30 30 18 5 18 18 30 5 12 30 18 40 30 40 15 5 5 18 40 30 18 30 40 18
split_gain=3030.95 7197.77 3387.03 4319.9 3225.1 2504.79 2984.59 2462.06 2381.38 3762.2 2914.74 2099.89 3046.32 1604.47 1586.39 1568.97 1426.57 1410.28 1399.95 1362.88 1311.34 1294.2 1204.24 1203.98 958.189 1315.84 953.596 1128.78 914.014 899.347
threshold=624.95001200000013 87.284999850000005 653.95001200000013 91.845001200000013 90.255001050000018 584.0499880000001 88.755001050000018 92.215000150000023 700.0499880000001 90.229999550000016 676.0499880000001 679.0499880000001 94.625000000000014 84.145000500000023 361.96500240000006 94.875000000000014 636.0499880000001 1.0000000180025095e-35 93.375000000000014 1.0000000180025095e-35 35991.099600000009 89.005001050000018 91.125000000000014 665.95001200000013 1.0000000180025095e-35 90.875000000000014 559.0499880000001 87.934997600000017 1.0000000180025095e-35 667.95001200000013
decision_type=2 2 2 2 2 2 2 2 2 2 2 2 2 2 2 2 2 2 2 2 2 2 2 2 2 2 2 2 2 2
left_child=4 14 7 29 5 13 -7 16 9 10 18 -11 22 26 -2 -10 -3 20 19 21 -8 -5 -13 -23 25 -18 -1 -28 -12 -4
right_child=1 2 3 8 -6 6 17 -9 15 11 28 12 -14 -15 -16 -17 24 -19 -20 -21 -22 23 -24 -25 -26 -27 27 -29 -30 -31
leaf_value=-1.221510484471833 2.7744277354856437 -0.64601663826857381 1.8609179218878373 1.4338433933176407 -1.0431367360846662 2.7597697583622618 1.0473095576356748 -1.0955631513853821 2.5579174683770591 -1.4087480865867341 2.4867455809448775 0.89862213464961815 -2.2800460423328985 -3.2043097107343272 1.1484504734027401 0.32926390956366253 2.6976768129457862 -2.1509193600051932 -0.67550228716417116 -0.57868086157596088 -0.17937031947571705 -0.14321971526223648 -0.50900405785254388 1.2385144580570213 -0.8661580423372286 0.26747209942375072 3.1698378007258139 -0.39038424635942603 0.8419376494794234 4.3511723943731999
leaf_weight=199 191 763 206 365 1253 122 355 927 161 527 195 385 134 71 699 155 59 63 374 276 564 511 251 228 173 996 31 79 149 44
leaf_count=199 191 763 206 365 1253 122 355 927 161 527 195 385 134 71 699 155 59 63 374 276 564 511 251 228 173 996 31 79 149 44
internal_value=0 0.159403 -0.0137061 0.287426 -0.452466 0.0462615 0.427368 -0.422474 0.151898 0.0297002 0.443546 -0.639728 -0.113398 -1.06095 1.4974 1.46475 -0.109086 0.137599 0.182551 0.415096 0.294483 0.663541 0.343097 0.28308 0.224528 0.403379 -0.568466 0.612951 1.77431 2.2992
internal_weight=0 7769 6879 3961 2737 1484 1104 2918 3711 3395 2098 1297 770 380 890 316 1991 982 1754 1380 919 1104 636 739 1228 1055 309 110 344 250
internal_count=10506 7769 6879 3961 2737 1484 1104 2918 3711 3395 2098 1297 770 380 890 316 1991 982 1754 1380 919 1104 636 739 1228 1055 309 110 344 250
is_linear=0
shrinkage=0.5


Tree=5
num_leaves=31
num_cat=0
split_feature=12 18 30 18 5 5 18 5 18 18 30 5 10 5 18 30 40 5 18 5 5 5 18 30 40 30 18 31 30 18
split_gain=1579.27 2590.91 1761.63 1577.08 2030.82 1812.27 1565.8 1255.79 1297.22 1213.21 1484.07 1138.65 1032.68 1028.32 1006.73 1234.77 972.301 899.783 1029.96 1228.54 881.151 831.203 780.703 759.864 693.582 759.441 668.311 666.818 569.693 563.343
threshold=363.21499865000004 614.0499880000001 89.755001050000018 663.95001200000013 89.639999400000008 89.139999400000008 641.0499880000001 87.634998350000004 609.0499880000001 709.2999880000001 94.99499895000001 87.99499895000001 0.059499999550000009 86.110000600000021 683.0499880000001 93.654998800000016 1.0000000180025095e-35 85.864997900000006 580.20001200000013 84.270000450000012 91.395000500000023 85.735000600000021 639.0499880000001 90.654998800000016 1.0000000180025095e-35 92.74499895000001 630.95001200000013 112949.3515 90.654998800000016 598.0499880000001
decision_type=2 2 2 2 2 2 2 2 2 2 2 2 2 2 2 2 2 2 2 2 2 2 2 2 2 2 2 2 2 2
left_child=1 17 12 5 -5 6 7 8 28 10 14 -8 -3 -10 15 -6 26 18 -1 -20 -16 -14 27 -24 25 -13 -15 -4 -2 -21
right_child=3 2 22 4 9 -7 11 -9 13 -11 -12 24 21 16 20 -17 -18 -19 19 29 -22 -23 23 -25 -26 -27 -28 -29 -30 -31
leaf_value=-0.66948579640056083 -0.46196734180545118 -1.0171808913350104 0.71657090191661488 0.94436312052407911 0.021314242250330656 -0.94381745886638269 0.92278305666371363 -0.84486942183092861 1.1268566634173685 1.3972966286819428 -2.2427143126634168 0.39717583037437254 4.6901469202268693 -0.16690247685106269 0.69182922455801821 -1.1284591052836861 -1.5256218819203451 -0.90714430498397525 2.2357147927085559 -0.51721641968322707 -0.50935866767674898 2.0509949026321901 2.8583062718499384 0.85877294838174867 -0.97060271928098452 -0.53056972289198367 0.68685828691345507 -0.30136780798275381 -1.5670178887588573 0.87367954910215406
leaf_weight=260 410 20 343 697 668 818 453 914 213 136 81 797 42 821 574 359 104 340 90 158 208 103 53 459 161 305 318 303 163 135
leaf_count=260 410 20 343 697 668 818 453 914 213 136 81 797 42 821 574 359 104 340 90 158 208 103 53 459 161 305 318 303 163 135
internal_value=0 0.365558 0.822397 -0.102802 0.208181 -0.257414 -0.136899 -0.358237 -0.139025 -0.0450854 -0.148876 0.242703 2.35088 0.111779 -0.0551219 -0.380603 -0.0621647 -0.249292 0.0985608 0.61995 0.372332 2.81544 0.604608 1.06576 -0.00122064 0.140404 0.0714609 0.239117 -0.776319 0.12364
internal_weight=0 2306 1323 8200 2723 5477 4659 2943 2029 2026 1890 1716 165 1456 1809 1027 1243 983 643 383 782 145 1158 512 1263 1102 1139 646 573 293
internal_count=10506 2306 1323 8200 2723 5477 4659 2943 2029 2026 1890 1716 165 1456 1809 1027 1243 983 643 383 782 145 1158 512 1263 1102 1139 646 573 293
is_linear=0
shrinkage=0.5


Tree=6
num_leaves=31
num_cat=0
split_feature=1 39 41 36 18 28 18 5 30 18 12 31 30 18 30 18 30 18 7 36 30 18 10 17 12 33 10 30 11 10
split_gain=1110.7 1562.1 1127.59 1097.4 847.652 710.459 988.337 1595.07 1257.6 768.427 750.786 702.348 700.654 823.958 758.033 640.193 925.117 614.513 560.87 536.613 553.001 573.46 494.471 491.756 470.203 469.973 467.426 489.564 449.855 420.333
threshold=1.0000000180025095e-35 1.0000000180025095e-35 1.0000000180025095e-35 49.125000000000007 762.00000000000011 1.0000000180025095e-35 655.95001200000013 88.284999850000005 91.505001050000018 618.95001200000013 370.08999865000004 124846.8515 92.784999850000005 696.2999880000001 94.154998800000016 677.95001200000013 93.465000150000023 667.95001200000013 1.0000000180025095e-35 53.985000600000006 91.005001050000018 640.0499880000001 0.53049999450000007 1.0000000180025095e-35 363.02500000000003 1.0000000180025095e-35 0.20050000400000004 91.875000000000014 1.0000000180025095e-35 0.11850000200000001
decision_type=2 2 2 2 2 2 2 2 2 2 2 2 2 2 2 2 2 2 2 2 2 2 2 2 2 2 2 2 2 2
left_child=1 2 22 15 5 6 8 -8 9 11 -7 -2 -9 14 17 26 -17 -14 -12 20 -11 -22 -1 29 -25 -19 27 -3 -10 -4
right_child=4 3 23 -5 -6 10 7 12 28 19 18 -13 13 -15 -16 16 -18 25 -20 -21 21 -23 -24 24 -26 -27 -28 -29 -30 -31
leaf_value=0.11083899523104505 -0.26323584670610461 0.15981695433291271 0.33589946352324246 1.0927178836488052 -3.4118840157985688 0.70460171964145502 1.9658049925149066 0.43300069767865351 -1.0431237060060827 0.64853473382708215 0.55076841312499403 -1.3661468009735678 -1.1262732591505187 0.52324652817603279 -1.7568989858031272 4.397378284306753 0.73710249848279752 0.11992652643259914 -0.48886792690784203 -0.89788594143037948 -0.62136796621427415 0.85117332005630364 0.90558435428029693 1.5848948194955785 -0.10214476633307247 -1.3092205501725953 0.34753143206285653 -1.0884163118334431 0.023213143946718327 -0.66467531198776619
leaf_weight=1653 564 194 118 578 20 451 103 480 793 447 192 194 185 237 110 21 97 448 400 109 235 92 222 48 296 66 958 132 113 950
leaf_count=1653 564 194 118 578 20 451 103 480 793 447 192 194 185 237 110 21 97 448 400 109 235 92 222 48 296 66 958 132 113 950
internal_value=0 0.162141 -0.0491964 0.512982 -0.163007 -0.150557 -0.242752 0.0614038 -0.437283 -0.176225 0.218577 -0.545511 -0.0671371 -0.296646 -0.536837 0.273975 1.38851 -0.344838 -0.151689 0.140784 0.287056 -0.207075 0.204937 -0.386661 0.133256 -0.0635826 0.171549 -0.345603 -0.910126 -0.554125
internal_weight=0 5267 3287 1980 5239 5219 4176 1629 2547 1641 1043 758 1526 1046 809 1402 118 699 592 883 774 327 1875 1412 344 514 1284 326 906 1068
internal_count=10506 5267 3287 1980 5239 5219 4176 1629 2547 1641 1043 758 1526 1046 809 1402 118 699 592 883 774 327 1875 1412 344 514 1284 326 906 1068
is_linear=0
shrinkage=0.5


Tree=7
num_leaves=31
num_cat=0
split_feature=38 30 18 5 18 40 18 18 5 18 24 40 18 5 18 40 5 18 39 30 18 5 18 40 30 18 36 24 5 12
split_gain=816.26 654.044 697.235 664.102 750.878 728.985 464.147 446.76 918.663 844.314 540.493 469.657 462.594 848.997 678.901 466.353 464.764 475.026 458.803 542.173 456.198 509.21 449.537 392.309 386.753 377.688 517.272 364.228 361.122 353.731
threshold=0.76934999250000013 88.419998200000023 598.0499880000001 86.545002000000011 618.95001200000013 1.0000000180025095e-35 578.20001200000013 634.0499880000001 88.49499895000001 663.95001200000013 2607.6500250000004 1.0000000180025095e-35 668.0499880000001 90.810001400000019 696.2999880000001 1.0000000180025095e-35 89.784999850000005 645.75000000000011 1.0000000180025095e-35 92.965000150000023 698.2999880000001 92.255001050000018 721.50000000000011 1.0000000180025095e-35 91.154998800000016 620.0499880000001 48.48000145000001 2655.6500250000004 89.329998000000003 373.67999900000001
decision_type=2 2 2 2 2 2 2 2 2 2 2 2 2 2 2 2 2 2 2 2 2 2 2 2 2 2 2 2 2 2
left_child=29 6 -3 4 5 -4 -2 11 9 10 -9 24 15 14 18 16 17 -10 19 -14 -15 -22 -23 -12 25 26 -5 -16 -20 -1
right_child=1 2 3 7 -6 -7 -8 8 12 -11 23 -13 13 20 27 -17 -18 -19 28 -21 21 22 -24 -25 -26 -27 -28 -29 -30 -31
leaf_value=-0.12671565525491962 0.12257037234958261 -0.71709405601239806 0.37136534895769935 0.12835033182699829 1.2991503977867882 -1.930930955083789 2.388048817905096 0.05529487386522456 -0.46744883954344096 2.5597359400163304 0.95957898695562638 -1.6558640257648702 0.71890562028344074 -0.540729681465281 3.8479293808341026 -0.99241003424585239 -0.65838331542834994 0.16089587118710508 2.3984740561739142 -0.13279770170961566 0.65902210514099779 -1.3923138346273345 1.0823830014467239 0.088466947721694625 -0.39634857977774646 0.42031414562860225 -1.2145047980503967 1.1866869444234505 0.68653621604794757 -0.5381350031570149
leaf_weight=1738 40 277 486 231 226 37 52 591 399 47 465 53 286 476 20 159 314 1222 35 539 217 69 25 179 751 428 104 36 257 747
leaf_count=1738 40 277 486 231 226 37 52 591 399 47 465 53 286 476 20 159 314 1222 35 539 217 69 25 179 751 428 104 36 257 747
internal_value=0 0.0775737 0.0621941 0.0904041 0.53758 0.208488 1.40306 0.041884 0.110815 0.47974 0.400582 -0.192842 -0.00585045 0.168727 0.438273 -0.169256 -0.101617 0.00623237 0.353102 0.162459 -0.233024 0.237935 -0.73415 0.717453 -0.141627 0.109089 -0.288536 2.13713 0.891734 -0.25039
internal_weight=0 8021 7929 7652 749 523 92 6903 5336 1282 1235 1567 4054 1960 1173 2094 1935 1621 1117 825 787 311 94 644 1514 763 335 56 292 2485
internal_count=10506 8021 7929 7652 749 523 92 6903 5336 1282 1235 1567 4054 1960 1173 2094 1935 1621 1117 825 787 311 94 644 1514 763 335 56 292 2485
is_linear=0
shrinkage=0.5


Tree=8
num_leaves=31
num_cat=0
split_feature=15 40 5 18 30 5 18 5 18 5 18 18 30 30 16 18 30 17 25 18 5 5 30 30 18 30 18 18 30 38
split_gain=638.541 540.761 445.865 461.21 911.676 624.384 728.229 858.03 654.756 837.665 700.034 542.559 691.587 466.137 388.418 385.264 376.644 367.445 340.764 340.492 617.944 320.272 310.857 296.642 326.623 282.851 534.05 390.07 280.664 267.496
threshold=37011.150400000006 1.0000000180025095e-35 91.755001050000018 603.20001200000013 89.404998800000016 87.045002000000011 644.69998200000009 88.284999850000005 627.95001200000013 84.889999400000008 659.0499880000001 680.0499880000001 93.99499895000001 90.375000000000014 237.44999924999999 657.0499880000001 92.685001350000007 1.0000000180025095e-35 1.0000000180025095e-35 685.0499880000001 89.920002000000025 88.170002000000025 91.404998800000016 93.564998650000021 706.0499880000001 91.404998800000016 639.95001200000013 650.95001200000013 94.125000000000014 0.77474999450000015
decision_type=2 2 2 2 2 2 2 2 2 2 2 2 2 2 2 2 2 2 2 2 2 2 2 2 2 2 2 2 2 2
left_child=1 2 3 4 -1 8 16 15 9 -5 13 12 22 -10 -11 -8 17 18 -7 28 -21 -20 -9 -13 -25 26 -3 -27 29 -2
right_child=19 25 -4 5 -6 6 7 11 10 14 -12 23 -14 -15 -16 -17 -18 -19 21 20 -22 -23 -24 24 -26 27 -28 -29 -30 -31
leaf_value=0.2957256552290094 -0.52353465723347492 -0.39342599552163254 -0.88374783891603492 2.233683429106518 -0.74394725109824411 0.037958999109067894 0.79854403647134098 1.5043127667613145 3.3268936688080428 0.77962938547216454 -1.4039630086525627 1.6744715866722888 -0.93063468278094308 1.2105194495667762 0.029784378803327391 2.2831624674628364 -1.3388009840652111 -0.7449458265951715 -0.42511020553927242 2.85409453582196 0.060250330925851435 -2.5513878173154332 0.11248497977509511 0.39055945092964534 2.3722453137690369 -1.4289970243556631 0.72739262965186846 -0.31035009806765534 -1.7720355354249477 -0.14525604634103101
leaf_weight=433 725 266 109 54 411 1560 249 41 30 227 23 62 163 196 722 53 63 195 77 21 344 23 1863 379 22 90 177 581 32 1315
leaf_count=433 725 266 109 54 411 1560 249 41 30 227 23 62 163 196 722 53 63 195 77 21 344 23 1863 379 22 90 177 581 32 1315
internal_value=0 0.0677429 0.119546 0.13552 -0.210561 0.184186 0.101391 0.262506 0.498304 0.318145 1.22401 0.16742 0.057834 1.49145 0.209147 1.05909 -0.136501 -0.0956678 -0.0193972 -0.224299 0.220992 -0.914154 0.142456 0.656649 0.49928 -0.255679 0.0543954 -0.460392 -0.302741 -0.279693
internal_weight=0 8069 6955 6846 844 6002 4750 2832 1252 1003 249 2530 2067 226 949 302 1918 1855 1660 2437 365 100 1904 463 401 1114 443 671 2072 2040
internal_count=10506 8069 6955 6846 844 6002 4750 2832 1252 1003 249 2530 2067 226 949 302 1918 1855 1660 2437 365 100 1904 463 401 1114 443 671 2072 2040
is_linear=0
shrinkage=0.5


Tree=9
num_leaves=31
num_cat=0
split_feature=1 31 24 7 28 10 24 30 25 36 30 15 17 41 18 15 18 18 5 5 18 5 38 9 16 18 16 18 30 30
split_gain=491.534 321.013 621.694 562.913 391.314 317.347 311.214 281.454 270.395 263.956 203.986 184.759 182.532 324.539 280.28 257.514 343.407 271.16 506.133 204.495 224.879 183.525 364.564 182.146 212.074 296.719 295.352 312.935 239.418 217.052
threshold=1.0000000180025095e-35 105144.3515 2565.7500000000005 1.0000000180025095e-35 1.0000000180025095e-35 0.77549999950000015 2816.3499750000005 93.875000000000014 1.0000000180025095e-35 48.014999400000008 91.375000000000014 39000.099600000009 1.0000000180025095e-35 1.0000000180025095e-35 701.0499880000001 36024.701200000003 590.0499880000001 621.95001200000013 86.255001050000018 86.255001050000018 601.20001200000013 84.735000600000021 0.7600499985000001 1.0000000180025095e-35 232.02500000000001 638.75000000000011 249.87999955000001 681.0499880000001 91.125000000000014 91.375000000000014
decision_type=2 2 2 2 2 2 2 2 2 2 2 2 2 2 2 2 2 2 2 2 2 2 2 2 2 2 2 2 2 2
left_child=6 3 -3 5 7 11 12 9 10 -5 -8 -2 13 21 15 17 -17 19 -19 20 -15 22 -1 24 -4 28 27 29 -26 -27
right_child=1 2 23 4 -6 -7 8 -9 -10 -11 -12 -13 -14 14 -16 16 -18 18 -20 -21 -22 -23 -24 -25 25 26 -28 -29 -30 -31
leaf_value=-0.030534338691960209 0.20565738201340927 -0.73543772284750719 1.0679985408272061 -0.44326732969448829 -0.10318041695221439 -1.1297086421796616 0.91677032152731575 -2.1003042217344046 -1.0262767788554941 -2.1525252366065981 0.29726635253434014 -0.98767469371810102 -0.25488323989482575 -0.28161520259671435 1.6109102118015288 -1.8915089179451268 -0.17818487759377541 2.4632843966994966 0.26743526857471067 -0.78533256303519006 0.69032029216024249 0.19449913754232417 1.5777982206394274 0.52641863251140097 -0.31975882143484358 0.56493911544911246 -0.3684907144048663 1.0385227900973759 -1.2980076939828935 -0.126147146586679
leaf_weight=69 1897 511 35 234 696 47 155 36 35 25 931 33 453 172 25 30 1164 28 418 100 91 1524 72 106 191 141 527 82 93 585
leaf_count=69 1897 511 35 234 696 47 155 36 35 25 931 33 453 172 25 30 1164 28 418 100 91 1524 72 106 191 141 527 82 93 585
internal_value=0 -0.108439 -0.249931 -0.00017511 -0.307732 0.153992 0.107863 -0.790334 0.341601 -0.608254 0.385685 0.185253 0.0446641 0.0814079 -0.0528953 -0.0736617 -0.221233 0.144138 0.405291 -0.176727 0.0546819 0.244992 0.790742 -0.108968 -0.149688 -0.176012 -0.0772849 0.112648 -0.640101 0.00807209
internal_weight=0 5239 2271 2968 991 1977 5267 295 1121 259 1086 1930 4146 3693 2028 2003 1194 809 446 363 263 1665 141 1760 1654 1619 1335 808 284 726
internal_count=10506 5239 2271 2968 991 1977 5267 295 1121 259 1086 1930 4146 3693 2028 2003 1194 809 446 363 263 1665 141 1760 1654 1619 1335 808 284 726
is_linear=0
shrinkage=0.5


Tree=10
num_leaves=31
num_cat=0
split_feature=12 18 5 30 36 5 18 18 5 5 18 16 38 38 36 18 15 30 36 18 30 18 5 30 38 10 5 24 36 18
split_gain=336.313 401.165 573.454 416.093 311.452 284.804 543.605 480.894 396.548 383.018 468.988 361.238 275.445 264.38 258.833 313.204 315.975 251.416 246.326 241.619 299.556 237.712 570.444 463.377 280.764 264.661 235.869 203.127 195.474 192.708
threshold=377.21499850000004 657.0499880000001 88.905002600000017 92.255001050000018 57.934999450000007 84.99499895000001 626.0499880000001 614.0499880000001 86.639999400000008 87.465000150000023 592.0499880000001 243.92000045 0.77790001050000013 0.76704999850000011 54.434999450000007 667.0499880000001 37000.050800000005 91.375000000000014 47.98000145000001 705.45001200000013 94.49499895000001 573.50000000000011 83.514999400000008 87.404998800000016 0.75244998900000015 0.24949999900000003 91.889999400000008 2692.0000000000005 47.98000145000001 673.0499880000001
decision_type=2 2 2 2 2 2 2 2 2 2 2 2 2 2 2 2 2 2 2 2 2 2 2 2 2 2 2 2 2 2
left_child=1 2 4 14 5 7 9 21 -8 10 12 -10 -7 -12 15 16 -3 -17 -11 26 -21 23 -23 24 -1 -25 29 -13 -4 -5
right_child=-2 3 28 19 -6 6 8 -9 11 18 13 27 -14 -15 -16 17 -18 -19 -20 20 -22 22 -24 25 -26 -27 -28 -29 -30 -31
leaf_value=0.054300074415231075 -0.25768703394512793 0.96521019859937951 -0.1388817276213197 -0.049694197350249124 -1.137319471943995 -1.7361136721030099 0.76965456837610735 2.3331388954458565 0.28903455571516035 -0.29955423357359207 -0.42451568555994429 -0.21410946801038264 -0.19403566763389343 0.061188613317370383 -0.23947825532938752 0.16031427510703603 -0.15757180932113557 2.0196068108454348 -1.1176528386320128 2.251722888754947 0.33518289113727706 1.7291510706146558 0.18376843648431854 -2.2436562841210295 2.0502507843077185 -0.22365793585777283 -0.95927428329984343 0.15955611287373953 -0.66774761270003757 0.24506887663893057
leaf_weight=148 1130 160 292 1104 58 67 223 29 1152 208 353 1008 51 1358 70 24 103 75 165 28 75 75 293 34 20 31 54 569 435 1114
leaf_count=148 1130 160 292 1104 58 67 223 29 1152 208 353 1008 51 1358 70 24 103 75 165 28 75 75 293 34 20 31 54 569 435 1114
internal_value=0 0.0310566 -0.0365508 0.189273 0.0155634 0.0271241 -0.0116666 0.344469 0.128579 -0.19968 -0.105509 0.0761938 -1.06962 -0.0390181 0.640644 0.810834 0.525489 1.56887 -0.661448 0.107171 0.856184 0.248509 0.498724 -0.146679 0.291913 -1.28027 0.0732146 -0.0792866 -0.455328 0.0983518
internal_weight=0 9376 6569 2807 5842 5784 5154 630 2952 2202 1829 2729 118 1711 432 362 263 99 373 2375 103 601 368 233 168 65 2272 1577 727 2218
internal_count=10506 9376 6569 2807 5842 5784 5154 630 2952 2202 1829 2729 118 1711 432 362 263 99 373 2375 103 601 368 233 168 65 2272 1577 727 2218
is_linear=0
shrinkage=0.5


Tree=11
num_leaves=31
num_cat=0
split_feature=40 36 30 15 38 15 25 15 30 18 18 18 16 18 30 18 10 16 15 10 18 30 15 1 32 18 5 30 18 5
split_gain=444.29 255.034 208.467 224.82 196.101 209.69 290.579 351.088 249.363 212.186 192.366 182.536 219.181 329.923 339.099 287.674 241.259 174.259 156.856 153.513 221.203 151.027 226.939 179.836 173.969 143.181 492.15 263.123 165.678 158.901
threshold=1.0000000180025095e-35 55.389999400000008 95.314998650000021 38986.69920000001 0.77390000200000009 33991.099600000009 1.0000000180025095e-35 32971.750000000007 88.279998800000016 586.20001200000013 707.0499880000001 721.50000000000011 251.12999955000001 611.0499880000001 89.375000000000014 672.95001200000013 0.42949999850000004 232.52500000000001 37005.44920000001 0.55950000850000003 582.50000000000011 92.185001350000007 35004.099600000009 1.0000000180025095e-35 -50.690000549999993 645.0499880000001 87.625000000000014 92.875000000000014 666.75000000000011 87.889999400000008
decision_type=2 2 2 2 2 2 2 2 2 2 2 2 2 2 2 2 2 2 2 2 2 2 2 2 2 2 2 2 2 2
left_child=1 2 3 4 5 6 -1 -8 -7 -10 17 12 13 -2 -15 21 -17 -6 -14 20 -19 22 -16 24 -24 29 -27 28 -28 -11
right_child=11 -3 -4 -5 10 8 7 -9 9 25 -12 -13 18 14 15 16 -18 19 -20 -21 -22 -23 23 -25 -26 26 27 -29 -30 -31
leaf_value=0.43013121379355407 -1.4545447487810936 -1.7427287636324764 -0.95352472307590341 -0.40147432233015085 0.617519531081135 1.0906811553570959 -2.2845976044950276 0.31192209497094153 -1.0339406676337881 -0.086925760064063232 1.0723106154890836 1.1698492965237661 -0.44150891419196009 1.3523200845934058 0.32823234553239783 0.70130323769046443 -0.38534251466775554 -1.4803996646688098 -1.244116716362812 -0.09081439639278556 0.14643517464108105 -0.81599626580755857 -1.3838275938254336 -0.67761915402859452 0.060774945265923939 1.8735240971048672 0.1847621503509668 -0.19214387323087315 1.1464988060295582 -0.45523966845628311
leaf_weight=405 48 20 52 267 167 45 23 30 59 1244 53 22 245 38 147 148 78 21 81 885 4182 126 23 250 222 36 429 727 50 383
leaf_count=405 48 20 52 267 167 45 23 30 59 1244 53 22 245 38 147 148 78 21 81 885 4182 126 23 250 222 36 429 727 50 383
internal_value=0 0.0407806 0.0447186 0.0504824 0.0642909 -0.02887 0.286059 -0.814869 -0.0773858 -0.0953377 0.124508 -0.259248 -0.28161 -0.173148 -0.113548 -0.169588 0.326266 0.114949 -0.64093 0.0984538 0.138307 -0.315503 -0.217275 -0.379274 -0.0748408 -0.0760356 0.0518085 -0.00257106 0.285152 -0.173628
internal_weight=0 9078 9058 9006 8739 3431 458 53 2973 2928 5308 1428 1406 1080 1032 994 226 5255 326 5088 4203 768 642 495 245 2869 1242 1206 479 1627
internal_count=10506 9078 9058 9006 8739 3431 458 53 2973 2928 5308 1428 1406 1080 1032 994 226 5255 326 5088 4203 768 642 495 245 2869 1242 1206 479 1627
is_linear=0
shrinkage=0.5


Tree=12
num_leaves=31
num_cat=0
split_feature=5 18 18 12 16 18 15 36 18 18 30 18 5 30 18 30 18 15 18 5 5 18 5 5 16 17 18 10 2 24
split_gain=166.116 368.326 282.794 223.62 208.826 200.013 177.453 353.363 339.902 295.517 398.226 257.73 320.283 250.059 279.681 264.729 323.188 213.248 181.399 155.186 300.683 145.489 207.009 179.92 186.627 182.435 141.303 139.029 149.181 221.402
threshold=90.579998000000003 681.0499880000001 676.95001200000013 372.12000120000005 248.12999955000001 712.7999880000001 36047.900400000006 48.395000450000005 670.95001200000013 559.0499880000001 89.404998800000016 601.20001200000013 85.764999400000008 93.154998800000016 621.95001200000013 91.314998650000021 637.0499880000001 35987.150400000006 625.95001200000013 85.735000600000021 89.625000000000014 634.0499880000001 89.034999850000005 88.360000600000021 240.87999955000001 1.0000000180025095e-35 618.95001200000013 0.26449999250000006 1.0000000180025095e-35 2767.6500250000004
decision_type=2 2 2 2 2 2 2 2 2 2 2 2 2 2 2 2 2 2 2 2 2 2 2 2 2 2 2 2 2 2
left_child=1 6 -2 -4 -3 -5 7 27 9 -9 26 -12 18 14 -14 17 -17 -16 -13 -6 -21 23 -23 24 -8 -26 -11 28 -1 -30
right_child=2 4 3 5 19 -7 21 8 -10 10 11 12 13 -15 15 16 -18 -19 -20 20 -22 22 -24 -25 25 -27 -28 -29 29 -31
leaf_value=0.00030893408282529211 -0.77379407340023831 1.8369539265071839 0.35035333382609757 -0.30006109861403529 -0.90089585915917447 0.49731211849812712 -0.004549095165910128 -1.9698195925780706 0.63553123601048644 0.46783479048325766 -0.84806009368001811 0.39550135767943151 -0.55509759835136641 -0.75938846663850701 0.60897519048485982 -0.64926215251599828 0.0062658687039075242 -0.17199058050405291 1.9980194974868071 1.8821554345743996 0.32216966720457285 0.11782143327643636 -0.15432833746867702 -0.93278716428157615 -0.30753822031911748 -1.6374009387326185 1.8478186882677532 0.33155136017651277 0.18561187672561832 2.0281512454638015
leaf_weight=764 170 28 235 676 21 89 864 21 167 159 123 111 284 157 255 242 843 133 21 35 263 1586 1249 78 575 27 21 1230 56 23
leaf_count=764 170 28 235 676 21 89 864 21 167 159 123 111 284 157 255 242 843 133 21 35 263 1586 1249 78 575 27 21 1230 56 23
internal_value=0 0.0222571 -0.1776 -0.0762475 0.527729 -0.207295 0.00274452 0.0712134 -0.0539188 -0.1025 -0.0858065 -0.145113 -0.102853 -0.154805 -0.100782 -0.0131876 -0.139944 0.341273 0.650447 0.412813 0.505389 -0.0693362 -0.00207806 -0.192832 -0.153462 -0.367183 0.628833 0.224354 0.0679452 0.722047
internal_weight=0 9336 1170 1000 347 765 8989 4610 2537 2370 2349 2169 2046 1914 1757 1473 1085 388 132 319 298 4379 2835 1544 1466 602 180 2073 843 79
internal_count=10506 9336 1170 1000 347 765 8989 4610 2537 2370 2349 2169 2046 1914 1757 1473 1085 388 132 319 298 4379 2835 1544 1466 602 180 2073 843 79
is_linear=0
shrinkage=0.5


Tree=13
num_leaves=31
num_cat=0
split_feature=40 10 18 5 5 31 10 24 18 18 5 18 5 5 41 10 16 18 16 24 18 30 41 30 25 10 30 18 18 5
split_gain=280.5 172.572 190.776 294.126 231.289 192.345 195.747 184.339 168.983 203.972 187.262 152.947 185.898 162.391 148.418 127.243 123.473 263.101 146.389 122.394 110.056 303.937 162.324 144.138 136.606 324.006 134.249 145.749 118.383 117.287
threshold=1.0000000180025095e-35 0.38449999650000005 614.95001200000013 87.389999400000008 85.889999400000008 35271.500000000007 0.059499999550000009 2538.0499250000007 655.95001200000013 661.0499880000001 89.045002000000011 666.75000000000011 89.204998000000018 92.599998500000012 1.0000000180025095e-35 0.14549999700000002 246.87999955000001 647.75000000000011 242.37999955000001 2096.3499750000005 694.50000000000011 94.49499895000001 1.0000000180025095e-35 94.154998800000016 1.0000000180025095e-35 0.58550000200000019 93.125000000000014 630.95001200000013 677.95001200000013 90.375000000000014
decision_type=2 2 2 2 2 2 2 2 2 2 2 2 2 2 2 2 2 2 2 2 2 2 2 2 2 2 2 2 2 2
left_child=1 2 4 7 5 -1 -7 14 10 -10 16 -11 -13 -14 -4 -16 17 -5 -19 -3 23 22 -22 24 28 26 27 -26 -21 -30
right_child=-2 19 3 8 -6 6 -8 -9 9 11 -12 12 13 -15 15 -17 -18 18 -20 20 21 -23 -24 -25 25 -27 -28 -29 29 -31
leaf_value=0.25454596033741839 -0.20599116110844545 0.94311752110239 -0.087440104282982017 0.060918950316419619 -0.3776966673496101 -1.0738128062337637 -0.019205433062531731 0.64175928981129671 0.55163763480851002 -0.24547788455528788 -0.39607356619791523 1.2002479867501692 0.18378854021347688 -1.1360367999877781 -0.45358791455094305 0.71066610065824753 -0.15431590506433338 1.8963620106556587 0.54083934796137223 -0.040120592185169848 0.46489497056094614 -0.11902484051506991 1.9675388249452226 -0.57449636312382524 -0.49102888230911712 -0.69798910372622869 -0.42452887903162084 0.54233225696033949 1.0905637456927189 0.15724971347278163
leaf_weight=510 1428 31 236 813 428 60 165 421 322 249 292 44 806 24 28 145 506 28 69 2799 41 151 32 139 44 254 91 152 43 155
leaf_count=510 1428 31 236 813 428 60 165 421 322 249 292 44 806 24 28 145 506 28 69 2799 41 151 32 139 44 254 91 152 43 155
internal_value=0 0.0324031 0.0926635 0.144685 -0.0854973 0.0846541 -0.300434 0.409507 0.0749726 0.200819 -0.0314954 0.100228 0.198718 0.145625 0.170441 0.522232 0.043686 0.153784 0.932124 -0.0464626 -0.0543265 0.285934 1.12359 -0.0750549 -0.0554329 -0.286677 0.0773418 0.310353 -0.0136902 0.359939
internal_weight=0 9078 5146 3983 1163 735 225 830 3153 1445 1708 1123 874 830 409 173 1416 910 97 3932 3901 224 73 3677 3538 541 287 196 2997 198
internal_count=10506 9078 5146 3983 1163 735 225 830 3153 1445 1708 1123 874 830 409 173 1416 910 97 3932 3901 224 73 3677 3538 541 287 196 2997 198
is_linear=0
shrinkage=0.5


Tree=14
num_leaves=31
num_cat=0
split_feature=16 18 5 15 36 10 39 5 18 15 38 31 18 33 5 24 36 15 5 18 16 5 18 5 18 5 18 18 30 30
split_gain=116.426 387.039 332.556 157.669 190.722 224.304 258.539 164.202 259.125 143.249 156.807 136.542 190.43 136.886 136.532 127.164 123.945 122.847 121.109 204.087 176.996 124.852 215.203 155.643 119.321 112.538 212.936 178.839 205.607 131.759
threshold=247.77500000000001 650.95001200000013 87.505001050000018 37965.900400000006 48.014999400000008 0.30949999350000007 1.0000000180025095e-35 87.99499895000001 632.95001200000013 33991.099600000009 0.7513000070000001 123598.1015 688.0499880000001 1.0000000180025095e-35 86.139999400000008 2661.7500000000005 55.389999400000008 36000.94920000001 91.755001050000018 695.2999880000001 256.17000045000003 90.670002000000025 668.75000000000011 89.110000600000021 699.0499880000001 87.99499895000001 642.0499880000001 642.75000000000011 92.034999850000005 93.625000000000014
decision_type=2 2 2 2 2 2 2 2 2 2 2 2 2 2 2 2 2 2 2 2 2 2 2 2 2 2 2 2 2 2
left_child=1 3 -3 4 9 6 17 8 -7 -1 -11 18 15 -14 -8 -13 -10 -6 19 21 -21 22 25 -24 -20 27 -27 -2 -29 -28
right_child=11 2 -4 -5 5 7 14 -9 16 10 -12 12 13 -15 -16 -17 -18 -19 24 20 -22 -23 23 -25 -26 26 29 28 -30 -31
leaf_value=0.84852762842950014 0.014266036801139075 1.6019068292301635 0.23392607809543242 -0.2277920349742964 0.031320450986405894 -0.33571255099662439 0.96612894360310908 -0.62825339240033051 0.65126089068362492 -0.90962568785135567 0.10100792856685241 -0.49066290692467474 0.19386433995583333 -0.53405604374251869 0.22611696651886001 -0.15567084933123129 -0.41810178852507046 -0.4853280164054869 -1.3544245543739488 1.9637009671524814 0.36209151561142527 -0.31230686078745656 1.4980069515960557 0.27919344670653085 -0.13557139445880526 -0.76448188492383151 0.013752225419473338 -0.28916701922814053 1.3095949840136483 -0.59550796238705517
leaf_weight=63 452 46 1299 781 356 470 89 253 120 39 2419 452 430 76 208 759 35 170 31 23 69 276 28 406 57 120 788 30 61 100
leaf_count=63 452 46 1299 781 356 470 89 253 120 39 2419 452 430 76 208 759 35 170 31 23 69 276 28 406 57 120 788 30 61 100
internal_value=0 0.0425991 0.280712 -0.0214149 0.0167615 -0.112612 0.0749236 -0.2884 -0.150827 0.104054 0.0849727 -0.0650358 -0.17307 0.0845324 0.447871 -0.280705 0.409792 -0.135657 0.0109551 0.032493 0.762494 0.00278934 0.0466012 0.357827 -0.56494 -0.0404857 -0.139337 0.143018 0.782531 -0.0548582
internal_weight=0 6348 1345 5003 4222 1701 823 878 625 2521 2458 4158 1717 506 297 1211 155 526 2441 2353 92 2261 1985 434 88 1551 1008 543 91 888
internal_count=10506 6348 1345 5003 4222 1701 823 878 625 2521 2458 4158 1717 506 297 1211 155 526 2441 2353 92 2261 1985 434 88 1551 1008 543 91 888
is_linear=0
shrinkage=0.5


Tree=15
num_leaves=31
num_cat=0
split_feature=24 15 1 10 36 31 5 24 18 30 40 18 16 5 36 7 10 18 16 16 5 18 18 11 28 16 12 40 31 16
split_gain=101.035 109.508 109.931 131.594 127.884 119.632 107.169 100.799 94.7845 127.651 125.416 94.1187 172.803 117.829 124.474 133.377 101.185 119.571 121.072 120.04 100.06 122.801 98.8485 109.135 112.629 101.15 110.913 97.0948 95.3201 93.9644
threshold=3253.9000250000004 34998.050800000005 1.0000000180025095e-35 0.93250000450000015 47.045000100000003 114869.3515 91.479999550000016 2432.3499750000005 664.75000000000011 93.24499895000001 1.0000000180025095e-35 616.95001200000013 233.94999924999999 86.255001050000018 45.889999400000008 1.0000000180025095e-35 0.52549999950000015 697.20001200000013 252.17000045 253.87999955000001 83.514999400000008 580.20001200000013 630.95001200000013 1.0000000180025095e-35 1.0000000180025095e-35 243.92000045 361.96500240000006 1.0000000180025095e-35 145496.25000000003 238.67000045
decision_type=2 2 2 2 2 2 2 2 2 2 2 2 2 2 2 2 2 2 2 2 2 2 2 2 2 2 2 2 2 2
left_child=1 29 11 4 5 6 7 -4 -6 10 -10 20 -13 -14 15 -15 17 18 22 -19 -3 -22 27 24 25 -24 -27 -16 -25 -1
right_child=-2 2 3 -5 8 -7 -8 -9 9 -11 -12 12 13 14 16 -17 -18 19 -20 -21 21 -23 23 28 -26 26 -28 -29 -30 -31
leaf_value=0.44128812187714728 -1.1227326149120926 0.65439612830155769 -0.13530397149584375 0.55715072805774801 -0.22932412484819525 -0.25182418920891636 -0.75957554961378515 0.17816339529582875 0.46865769537474644 -0.17390134513593655 -0.11614321630776805 0.90884464420378208 0.59179077841190975 0.085326840252089656 -0.03254309630198083 -0.56774189029987565 -0.22678280805608042 1.5374487733840942 -0.1210002211587145 0.32858052530690379 -1.2669720739126205 -0.13680169776823509 0.50273057773324947 -0.51819471077993517 -0.036881840245007687 -0.80261962281333077 0.22583379959430755 -1.1333120646221297 0.20198124504155096 0.077232489915087257
leaf_weight=205 20 38 338 81 1646 334 37 1063 199 605 170 60 99 147 435 167 269 25 639 115 25 623 378 100 344 27 902 21 85 1309
leaf_count=205 20 38 338 81 1646 334 37 1063 199 605 170 60 99 147 435 167 269 25 639 115 25 623 378 100 344 27 902 21 85 1309
internal_value=0 0.00214139 -0.0188483 -0.0743547 -0.0860013 0.0177434 0.0803551 0.102537 -0.156168 -0.0325378 0.199237 0.0363374 0.067012 0.0535534 0.0389706 -0.262006 0.067266 0.0930228 0.0714603 0.54445 -0.134161 -0.180404 0.125117 0.176866 0.217672 0.28467 0.195943 -0.0832364 -0.187303 0.126527
internal_weight=0 10486 8972 4473 4392 1772 1438 1401 2620 974 369 4499 3813 3753 3654 314 3340 3071 2931 140 686 648 2292 1836 1651 1307 929 456 185 1514
internal_count=10506 10486 8972 4473 4392 1772 1438 1401 2620 974 369 4499 3813 3753 3654 314 3340 3071 2931 140 686 648 2292 1836 1651 1307 929 456 185 1514
is_linear=0
shrinkage=0.5


Tree=16
num_leaves=31
num_cat=0
split_feature=38 18 5 5 18 16 18 5 18 30 24 18 30 5 18 18 30 10 40 30 30 5 16 16 17 30 18 18 18 18
split_gain=94.4059 225.314 260.328 111.794 119.02 134.091 132.167 133.965 111.388 170.498 129.419 110.073 138.213 114.424 192.163 163.631 162.39 122.867 116.764 111.136 164.37 134.656 124.298 107.239 127.213 116.894 240.428 144.591 163.504 115.682
threshold=0.76409998550000013 566.2999880000001 84.735000600000021 83.775001550000013 595.20001200000013 238.94999924999999 636.75000000000011 86.729999550000016 585.0499880000001 88.909999850000005 2509.7500000000005 599.0499880000001 90.625000000000014 87.594997400000011 635.0499880000001 623.0499880000001 92.064998650000021 0.14950000500000002 1.0000000180025095e-35 91.064998650000021 90.215000150000023 88.729999550000016 240.12999955000001 237.67000045 1.0000000180025095e-35 90.904998800000016 610.95001200000013 611.0499880000001 612.95001200000013 628.50000000000011
decision_type=2 2 2 2 2 2 2 2 2 2 2 2 2 2 2 2 2 2 2 2 2 2 2 2 2 2 2 2 2 2
left_child=3 -2 -3 8 -5 -6 -7 -8 10 -10 -1 12 -4 14 16 -15 18 -16 23 20 -17 22 -22 29 25 27 -27 -25 -29 -13
right_child=1 2 11 4 5 6 7 -9 9 -11 -12 13 -14 15 17 19 -18 -19 -20 -21 21 -23 -24 24 -26 26 -28 28 -30 -31
leaf_value=0.12051108499943483 -1.3746835789803802 0.57837766933896606 -0.19613320964307826 -0.88548896473551553 0.46487401172518727 -0.46284841829775902 1.1895705396752982 -0.10826388734920737 -0.12905470002442598 1.530112107633613 -0.96065167663618922 0.23593739035980887 -1.5003554387526079 -0.49178421689959412 -0.1044116448611021 0.85863085410424644 -1.071513181203045 0.5527841759389569 -0.35965450216084721 0.012288279912336289 -0.10897231653062482 -1.5710185144258582 -0.91783121216391761 0.26893139778812591 -0.55090891624438676 -0.59581540052998583 0.33897432371145952 -1.560663203344397 -0.1867318581711073 1.281286777130195
leaf_weight=205 29 205 265 63 75 345 21 374 30 32 32 483 22 176 90 28 32 339 150 5924 193 23 63 185 90 79 532 23 370 28
leaf_count=205 29 205 265 63 75 345 21 374 30 32 32 483 22 176 90 28 32 339 150 5924 193 23 63 185 90 79 532 23 370 28
internal_value=0 0.0168353 0.0211745 -0.133438 -0.223363 -0.17218 -0.236747 -0.0392651 0.130622 0.727289 -0.0254687 0.0086152 -0.296108 0.0185443 0.111638 -0.0163423 0.0456626 0.414911 0.0640902 -0.00291302 -0.296244 -0.412145 -0.308027 0.0995995 0.0222435 0.0656276 0.21811 -0.0955601 -0.26714 0.293217
internal_weight=0 9329 9300 1177 878 815 740 395 299 62 237 9095 287 8808 2401 6407 1972 429 1940 6231 307 279 256 1790 1279 1189 611 578 393 511
internal_count=10506 9329 9300 1177 878 815 740 395 299 62 237 9095 287 8808 2401 6407 1972 429 1940 6231 307 279 256 1790 1279 1189 611 578 393 511
is_linear=0
shrinkage=0.5


Tree=17
num_leaves=31
num_cat=0
split_feature=15 36 7 31 24 24 5 24 15 18 18 40 30 16 30 28 30 10 10 10 18 12 18 5 31 30 32 32 16 18
split_gain=102.684 79.101 123.62 258.73 120.191 111.07 100.84 113.478 144.333 119.399 99.4412 85.647 95.3541 82.8792 81.2752 79.5918 77.5297 74.9903 73.2996 70.326 76.2963 68.2232 67.8895 165.989 163.216 123.089 95.1176 72.8042 67.0832 169.968
threshold=39024.650400000006 47.045000100000003 1.0000000180025095e-35 136740.30450000003 2556.0000000000005 2800.3499750000005 86.889999400000008 2844.0000000000005 33006.500000000007 612.0499880000001 643.95001200000013 1.0000000180025095e-35 91.404998800000016 245.37999955000001 90.814998650000021 1.0000000180025095e-35 95.220001200000013 0.22950000300000004 0.52050000450000011 0.35950000550000005 693.20001200000013 363.02500000000003 599.0499880000001 85.005001050000018 141117.20300000001 89.849998500000012 -23.090000149999998 1.3350000350000002 240.67000045 644.95001200000013
decision_type=2 2 2 2 2 2 2 2 2 2 2 2 2 2 2 2 2 2 2 2 2 2 2 2 2 2 2 2 2 2
left_child=1 2 4 13 -1 22 7 8 -7 14 15 12 -12 -4 -9 -8 19 -5 -6 20 -14 -19 24 27 25 26 -3 -24 29 -25
right_child=-2 5 3 17 18 6 10 9 -10 -11 11 -13 16 -15 -16 -17 -18 21 -20 -21 -22 -23 23 28 -26 -27 -28 -29 -30 -31
leaf_value=0.011946309495780922 -0.53783934861315752 -0.45219995983800776 0.28649157949077153 0.39809364080429077 0.26440947393430869 1.9795565974453222 -0.28085755644235433 0.064261484318054646 0.14298082515597343 0.60987866076038166 0.93740405698649976 -0.13343377799464637 0.2711956619151612 -0.1056611690676857 -1.121776206791401 0.34797813212972578 -0.53443939380702521 -1.0862068009088959 -0.027267540554505393 0.061618614102281664 1.1596722655857985 -0.45681634172268043 0.7768453117016525 -0.034615080744416528 -1.5857219475766886 -0.81090295223158693 0.2641186962474979 -0.16697227280517971 -0.10603947834061601 0.61260918097506312
leaf_weight=1566 88 74 258 20 1190 23 342 52 20 85 38 323 342 282 20 59 42 57 263 666 26 176 84 808 23 62 124 27 3250 116
leaf_count=1566 88 74 258 20 1190 23 342 52 20 85 38 323 342 282 20 59 42 57 263 666 26 176 84 808 23 62 124 27 3250 116
internal_value=0 0.00454309 0.0618968 -0.113787 0.108044 -0.0285529 0.0685117 0.405676 1.12534 0.208572 0.0318235 0.0932597 0.158989 0.0817007 -0.265193 -0.188336 0.131498 -0.531034 0.211615 0.158548 0.333968 -0.610787 -0.071858 -0.0561932 -0.309045 -0.196108 -0.00359636 0.547268 -0.0722412 0.0466382
internal_weight=0 10418 3812 793 3019 6606 2038 200 43 157 1838 1437 1114 540 72 401 1076 253 1453 1034 368 233 4568 4285 283 260 198 111 4174 924
internal_count=10506 10418 3812 793 3019 6606 2038 200 43 157 1838 1437 1114 540 72 401 1076 253 1453 1034 368 233 4568 4285 283 260 198 111 4174 924
is_linear=0
shrinkage=0.5


Tree=18
num_leaves=31
num_cat=0
split_feature=5 18 18 30 30 18 5 18 18 10 5 40 5 5 5 12 30 40 32 16 18 30 18 25 38 10 5 18 5 15
split_gain=66.5435 197.909 187.087 146.663 176.788 127.524 182.977 120.078 91.8823 80.1977 86.0144 78.2795 77.5871 75.1818 75.105 74.3999 70.7717 68.2145 128.549 77.485 211.192 97.8491 152.354 86.2958 130.613 152.633 80.8522 122.611 166.109 89.3089
threshold=89.784999850000005 654.75000000000011 656.0499880000001 92.505001050000018 92.404998800000016 687.20001200000013 91.255001050000018 716.2999880000001 640.0499880000001 0.71750000150000015 89.375000000000014 1.0000000180025095e-35 89.375000000000014 90.360000600000021 88.625000000000014 363.93499985 95.159999850000005 1.0000000180025095e-35 0.75499999500000003 240.12999955000001 649.95001200000013 87.404998800000016 576.5499880000001 1.0000000180025095e-35 0.7600499985000001 0.73700001800000015 85.889999400000008 604.0499880000001 86.860000600000021 38049.300800000005
decision_type=2 2 2 2 2 2 2 2 2 2 2 2 2 2 2 2 2 2 2 2 2 2 2 2 2 2 2 2 2 2
left_child=2 -2 3 4 12 11 -7 16 -6 -4 -11 15 17 -13 -10 -3 -8 19 -19 20 21 -1 -23 -21 -25 -26 -24 28 -28 -29
right_child=1 5 9 -5 8 6 7 -9 14 10 -12 13 -14 -15 -16 -17 -18 18 -20 23 -22 22 26 24 25 -27 27 29 -30 -31
leaf_value=1.0302561934071559 -1.0411465639481321 -0.83825454247348452 0.21122087108077917 -0.27089313576757229 -0.14698830931573301 0.3530209914133593 -0.15306951576945674 0.50602423251257278 1.301714588956135 -0.52581040249972399 0.30715833128630821 -0.27574142856666672 -0.38968749281305531 -1.1210394092910998 0.45809713169630317 -0.088067374713980656 -0.82393962473918991 -0.34287168621650405 0.12044289983360031 -0.0010609019444799629 1.6809631096465247 -0.76358229550093693 0.25985339953031922 -1.1962030874831335 -0.021843785414516571 -1.3287610411643982 -0.17406753820574117 0.12168138901429428 -1.6439195647835732 -0.51253496194100479
leaf_weight=27 52 34 1424 519 37 384 311 64 41 79 51 91 130 37 74 1183 45 371 251 3295 21 53 525 35 210 25 117 938 23 59
leaf_count=27 52 34 1424 519 37 384 311 64 41 79 51 91 130 37 74 1183 45 371 251 3295 21 53 525 35 210 25 117 938 23 59
internal_value=0 -0.0772972 0.0204854 -0.0155197 0.00574778 -0.0539747 0.103562 -0.124515 0.538361 0.176901 -0.19903 -0.148145 -0.00756756 -0.520085 0.758865 -0.109026 -0.237871 0.00078128 -0.155907 0.0190734 0.104817 0.0858161 0.0709473 -0.0233293 -0.295086 -0.160878 0.0975599 0.0226223 -0.415543 0.08415
internal_weight=0 2201 8305 6751 6232 2149 804 420 152 1554 130 1345 6080 128 115 1217 356 5950 622 5328 1763 1742 1715 3565 270 235 1662 1137 140 997
internal_count=10506 2201 8305 6751 6232 2149 804 420 152 1554 130 1345 6080 128 115 1217 356 5950 622 5328 1763 1742 1715 3565 270 235 1662 1137 140 997
is_linear=0
shrinkage=0.5


Tree=19
num_leaves=31
num_cat=0
split_feature=15 31 12 36 16 31 10 1 41 18 16 30 5 30 18 31 30 18 31 30 10 30 31 31 7 17 18 18 41 18
split_gain=61.3876 98.7814 80.6001 95.9964 92.408 85.8975 65.9161 81.5418 83.8424 66.4219 64.2474 169.027 158.005 135.378 136.149 123.338 104.002 89.2789 276.193 129.089 84.2573 104.62 87.7648 100.467 109.187 96.0355 103.321 83.7278 81.8114 80.794
threshold=35987.150400000006 129645.6015 366.93499985 48.895000450000005 251.12999955000001 134996.25000000003 0.35950000550000005 1.0000000180025095e-35 1.0000000180025095e-35 586.20001200000013 242.62999955000001 91.965000150000023 87.74499895000001 92.255001050000018 637.0499880000001 115637.45300000001 90.465000150000023 638.0499880000001 131063.75000000001 91.74499895000001 0.16749999700000004 88.034999850000005 157569.35150000002 135572.50000000003 1.0000000180025095e-35 1.0000000180025095e-35 628.50000000000011 664.75000000000011 1.0000000180025095e-35 636.75000000000011
decision_type=2 2 2 2 2 2 2 2 2 2 2 2 2 2 2 2 2 2 2 2 2 2 2 2 2 2 2 2 2 2
left_child=1 6 3 -3 -5 -4 -1 8 -8 -9 20 12 16 14 -13 -16 -12 19 -19 -14 -2 -22 23 -23 25 -25 -27 -17 -20 -15
right_child=10 2 5 4 -6 -7 7 9 -10 -11 11 13 17 29 15 27 -18 18 28 -21 21 22 -24 24 -26 26 -28 -29 -30 -31
leaf_value=0.20868269522405153 -0.14837074372238535 0.10587937145286354 -0.78939668078341385 -0.23339551970550848 -1.0482698264776875 0.1036497598654588 0.13353059005659121 -0.71413226742297409 -0.33564403882951704 0.21967468531591697 -0.98283305197643733 -0.31808194704353809 -0.58578126377113604 -0.94313960671424868 0.57076948165689945 -0.087218333848766857 -0.031015257755740409 -1.031320222430149 -0.36895621464919703 0.3419841440721742 1.1271843525270622 0.010433371764033807 -0.89412444619380904 0.23102144131751992 -0.21328360363555959 0.21808873548602256 1.1514091399174347 0.62390289216232042 0.40294246432872921 -0.040653384233544768
leaf_weight=1113 463 212 28 412 38 702 162 20 231 398 30 100 76 25 247 189 662 171 101 74 24 1256 23 337 98 52 69 53 52 3088
leaf_count=1113 463 212 28 412 38 702 162 20 231 398 30 100 76 25 247 189 662 171 101 74 24 1256 23 337 98 52 69 53 52 3088
internal_value=0 0.0562793 -0.045178 -0.171521 -0.302207 0.0693959 0.129683 0.0212652 -0.142244 0.174995 -0.0259558 -0.0585987 -0.224611 -0.00631056 0.213505 0.322214 -0.072279 -0.447004 -0.594652 -0.128084 0.0424791 0.0900119 0.0764467 0.0887663 0.26572 0.368214 0.750313 0.0685231 -0.106612 -0.0479011
internal_weight=0 3316 1392 662 450 730 1924 811 393 418 7190 4868 1166 3702 589 489 692 474 324 150 2322 1859 1835 1812 556 458 121 242 153 3113
internal_count=10506 3316 1392 662 450 730 1924 811 393 418 7190 4868 1166 3702 589 489 692 474 324 150 2322 1859 1835 1812 556 458 121 242 153 3113
is_linear=0
shrinkage=0.5


end of trees

feature_importances:
Column_18=169
Column_30=104
Column_5=91
Column_10=32
Column_16=26
Column_40=22
Column_15=20
Column_36=20
Column_24=17
Column_31=17
Column_12=15
Column_38=10
Column_41=9
Column_1=7
Column_7=7
Column_17=7
Column_25=7
Column_28=5
Column_32=4
Column_2=3
Column_39=3
Column_11=2
Column_33=2
Column_9=1

parameters:
[boosting: gbdt]
[objective: regression]
[metric: rmse,l2]
[tree_learner: serial]
[device_type: cpu]
[data: ]
[valid: ]
[num_iterations: 20]
[learning_rate: 0.5]
[num_leaves: 31]
[num_threads: -1]
[deterministic: 0]
[force_col_wise: 0]
[force_row_wise: 0]
[histogram_pool_size: -1]
[max_depth: 20]
[min_data_in_leaf: 20]
[min_sum_hessian_in_leaf: 0.001]
[bagging_fraction: 1]
[pos_bagging_fraction: 1]
[neg_bagging_fraction: 1]
[bagging_freq: 0]
[bagging_seed: 3]
[feature_fraction: 1]
[feature_fraction_bynode: 1]
[feature_fraction_seed: 2]
[extra_trees: 0]
[extra_seed: 6]
[early_stopping_round: 1000]
[first_metric_only: 0]
[max_delta_step: 0]
[lambda_l1: 0]
[lambda_l2: 0]
[linear_lambda: 0]
[min_gain_to_split: 0]
[drop_rate: 0.1]
[max_drop: 50]
[skip_drop: 0.5]
[xgboost_dart_mode: 0]
[uniform_drop: 0]
[drop_seed: 4]
[top_rate: 0.2]
[other_rate: 0.1]
[min_data_per_group: 100]
[max_cat_threshold: 32]
[cat_l2: 10]
[cat_smooth: 10]
[max_cat_to_onehot: 4]
[top_k: 20]
[monotone_constraints: ]
[monotone_constraints_method: basic]
[monotone_penalty: 0]
[feature_contri: ]
[forcedsplits_filename: ]
[refit_decay_rate: 0.9]
[cegb_tradeoff: 1]
[cegb_penalty_split: 0]
[cegb_penalty_feature_lazy: ]
[cegb_penalty_feature_coupled: ]
[path_smooth: 0]
[interaction_constraints: ]
[verbosity: -1]
[saved_feature_importance_type: 0]
[linear_tree: 0]
[max_bin: 255]
[max_bin_by_feature: ]
[min_data_in_bin: 3]
[bin_construct_sample_cnt: 200000]
[data_random_seed: 1]
[is_enable_sparse: 1]
[enable_bundle: 1]
[use_missing: 1]
[zero_as_missing: 0]
[feature_pre_filter: 1]
[pre_partition: 0]
[two_round: 0]
[header: 0]
[label_column: ]
[weight_column: ]
[group_column: ]
[ignore_column: ]
[categorical_feature: ]
[forcedbins_filename: ]
[precise_float_parser: 0]
[objective_seed: 5]
[num_class: 1]
[is_unbalance: 0]
[scale_pos_weight: 1]
[sigmoid: 1]
[boost_from_average: 1]
[reg_sqrt: 0]
[alpha: 0.9]
[fair_c: 1]
[poisson_max_delta_step: 0.7]
[tweedie_variance_power: 1.5]
[lambdarank_truncation_level: 30]
[lambdarank_norm: 1]
[label_gain: ]
[eval_at: ]
[multi_error_top_k: 1]
[auc_mu_weights: ]
[num_machines: 1]
[local_listen_port: 12400]
[time_out: 120]
[machine_list_filename: ]
[machines: ]
[gpu_platform_id: -1]
[gpu_device_id: -1]
[gpu_use_dp: 0]
[num_gpu: 1]

end of parameters

pandas_categorical:null
