tree
version=v3
num_class=1
num_tree_per_iteration=1
label_index=0
max_feature_idx=41
objective=regression
feature_names=Column_0 Column_1 Column_2 Column_3 Column_4 Column_5 Column_6 Column_7 Column_8 Column_9 Column_10 Column_11 Column_12 Column_13 Column_14 Column_15 Column_16 Column_17 Column_18 Column_19 Column_20 Column_21 Column_22 Column_23 Column_24 Column_25 Column_26 Column_27 Column_28 Column_29 Column_30 Column_31 Column_32 Column_33 Column_34 Column_35 Column_36 Column_37 Column_38 Column_39 Column_40 Column_41
feature_infos=[0:1] [0:1] [0:1] [0:1] [0:1] [0:94.629997299999999] [0:1] [0:1] none [0:1] [0:1.8550000200000001] [0:1] [273.14999999999998:1041.1500000000001] none none [-473:41051] [223.64999999999998:372.14999999999998] [0:1] [0:768] [0:1] [0:1] [0:1] none none [0:12288] [0:1] [0:1] [0:1] [0:1] [0:1] [0:127.129997] [0:163800] [-64:96.75] [0:1] none none [0:1016] [0:1] [0:0.99900001299999996] [0:1] [0:1] [0:1]
tree_sizes=2744 2779 2838 2800 2833 2826 2830 2859 2820 2833 2825 2828 2837 2842 2813 2832 2824 2810 2803 2793

Tree=0
num_leaves=31
num_cat=0
split_feature=2 31 41 33 10 12 1 36 15 15 28 33 12 7 36 18 15 10 30 5 12 18 12 33 28 15 24 16 18 18
split_gain=7395.92 2495.85 931.2 901.377 398.721 202.146 140.004 134.904 133.951 100.478 95.6466 187.408 94.0991 83.8656 82.0712 77.1258 76.9765 71.571 78.7267 67.2662 50.936 48.3925 44.0895 43.6894 44.1703 43.3519 53.4006 42.7893 36.221 34.4517
threshold=1.0000000180025095e-35 35271.500000000007 1.0000000180025095e-35 1.0000000180025095e-35 0.51449999250000011 365.18499985 1.0000000180025095e-35 53.985000600000006 37026.798800000011 34046.349600000009 1.0000000180025095e-35 1.0000000180025095e-35 368.05999985 1.0000000180025095e-35 49.889999350000004 608.0499880000001 36047.900400000006 0.50949999650000011 87.689998650000021 89.505001050000018 370.08999865000004 678.0499880000001 368.05999985 1.0000000180025095e-35 1.0000000180025095e-35 35020.050800000005 2589.4000250000004 238.17000045 634.0499880000001 639.0499880000001
decision_type=2 2 2 2 2 2 2 2 2 2 2 2 2 2 2 2 2 2 2 2 2 2 2 2 2 2 2 2 2 2
left_child=1 5 6 4 9 15 17 12 10 -2 25 14 -4 22 29 -1 -6 18 -3 -14 -20 -11 -8 24 -10 -7 -27 -17 -29 -12
right_child=3 2 7 -5 16 8 13 -9 23 21 11 -13 19 -15 -16 27 -18 -19 20 -21 -22 -23 -24 -25 -26 26 -28 28 -30 -31
leaf_value=0.33362441713042484 0.69402144317376047 0.40192134561452197 0.69421409465119477 2.5438645312904615 1.7251686050130164 0.17663695860235185 1.2350316037130118 0.83099619226275601 0.47837742518020637 1.3020251905178051 -0.16967580259445081 0.52416927784910539 0.22561275590329005 0.77111142721450743 0.27151896516546453 0.71891911753711024 2.159215811339652 0.90755847724565908 1.4844035810192846 0.5319980256901764 1.2172447944205453 1.6794553658858267 0.9544120113731136 0.85226506030010474 0.23652032014844532 0.22546120901647015 0.41023081982088261 0.36929542104574586 0.60742854285161285 0.040498431248354616
leaf_weight=590 61 23 331 290 211 691 268 353 617 484 376 223 375 331 244 303 198 128 334 343 383 103 293 58 272 713 866 313 326 405
leaf_count=590 61 23 331 290 211 691 268 353 617 484 376 223 375 331 244 303 198 128 334 343 383 103 293 58 272 713 866 313 326 405
internal_value=0.669071 0.508189 0.867642 1.763 1.54876 0.318663 1.10982 0.563628 0.264891 1.30478 0.219959 0.108769 0.473656 0.970705 0.0183945 0.47538 1.93529 1.25277 1.31249 0.371978 1.3417 1.36825 1.08847 0.43181 0.404378 0.281088 0.326798 0.564165 0.490784 -0.0606866
internal_weight=0 9159 3162 1347 1057 5997 1760 1402 4465 648 3518 1248 1049 892 1025 1532 409 868 740 718 717 587 561 947 889 2270 1579 942 639 781
internal_count=10506 9159 3162 1347 1057 5997 1760 1402 4465 648 3518 1248 1049 892 1025 1532 409 868 740 718 717 587 561 947 889 2270 1579 942 639 781
is_linear=0
shrinkage=1


Tree=1
num_leaves=31
num_cat=0
split_feature=2 31 41 33 10 12 15 18 16 18 18 15 18 36 18 1 12 7 24 5 33 28 16 12 18 16 36 16 18 12
split_gain=1848.98 623.964 232.8 225.344 125.913 88.5239 77.1826 67.1529 62.958 62.6308 62.1241 51.4153 46.3611 39.1247 38.8952 37.1332 36.9855 33.2409 32.282 29.4911 26.7151 44.6257 24.9969 24.7997 22.2775 20.5259 19.1518 22.5924 18.503 18.3835
threshold=1.0000000180025095e-35 35271.500000000007 1.0000000180025095e-35 1.0000000180025095e-35 0.56949999950000019 370.08999865000004 37988.099600000009 624.95001200000013 238.67000045 648.95001200000013 642.75000000000011 35020.050800000005 655.95001200000013 49.125000000000007 633.95001200000013 1.0000000180025095e-35 357.27500000000003 1.0000000180025095e-35 2516.0000000000005 88.170002000000025 1.0000000180025095e-35 1.0000000180025095e-35 237.92000045 374.08999850000004 627.0499880000001 252.42000045 49.889999350000004 239.94999924999999 602.0499880000001 375.435
decision_type=2 2 2 2 2 2 2 2 2 2 2 2 2 2 2 2 2 2 2 2 2 2 2 2 2 2 2 2 2 2
left_child=1 5 6 4 10 11 15 -7 14 -10 25 -1 19 20 -4 17 -13 26 -18 -6 21 -9 28 -11 -5 -2 -3 -28 -17 -14
right_child=3 2 8 24 12 7 -8 13 9 23 -12 16 29 -15 -16 22 18 -19 -20 -21 -22 -23 -24 -25 -26 -27 27 -29 -30 -31
leaf_value=-0.20291388086054091 0.17569567879992734 0.055061085130243249 0.04440214508593545 0.73570132439815872 0.63093170318007474 -0.37270016153541868 0.41344172983750466 -0.18810261934692007 -0.27263429151090773 0.061077963821110588 0.43882438849089794 0.18521217759011077 0.95989878911196314 -0.062576710731229418 0.48594124538421229 -0.0082058098021661856 -0.16771292613851821 0.38440308126067757 -0.017722802951780928 0.14665452536705526 -0.020883719340058719 -0.34397603510546493 0.034689564626205538 -0.11363926938265696 1.0326134688055455 -0.35002842471003531 0.55724824935782191 0.16927596825440611 0.39846724464673228 0.52141096018222644
leaf_weight=863 259 216 153 93 125 644 400 1547 361 425 446 149 136 473 74 40 586 266 925 42 157 653 552 389 197 20 51 142 93 29
leaf_count=863 259 216 153 93 125 644 400 1547 361 425 446 149 136 473 74 40 586 266 925 42 157 653 552 389 197 20 51 142 93 29
internal_value=0 -0.0804409 0.0992854 0.546962 0.439842 -0.175204 0.220373 -0.226974 -0.0527214 -0.0992924 0.323062 -0.103921 0.694859 -0.193812 0.18834 0.163588 -0.0524559 0.246817 -0.0758924 0.509137 -0.220148 -0.234369 0.0815735 -0.0224171 0.937397 0.138009 0.157335 0.271797 0.27616 0.882831
internal_weight=0 9159 3162 1347 1057 5997 1760 3474 1402 1175 725 2523 332 2830 227 1360 1660 675 1511 167 2357 2200 685 814 290 279 409 193 133 165
internal_count=10506 9159 3162 1347 1057 5997 1760 3474 1402 1175 725 2523 332 2830 227 1360 1660 675 1511 167 2357 2200 685 814 290 279 409 193 133 165
is_linear=0
shrinkage=0.5


Tree=2
num_leaves=31
num_cat=0
split_feature=2 31 15 15 12 15 10 41 36 33 28 41 10 33 10 16 18 30 1 15 15 18 30 1 11 28 12 36 15 10
split_gain=462.245 155.991 73.2411 60.5187 51.2987 44.0906 37.3126 46.0742 36.8468 34.0956 33.4544 30.2203 29.2505 27.9892 26.5931 23.4303 22.7113 28.8576 21.3996 20.9594 20.8683 20.7102 22.1636 20.2782 19.7719 21.4048 19.5792 19.4943 19.3695 19.2687
threshold=1.0000000180025095e-35 35271.500000000007 35968.048800000011 35041.300800000005 368.87000120000005 37026.798800000011 0.16049999700000003 1.0000000180025095e-35 48.125000000000007 1.0000000180025095e-35 1.0000000180025095e-35 1.0000000180025095e-35 0.85050001750000004 1.0000000180025095e-35 0.30050000550000006 243.67000045 633.95001200000013 90.465000150000023 1.0000000180025095e-35 38013.300800000005 35005.650400000006 639.95001200000013 92.064998650000021 1.0000000180025095e-35 1.0000000180025095e-35 1.0000000180025095e-35 374.08999850000004 47.98000145000001 38002.050800000005 0.71050000200000019
decision_type=2 2 2 2 2 2 2 2 2 2 2 2 2 2 2 2 2 2 2 2 2 2 2 2 2 2 2 2 2 2
left_child=1 5 15 13 16 6 24 14 19 12 23 -6 21 29 -8 -3 -4 -18 26 -7 -12 -5 -23 -9 25 -1 -16 -22 -13 -2
right_child=3 2 4 9 11 8 7 10 -10 -11 20 28 -14 -15 18 -17 17 -19 -20 -21 27 22 -24 -25 -26 -27 -28 -29 -30 -31
leaf_value=0.088305103558135062 -0.00063682239101179499 0.034769423183228711 0.092777894449607087 0.13225471642023573 0.11255287511471808 -0.082075903044855125 -0.15669971200581742 -0.18824291683974023 0.17483318393916394 0.53542261852070372 -0.39337897302856278 -0.070504058658079516 0.85173196118810901 0.34571647640390724 0.14875126824408386 -0.13318147091421237 0.5577226912775326 0.2127239689760454 -0.08679774901536666 0.10337495647223764 -0.28829452458041294 0.52066073431354809 0.27420199329088607 -0.076708225957260512 -0.1419955257037491 -0.097101355912144291 -0.051278204278657084 -0.087034695418551564 0.15287161883353637 0.37010769578628244
leaf_weight=450 283 328 339 180 697 769 503 851 237 188 218 594 23 102 271 566 70 452 521 190 302 117 414 782 242 238 223 200 116 40
leaf_count=450 283 328 339 180 697 769 503 851 237 188 218 594 23 102 271 566 70 452 521 190 302 117 414 782 242 238 223 200 116 40
internal_value=0 -0.0402205 0.0496427 0.273481 0.0974191 -0.087602 -0.109 -0.130606 -0.0017054 0.345436 -0.174419 0.0385949 0.296775 0.117382 -0.0626911 -0.0715619 0.193546 0.258988 -0.0161035 -0.0453338 -0.264206 0.278822 0.328506 -0.134832 -0.0190707 0.0241674 0.0584546 -0.208111 -0.0340089 0.0452758
internal_weight=0 9159 3162 1347 2268 5997 4801 3871 1196 922 2353 1407 734 425 1518 894 861 522 1015 959 720 711 531 1633 930 688 494 502 710 323
internal_count=10506 9159 3162 1347 2268 5997 4801 3871 1196 922 2353 1407 734 425 1518 894 861 522 1015 959 720 711 531 1633 930 688 494 502 710 323
is_linear=0
shrinkage=0.5


Tree=3
num_leaves=31
num_cat=0
split_feature=2 18 12 30 18 15 24 30 38 12 18 30 12 33 18 18 18 36 30 5 30 30 18 30 18 30 18 24 18 28
split_gain=115.561 53.9712 77.0967 58.0902 42.8857 37.8511 28.6344 26.2999 26.2863 25.7897 26.1286 21.3373 19.6725 19.5686 16.9113 16.9076 14.3209 14.194 14.1936 14.0164 15.9048 13.5715 20.2221 13.5284 20.0367 18.6182 22.5619 13.8247 13.376 12.6001
threshold=1.0000000180025095e-35 659.0499880000001 360.17999880000002 92.314998650000021 596.0499880000001 36017.550800000005 2583.8499750000005 89.220001200000013 0.74959999300000013 362.21000135000003 663.95001200000013 93.255001050000018 374.37000100000006 1.0000000180025095e-35 696.2999880000001 630.95001200000013 616.0499880000001 48.895000450000005 94.74499895000001 85.735000600000021 91.625000000000014 92.24499895000001 647.75000000000011 89.465000150000023 604.95001200000013 91.465000150000023 625.95001200000013 2684.0000000000005 683.95001200000013 1.0000000180025095e-35
decision_type=2 2 2 2 2 2 2 2 2 2 2 2 2 2 2 2 2 2 2 2 2 2 2 2 2 2 2 2 2 2
left_child=1 2 4 19 -1 23 17 16 -2 -10 13 -12 -5 21 -13 -9 -6 29 -16 -3 -21 22 -11 -4 -25 26 -26 -27 -14 -7
right_child=8 3 5 12 7 6 -8 15 9 10 11 14 28 -15 18 -17 -18 -19 -20 20 -22 -23 -24 24 25 27 -28 -29 -30 -31
leaf_value=-0.075520317858027639 -0.31834997861616071 -0.18069406896829604 0.047795973643817068 0.055338120610180772 0.23033239499054617 -0.055019549123292232 0.052509673822763302 0.03911322859157166 0.29719517458924805 -0.0057190386957467294 0.38295467814896256 0.066585563312537066 -0.079856504950151438 0.19627168838368644 0.59484050469473004 0.2011081967500476 0.6031180922138063 0.03789476611387186 0.15050494386928109 0.44642111398515444 0.19001653624243689 -0.118154097639856 0.29396518698275842 -0.2651833630875563 -0.12586451698399076 -0.23555972975358688 0.042233712546166625 -0.1170275065967776 0.024803600489244387 -0.1545992677277333
leaf_weight=357 31 20 119 1216 80 1216 743 463 236 258 128 214 699 176 32 247 38 296 41 79 258 159 72 230 442 327 364 993 542 430
leaf_count=357 31 20 119 1216 80 1216 743 463 236 258 128 214 699 176 32 247 38 296 41 79 258 159 72 230 442 327 364 993 542 430
internal_value=0 -0.0201102 -0.045671 0.037524 0.0693396 -0.0720833 -0.0309683 0.131797 0.136741 0.147461 0.114741 0.213188 0.0101404 0.0533042 0.137474 0.0954692 0.350382 -0.0629066 0.345282 0.225988 0.250123 0.00184761 0.0596666 -0.116687 -0.124995 -0.109828 -0.0499492 -0.146391 -0.0341468 -0.0810337
internal_weight=0 9159 6345 2814 1185 5160 2685 828 1347 1316 1080 415 2457 665 287 710 118 1942 73 357 337 489 330 2475 2356 2126 806 1320 1241 1646
internal_count=10506 9159 6345 2814 1185 5160 2685 828 1347 1316 1080 415 2457 665 287 710 118 1942 73 357 337 489 330 2475 2356 2126 806 1320 1241 1646
is_linear=0
shrinkage=0.5


Tree=4
num_leaves=31
num_cat=0
split_feature=41 18 30 16 10 39 16 12 24 10 15 12 18 18 1 38 1 30 16 30 10 36 12 38 15 15 5 38 30 11
split_gain=59.5875 32.1127 36.4196 27.7426 25.9927 14.9226 18.2311 13.9175 12.9337 22.2219 19.5702 12.868 12.5402 12.2278 16.0161 12.0736 11.6712 10.1259 9.72152 9.16199 9.15046 9.72444 11.309 9.12729 8.62745 7.91992 7.9092 7.42654 7.35355 7.32838
threshold=1.0000000180025095e-35 644.95001200000013 91.505001050000018 237.67000045 0.13950000000000004 1.0000000180025095e-35 246.87999955000001 373.80999950000006 2560.3499750000005 0.48950000150000006 35041.300800000005 361.21000135000003 616.95001200000013 670.0499880000001 1.0000000180025095e-35 0.78650000700000011 1.0000000180025095e-35 92.74499895000001 251.12999955000001 90.159999850000005 0.71750000150000015 44.500000000000007 363.93499985 0.78385001450000014 37040.650400000006 38019.548800000011 86.545002000000011 0.76409998550000013 92.625000000000014 1.0000000180025095e-35
decision_type=2 2 2 2 2 2 2 2 2 2 2 2 2 2 2 2 2 2 2 2 2 2 2 2 2 2 2 2 2 2
left_child=1 3 27 12 5 -2 -7 13 9 23 11 -10 -1 14 -4 24 18 -15 29 -14 21 -18 -23 -6 26 -9 -12 -3 -16 -5
right_child=4 2 7 16 8 6 -8 25 10 -11 15 -13 19 17 28 -17 20 -19 -20 -21 -22 22 -24 -25 -26 -27 -28 -29 -30 -31
leaf_value=0.029465116210213898 -0.038721614344647083 -0.022879497680280889 0.12543070096738651 0.040343711367677823 -0.11047417319146328 0.24916389578793313 0.021172897524161974 0.0055492626051076212 0.036562444314892806 0.0075890634809260803 0.20452624100238778 -0.11196171085143994 0.25422835221058493 0.3277117757099694 0.042757699580407059 -0.12038082787087963 0.10429965394977776 0.12227769176161712 -0.13183287787045131 0.068449420672034716 0.11450525428183743 -0.0043442153784615748 -0.13345910919568177 -0.25385986908525227 0.082807091702142052 0.19668592766678908 -0.013517564425039916 0.28864379647853894 -0.080585281204765852 -0.12490208695541967
leaf_weight=466 233 21 424 719 990 160 194 1102 175 427 43 875 139 69 303 192 63 459 113 127 61 231 638 125 342 57 1268 215 201 74
leaf_count=466 233 21 424 719 990 160 194 1102 175 427 43 875 139 69 303 192 63 459 113 127 61 231 638 125 342 57 1268 215 201 74
internal_value=0 0.0360483 0.0728104 -0.00378788 -0.0393345 0.0595428 0.12422 0.0558335 -0.0524156 -0.0894043 -0.0327139 -0.0872077 0.0789092 0.0883778 0.0538153 -0.00170121 -0.0356648 0.149124 0.00537225 0.165529 -0.0731065 -0.0853858 -0.0991374 -0.126549 0.0120837 0.0149494 -0.00636586 0.260924 -0.00643266 0.0249235
internal_weight=0 5482 2851 2631 5024 587 354 2615 4437 1542 2895 1050 732 1456 928 1845 1899 528 906 266 993 932 869 1115 1653 1159 1311 236 504 793
internal_count=10506 5482 2851 2631 5024 587 354 2615 4437 1542 2895 1050 732 1456 928 1845 1899 528 906 266 993 932 869 1115 1653 1159 1311 236 504 793
is_linear=0
shrinkage=0.5


Tree=5
num_leaves=31
num_cat=0
split_feature=15 24 15 38 30 24 24 12 15 15 12 30 24 25 18 38 24 5 15 16 15 15 11 39 9 15 31 10 5 12
split_gain=23.5371 23.9666 23.6066 15.3723 12.7267 13.5061 12.3758 11.2775 11.006 14.3942 8.77571 7.99291 9.24798 8.07331 7.74624 7.12484 8.63844 11.7446 7.95569 7.85723 6.9915 6.98933 6.91302 14.4003 6.82809 6.6229 5.83399 7.65514 5.46211 5.46124
threshold=38013.300800000005 2661.7500000000005 35041.300800000005 0.77910000050000006 91.755001050000018 2888.0000000000005 2831.6500250000004 383.21499850000004 36024.701200000003 36978.099600000009 372.43499985 91.154998800000016 2821.7500000000005 1.0000000180025095e-35 591.0499880000001 0.78474998450000011 2469.7500000000005 87.344997400000011 37040.650400000006 248.12999955000001 37026.798800000011 36009.94920000001 1.0000000180025095e-35 1.0000000180025095e-35 1.0000000180025095e-35 35983.701200000003 136330.59400000004 0.69049999150000019 85.344997400000011 359.83999865000004
decision_type=2 2 2 2 2 2 2 2 2 2 2 2 2 2 2 2 2 2 2 2 2 2 2 2 2 2 2 2 2 2
left_child=1 7 4 11 6 -6 -3 8 21 22 15 -4 -13 -14 -8 16 19 20 -19 28 -18 26 23 -10 -16 -5 27 -1 -11 -2
right_child=29 2 3 25 5 -7 14 -9 9 10 -12 12 13 -15 24 -17 17 18 -20 -21 -22 -23 -24 -25 -26 -27 -28 -29 -30 -31
leaf_value=-0.05183992082806315 0.26959413084266493 -0.028309729794924358 0.18859437547275579 0.14831949926800789 -0.11376599750766411 -0.0078485507188764004 -0.22539666015654802 -0.23580721746530439 0.041450004891625473 0.033749143574135124 -0.052032174778028552 0.045884089752494403 0.10890699053356329 0.3217050202275949 0.11732304015222281 -0.08526645447524768 0.11245316452742411 -0.029231579703413637 0.067205534981722895 0.10735229200011567 0.3871516890271946 -0.23479052779168405 -0.082472670379333021 0.31065040767833879 -0.051856813513274702 -0.0014133427830722055 -0.12975161719792783 0.14282068061941075 -0.093243209515366937 0.084369500119760993
leaf_weight=1073 43 581 163 79 528 700 20 66 140 111 1361 973 312 52 403 211 163 475 389 79 27 58 43 77 70 1133 232 53 357 534
leaf_count=1073 43 581 163 79 528 700 20 66 140 111 1361 973 312 52 403 211 163 475 389 79 27 58 43 77 70 1133 232 53 357 534
internal_value=0 -0.00570509 0.0186164 0.0502248 -0.0186217 -0.0533896 0.0211316 -0.0305165 -0.0277222 -0.0124236 -0.0216914 0.0840625 0.0713185 0.139307 0.0793981 0.0010976 0.0124797 0.0389382 0.0141874 -0.0385024 0.151489 -0.0648128 0.10068 0.136973 0.0922859 0.00834647 -0.0575531 -0.0426774 -0.0631232 0.0981731
internal_weight=0 9929 5014 2712 2302 1228 1074 4915 4849 3433 3173 1500 1337 364 493 1812 1601 1054 864 547 190 1416 260 217 473 1212 1358 1126 468 577
internal_count=10506 9929 5014 2712 2302 1228 1074 4915 4849 3433 3173 1500 1337 364 493 1812 1601 1054 864 547 190 1416 260 217 473 1212 1358 1126 468 577
is_linear=0
shrinkage=0.5


Tree=6
num_leaves=31
num_cat=0
split_feature=38 18 30 30 18 30 28 40 33 30 12 15 24 24 36 18 36 28 12 39 18 15 24 1 17 12 38 5 5 30
split_gain=10.8272 9.40276 21.4119 13.465 15.3828 9.70825 8.57302 8.52772 9.16833 8.23935 7.92041 6.63462 8.39467 7.78416 7.2926 6.47983 6.19637 6.67245 6.09225 6.07694 7.76593 6.17753 6.37837 5.89654 5.7541 5.6502 5.16269 4.96144 4.95777 4.89778
threshold=0.78354999400000014 632.0499880000001 91.24499895000001 90.625000000000014 600.0499880000001 89.029998800000016 1.0000000180025095e-35 1.0000000180025095e-35 1.0000000180025095e-35 89.125000000000014 385.185 37965.900400000006 2741.7500000000005 2604.0000000000005 47.824998850000007 582.50000000000011 46.00499915000001 1.0000000180025095e-35 374.80499850000007 1.0000000180025095e-35 616.95001200000013 33040.69920000001 2421.7500000000005 1.0000000180025095e-35 1.0000000180025095e-35 374.08999850000004 0.75810000300000013 89.704998000000018 86.755001050000018 92.154998800000016
decision_type=2 2 2 2 2 2 2 2 2 2 2 2 2 2 2 2 2 2 2 2 2 2 2 2 2 2 2 2 2 2
left_child=1 3 26 4 5 15 -7 8 19 -6 11 12 16 -13 -14 -1 17 18 -4 20 -5 -21 -23 -22 29 -26 -3 -15 -25 -16
right_child=-2 2 10 7 9 6 -8 -9 -10 -11 -12 13 14 27 24 -17 -18 -19 -20 21 23 22 -24 28 25 -27 -28 -29 -30 -31
leaf_value=-0.022242361976091609 -0.037606471310855177 -0.055120694288594084 0.19008703223358758 -0.20592909568269563 0.21120122516021869 -0.049410954940649808 -0.22267146786313732 -0.27410061823249587 0.083326766459370843 0.044307770878008072 -0.23912503793690121 0.011510924925293368 0.082623881557576051 0.2237695534982217 0.06876144689694047 0.12213172784257924 -0.035906977968416437 -0.066620789431592289 0.0122251163909931 -0.17412790939247666 -0.0038437644183912474 -0.1186973859455501 0.0081807831685411763 0.0075852347194756333 -0.0074640775295798066 -0.17192703336017368 0.12512419146210868 0.074077056065431468 -0.16293911985672746 0.0024131911674497874
leaf_weight=284 1619 43 92 123 81 263 98 41 131 850 32 709 406 65 375 107 1581 92 101 65 212 119 591 57 147 81 522 373 169 1077
leaf_count=284 1619 43 92 123 81 263 98 41 131 850 32 709 406 65 375 107 1581 92 101 65 212 119 591 57 147 81 522 373 169 1077
internal_value=0 0.006851 0.019024 -0.0148781 0.0158665 -0.0373213 -0.0964457 -0.0491905 -0.0429047 0.058828 0.00885134 0.0104076 0.000691102 0.0438858 0.0224864 0.0172667 -0.0236738 0.0441882 0.097009 -0.0552822 -0.0949171 -0.0265916 -0.0130847 -0.0637425 0.00795312 -0.0658917 0.111406 0.0962917 -0.119931 0.0195486
internal_weight=0 8887 5696 3191 1683 752 361 1508 1467 931 5131 5099 3952 1147 2086 391 1866 285 193 1336 561 775 710 438 1680 228 565 438 226 1452
internal_count=10506 8887 5696 3191 1683 752 361 1508 1467 931 5131 5099 3952 1147 2086 391 1866 285 193 1336 561 775 710 438 1680 228 565 438 226 1452
is_linear=0
shrinkage=0.5


Tree=7
num_leaves=31
num_cat=0
split_feature=41 10 39 1 9 10 18 24 2 15 15 16 39 31 5 1 15 36 39 1 10 10 36 24 18 30 5 24 9 30
split_gain=7.10264 11.2381 7.86518 6.80726 11.0545 11.4744 12.2018 11.3371 9.80182 7.97374 14.1927 7.73018 7.36971 7.11872 6.36527 5.78329 6.4047 5.55556 6.61984 13.1779 20.7246 13.9522 11.1755 6.41147 6.25408 8.21027 6.06815 5.55262 5.22355 6.8136
threshold=1.0000000180025095e-35 0.17050000300000004 1.0000000180025095e-35 1.0000000180025095e-35 1.0000000180025095e-35 0.43699999200000006 679.0499880000001 2526.0999750000005 1.0000000180025095e-35 36017.550800000005 36008.650400000006 233.75499955000001 1.0000000180025095e-35 128215.00000000001 88.125000000000014 1.0000000180025095e-35 38001.750000000007 57.059999450000007 1.0000000180025095e-35 1.0000000180025095e-35 0.24450000400000002 0.67050001050000019 48.670000050000006 2399.6500250000004 622.0499880000001 88.659999850000005 87.005001050000018 2839.8499750000005 1.0000000180025095e-35 90.215000150000023
decision_type=2 2 2 2 2 2 2 2 2 2 2 2 2 2 2 2 2 2 2 2 2 2 2 2 2 2 2 2 2 2
left_child=3 2 -2 9 5 7 12 -5 -8 10 11 -1 -7 -9 -14 -4 -17 18 24 20 -20 23 27 -22 25 -3 -26 -21 29 -11
right_child=1 17 15 4 -6 6 8 13 -10 28 -12 -13 14 -15 -16 16 -18 -19 19 22 21 -23 -24 -25 26 -27 -28 -29 -30 -31
leaf_value=0.18517014666670753 -0.018072620120011113 0.11365805629867355 0.13075380659802069 -0.10825980064421242 0.10795991280763524 -0.017887900350225416 0.0058319473925691383 0.024297268167548979 0.25781131258822587 0.19367318428968164 -0.26975954094181676 0.0038985726821449606 0.18168658057550843 -0.051688260241053947 -0.00093012846385439241 -2.1939721101751693e-06 0.24838338496870008 0.065186226878766768 0.12218558931498015 0.050244434859149326 -0.23498915952546262 0.17701562132467241 -0.06797160114502869 -0.078981804705485506 0.088621604747300881 -0.1351170667388942 -0.043790217731482679 0.23713935209282985 -0.048780914302019834 0.056720542854390481
leaf_weight=62 381 37 253 430 205 709 65 612 95 99 46 1144 98 621 93 247 29 165 153 739 72 51 217 772 92 320 1454 42 104 1099
leaf_count=62 381 37 253 430 205 709 65 612 95 99 46 1144 98 621 93 247 29 165 153 739 72 51 217 772 92 320 1454 42 104 1099
internal_value=0 -0.0135802 0.0367007 0.0124456 -0.0040099 -0.0124395 0.0282145 -0.0383525 0.155445 0.0313108 0.00282075 0.0132177 0.00559585 -0.0139728 0.0927685 0.0761499 0.0260963 -0.0247021 -0.0284579 -0.00871473 -0.0478731 -0.0769446 0.0324055 -0.0922905 -0.0496847 -0.109334 -0.0359106 0.0602951 0.0587068 0.068038
internal_weight=0 5024 910 5482 2928 2723 1060 1663 160 2554 1252 1206 900 1233 191 529 276 4114 3949 2046 1048 895 998 844 1903 357 1546 781 1302 1198
internal_count=10506 5024 910 5482 2928 2723 1060 1663 160 2554 1252 1206 900 1233 191 529 276 4114 3949 2046 1048 895 998 844 1903 357 1546 781 1302 1198
is_linear=0
shrinkage=0.5


Tree=8
num_leaves=31
num_cat=0
split_feature=18 30 18 30 12 40 18 5 5 18 5 30 16 16 18 18 31 2 28 1 18 37 10 31 18 5 10 31 10 11
split_gain=5.75995 14.8911 9.7305 14.0999 7.88133 7.80771 7.37632 9.1116 6.82522 11.7812 6.67184 6.59671 6.26916 5.0884 11.8297 6.01933 4.6213 4.49826 4.57244 4.46344 4.99061 4.35523 4.39976 4.33835 4.30708 6.08797 4.81669 4.18958 7.55679 4.17738
threshold=613.95001200000013 91.215000150000023 653.95001200000013 92.034999850000005 373.935 1.0000000180025095e-35 627.95001200000013 86.344997400000011 85.344997400000011 643.0499880000001 88.045002000000011 89.849998500000012 248.47499980000001 252.67000045 688.0499880000001 726.50000000000011 134255.29700000005 1.0000000180025095e-35 1.0000000180025095e-35 1.0000000180025095e-35 589.20001200000013 1.0000000180025095e-35 0.44949999450000006 131063.75000000001 670.0499880000001 90.284999850000005 0.70949998500000011 123598.1015 0.52949997750000011 1.0000000180025095e-35
decision_type=2 2 2 2 2 2 2 2 2 2 2 2 2 2 2 2 2 2 2 2 2 2 2 2 2 2 2 2 2 2
left_child=11 5 4 12 27 6 7 -2 -7 -10 -5 23 -4 14 24 21 -16 18 -8 -13 -21 -15 -23 -1 26 -26 -12 -3 29 -29
right_child=1 2 3 10 -6 8 17 -9 9 -11 13 19 -14 15 16 -17 -18 -19 -20 20 -22 22 -24 -25 25 -27 -28 28 -30 -31
leaf_value=0.020273145658730559 0.11690696233210879 0.0083754822983673951 0.088265054764676082 0.16835357191956649 -0.061706713987287519 0.17572140187407151 0.057415252593525042 -0.00086634032729642439 -0.12278860910767737 0.077437196556917012 -0.0062812105203047391 -0.025363603780738396 0.36362523737956176 -0.019939571460159324 -0.066269629450170731 0.22658234089612961 0.17475081302970411 0.20694377982277382 0.16167124778763131 -0.33809693441504524 -0.08689313425678008 -0.045334085758606139 -0.29618781460609672 -0.063070905299391591 0.079604574427745919 -0.016663090268069791 -0.13606094848893752 0.0013681924399460564 -0.13525099350643233 -0.15757661985440385
leaf_weight=712 225 1324 342 59 1043 39 390 608 192 119 1000 413 22 1508 23 24 147 89 144 21 338 44 29 200 360 302 77 508 159 45
leaf_count=712 225 1324 342 59 1043 39 390 608 192 119 1000 413 22 1508 23 24 147 89 144 21 338 44 29 200 360 302 77 508 159 45
internal_value=0 0.00511503 -0.00530728 0.0111597 -0.026363 0.0456039 0.0617225 0.0309452 -0.0214493 -0.0461749 0.00160914 -0.0267962 0.104908 -0.00119049 0.0162555 -0.0219408 0.142142 0.102874 0.0855292 -0.0608097 -0.101588 -0.0257135 -0.144988 0.00199594 0.0039491 0.0356879 -0.0155598 -0.00825721 -0.0391865 -0.0115658
internal_weight=0 8822 7016 3937 3079 1806 1456 833 350 311 3573 1684 364 3514 1909 1605 170 623 534 772 359 1581 73 912 1739 662 1077 2036 712 553
internal_count=10506 8822 7016 3937 3079 1806 1456 833 350 311 3573 1684 364 3514 1909 1605 170 623 534 772 359 1581 73 912 1739 662 1077 2036 712 553
is_linear=0
shrinkage=0.5


Tree=9
num_leaves=31
num_cat=0
split_feature=38 24 15 15 7 15 17 12 30 16 15 5 18 15 15 15 15 33 1 10 1 39 18 30 31 31 16 5 41 10
split_gain=4.7147 3.91316 4.14386 10.2615 7.86091 6.38663 5.24144 4.12615 4.1252 3.20872 3.69309 4.77461 4.60915 4.08605 4.0407 11.2324 4.06947 5.39224 5.77885 6.11777 3.93952 3.8925 4.09329 3.76021 3.74308 3.91231 3.54645 3.42913 3.48183 3.1704
threshold=0.79074999650000011 2388.7500000000005 37026.798800000011 37010.099600000009 1.0000000180025095e-35 37979.69920000001 1.0000000180025095e-35 381.83999850000004 90.125000000000014 265.52500000000003 33040.69920000001 87.49499895000001 624.95001200000013 34989.349600000009 36024.701200000003 36992.050800000005 36008.650400000006 1.0000000180025095e-35 1.0000000180025095e-35 0.35950000550000005 1.0000000180025095e-35 1.0000000180025095e-35 622.95001200000013 90.875000000000014 135572.50000000003 149981.25000000003 237.10000075000002 86.344997400000011 1.0000000180025095e-35 0.10749999800000001
decision_type=2 2 2 2 2 2 2 2 2 2 2 2 2 2 2 2 2 2 2 2 2 2 2 2 2 2 2 2 2 2
left_child=1 -1 3 7 -5 6 -4 9 -7 10 11 12 27 21 16 20 29 18 -18 -20 24 22 -12 -14 -16 -26 -23 28 -3 -15
right_child=-2 2 5 4 -6 8 -8 -9 -10 -11 13 -13 23 14 15 -17 17 -19 19 -21 -22 26 -24 -25 25 -27 -28 -29 -30 -31
leaf_value=-0.029921431179131808 -0.081859413179100587 0.038596491823017672 0.1264503581990768 -0.071479163620362648 -0.35029666438218088 0.13436635867334329 -0.005262607972376869 -0.074509119154035311 0.0055063929829751819 0.15708652457824962 -0.054651630053699794 -0.15260676239849999 0.27343069575726986 0.05099453386469481 0.14751527333004763 -0.002259544650445186 -0.23605853734567525 0.10074143851285472 0.11112708376290706 -0.14776378885250199 0.034499693577740825 0.28032419308813888 0.057299299200419693 0.025509399416981837 -0.00843897281478387 0.21774313253505775 0.076578363824813367 -0.18727159118041015 -0.092072462141513822 -0.0089721401952621953
leaf_weight=911 173 104 246 137 31 65 109 172 1396 34 134 80 20 237 225 1989 63 34 39 55 354 24 209 65 94 24 194 39 100 3149
leaf_count=911 173 104 246 137 31 65 109 172 1396 34 134 80 20 237 225 1989 63 34 39 55 354 24 209 65 94 24 194 39 100 3149
internal_value=0 0.00137053 0.00439611 -0.000727557 -0.122928 0.0258557 0.0860089 0.00203254 0.0112394 0.00384443 0.00312399 -0.0430849 -0.0163722 0.00588677 0.00222498 0.0168809 -0.00878029 -0.0797881 -0.118884 -0.0403516 0.0715013 0.0467669 0.0135634 0.0838438 0.10969 0.0375642 0.0990091 -0.0514272 -0.0254569 -0.00477483
internal_weight=0 10333 9422 7606 168 1816 355 7438 1461 7266 7232 408 328 6824 6263 2686 3577 191 157 94 697 561 343 85 343 118 218 243 204 3386
internal_count=10506 10333 9422 7606 168 1816 355 7438 1461 7266 7232 408 328 6824 6263 2686 3577 191 157 94 697 561 343 85 343 118 218 243 204 3386
is_linear=0
shrinkage=0.5


Tree=10
num_leaves=31
num_cat=0
split_feature=24 15 32 30 18 16 31 10 24 5 38 40 16 10 2 12 31 15 10 16 40 15 28 10 30 32 24 11 36 15
split_gain=3.75457 3.19045 3.81936 3.48874 6.88221 4.191 4.02921 4.18398 4.13889 3.79605 4.08012 3.52468 3.41264 3.38086 4.49741 3.3304 3.63501 3.31797 3.18458 3.2391 4.56858 4.06076 3.40657 3.52969 3.28283 3.12221 2.97241 2.91173 2.8169 2.7264
threshold=2829.4000250000004 38039.900400000006 4.8600001350000008 91.845001200000013 640.0499880000001 247.17000045 130054.65250000001 0.57549998150000004 2549.7500000000005 87.344997400000011 0.76690000300000005 1.0000000180025095e-35 245.42000045 0.51699999000000008 1.0000000180025095e-35 359.08999865000004 152246.84400000004 35002.94920000001 0.55950000850000003 250.42000045 1.0000000180025095e-35 35004.099600000009 1.0000000180025095e-35 0.059499999550000009 92.125000000000014 -46.920000049999992 2688.3499750000005 1.0000000180025095e-35 45.889999400000008 36998.650400000006
decision_type=2 2 2 2 2 2 2 2 2 2 2 2 2 2 2 2 2 2 2 2 2 2 2 2 2 2 2 2 2 2
left_child=1 3 12 4 6 17 7 -1 -8 10 -9 -6 28 14 15 -10 -17 -5 19 20 27 -22 23 -21 -25 -16 -19 -2 -3 -28
right_child=18 2 -4 5 11 -7 8 9 13 -11 -12 -13 -14 -15 25 16 -18 26 -20 22 21 -23 -24 24 -26 -27 29 -29 -30 -31
leaf_value=-0.0044048068588465042 0.070493102511271638 -0.043144443132742134 -0.051267668504106738 -0.19186092942560973 0.071972256262708104 -0.0084837159623615977 -0.083583943154415322 -0.029531208261594933 0.046003790221066543 -0.044073961777229831 0.12080617134415661 -0.00094199557532006367 0.1069626150046892 -0.08137276690368625 0.26785568209985894 -0.036324520711627131 -0.25149896105920727 -0.063925569597328633 -0.018152279360623882 -0.18937630169093608 -0.078944804082237197 0.070145591493849066 -0.082588245348498512 0.22331328354775906 0.016689521192239053 0.055408067766063829 -0.045201057258444574 -0.035960179793515373 0.07159104247309514 0.042462888796437233
leaf_weight=2302 780 108 104 38 477 2679 301 59 118 73 192 254 181 132 21 182 22 557 461 20 122 73 103 20 495 98 196 70 106 162
leaf_count=2302 780 108 104 38 477 2679 301 59 118 73 192 254 181 132 21 182 22 557 461 20 122 73 103 20 495 98 196 70 106 162
internal_value=0 -0.00478618 0.0339829 -0.00724653 0.00251148 -0.0186139 -0.00670441 0.0030827 -0.0361105 0.056281 0.0854679 0.0466368 0.0564286 -0.0111725 0.00983984 -0.0208559 -0.0595296 -0.047091 0.018667 0.0287524 0.0458916 -0.0231315 0.00067941 0.0167104 0.0247137 0.0928988 -0.0410786 0.0617264 0.0136872 -0.0055319
internal_weight=0 8362 499 7863 4231 3632 3500 2626 874 324 251 731 395 573 441 322 204 953 2144 1683 1045 195 638 535 515 119 915 850 214 358
internal_count=10506 8362 499 7863 4231 3632 3500 2626 874 324 251 731 395 573 441 322 204 953 2144 1683 1045 195 638 535 515 119 915 850 214 358
is_linear=0
shrinkage=0.5


Tree=11
num_leaves=31
num_cat=0
split_feature=38 33 12 12 5 18 30 2 36 32 18 30 16 16 24 24 30 12 10 11 18 41 18 31 1 10 15 1 18 30
split_gain=3.35077 2.60502 3.26169 3.0901 2.82631 2.83002 5.4087 5.02075 2.95862 4.32258 4.28993 4.09643 4.48911 4.09648 4.15457 3.45053 3.42782 3.42245 2.90935 4.47465 4.41781 4.99139 3.87002 3.32288 3.17947 3.06417 2.84822 2.67028 2.63332 2.55358
threshold=0.78209999200000013 1.0000000180025095e-35 354.93499985 367.08500135000003 92.599998500000012 699.0499880000001 94.375000000000014 1.0000000180025095e-35 43.370000850000004 -38.465000149999995 589.20001200000013 90.215000150000023 244.82999935000001 237.44999924999999 2484.0000000000005 3023.6500250000004 91.404998800000016 356.27500000000003 0.32050000150000008 1.0000000180025095e-35 621.95001200000013 1.0000000180025095e-35 605.0499880000001 121477.45300000001 1.0000000180025095e-35 0.17449999600000002 38986.69920000001 1.0000000180025095e-35 635.95001200000013 87.934997600000017
decision_type=2 2 2 2 2 2 2 2 2 2 2 2 2 2 2 2 2 2 2 2 2 2 2 2 2 2 2 2 2 2
left_child=1 4 -3 27 5 6 8 -8 9 -1 29 13 15 14 26 18 -14 -16 19 20 21 24 -20 -23 -13 -22 -12 -4 -21 -10
right_child=-2 2 3 -5 -6 -7 7 -9 10 -11 11 12 16 -15 17 -17 -18 -19 22 28 25 23 -24 -25 -26 -27 -28 -29 -30 -31
leaf_value=0.25351455556694419 -0.018031743130820763 -0.15003886244570216 0.12704927165193819 0.018098219384730021 -0.13444815984602379 0.061709562754139115 -0.047547819959857553 -0.27137223817408085 0.029711664038694512 0.034360208561023078 -0.0779596138911854 -0.2406241729310373 0.055130912468617628 0.087671211155390116 0.10997510583284999 0.14940382118026416 0.0044041386674731004 0.0071244372040382585 -0.19406901785221539 -0.14015171073902494 0.10775048655787496 0.031615249940284321 -0.032043007397789848 -0.18493829835206271 -0.022048839584126005 0.01992359512660993 0.1188937843378101 0.0043027465726481751 -0.017034790670197475 -0.08846216313678569
leaf_weight=25 2069 24 144 571 38 195 152 30 59 225 147 41 370 266 122 30 3333 240 38 78 137 155 1222 20 28 361 21 64 98 203
leaf_count=25 2069 24 144 571 38 195 152 30 59 225 147 41 370 266 122 30 3333 240 38 78 137 155 1222 20 28 361 21 64 98 203
internal_value=0 0.00442191 0.0315114 0.0371047 0.00157245 0.00225291 0.000686356 -0.084442 0.00283255 0.0562756 0.000915374 0.00336724 -0.00116732 0.0370403 0.0116293 -0.0190115 0.00947271 0.0417868 -0.0213313 7.80291e-05 0.0170793 -0.0380384 -0.0369295 0.00686627 -0.151927 0.0440848 -0.0533529 0.0892811 -0.071598 -0.0618505
internal_weight=0 8437 803 779 7634 7596 7401 182 7219 250 6969 6707 5911 796 530 2208 3703 362 2178 918 742 244 1260 175 69 498 168 208 176 262
internal_count=10506 8437 803 779 7634 7596 7401 182 7219 250 6969 6707 5911 796 530 2208 3703 362 2178 918 742 244 1260 175 69 498 168 208 176 262
is_linear=0
shrinkage=0.5


Tree=12
num_leaves=31
num_cat=0
split_feature=24 15 15 15 24 39 1 25 7 5 15 24 18 15 10 11 5 1 24 16 17 16 39 18 5 30 30 28 30 15
split_gain=2.39627 3.44257 6.91873 4.74625 4.05761 3.73251 5.96109 4.54878 3.44174 3.38157 3.94495 4.36908 3.74085 3.2239 3.18922 2.95356 2.70912 5.25729 3.7453 4.35243 3.32819 3.24513 3.18177 2.91282 2.70271 2.7714 3.05879 2.69374 2.68831 2.67708
threshold=2453.7500000000005 35037.94920000001 35991.099600000009 35006.500000000007 2781.4000250000004 1.0000000180025095e-35 1.0000000180025095e-35 1.0000000180025095e-35 1.0000000180025095e-35 86.43999860000001 36024.701200000003 2741.7500000000005 594.20001200000013 36980.150400000006 0.81549999150000019 1.0000000180025095e-35 89.045002000000011 1.0000000180025095e-35 2652.0000000000005 240.12999955000001 1.0000000180025095e-35 252.09999980000001 1.0000000180025095e-35 625.95001200000013 87.715000150000023 91.904998800000016 92.154998800000016 1.0000000180025095e-35 92.125000000000014 39987.69920000001
decision_type=2 2 2 2 2 2 2 2 2 2 2 2 2 2 2 2 2 2 2 2 2 2 2 2 2 2 2 2 2 2
left_child=24 3 5 -2 28 7 8 -3 -7 12 11 27 -4 14 -12 -14 17 20 -18 -20 21 -15 23 -19 29 -26 -27 -11 -5 -1
right_child=1 2 9 4 -6 6 -8 -9 -10 10 13 -13 15 16 -16 -17 18 22 19 -21 -22 -23 -24 -25 25 26 -28 -29 -30 -31
leaf_value=-0.011836195757186311 -0.0057144684949750248 0.0038497888876832496 -0.078816646519540387 -0.11571665685954252 -0.019751586640874546 0.14166942374625555 0.032172846999999727 0.17577929826492958 0.35142996568571438 -0.069374525556206948 0.063194013172912317 0.0065979756049201546 0.096134812568173494 0.026967357340427857 -0.13702448532872258 -0.08135348479621686 -0.033039736905290433 -0.13983344494111158 -0.14432379907653245 0.015718831613552853 0.12643178561941171 0.16560283007307186 0.03121173817337727 -0.01845666900229188 -0.1443952960452359 0.12108346211191799 -0.057416901037326863 0.0086776991228253893 -0.31841315998740138 0.14727264884169455
leaf_weight=1268 2503 212 44 74 111 48 76 47 33 487 376 658 238 681 21 26 825 55 44 1231 117 45 335 488 76 28 168 143 21 27
leaf_count=1268 2503 212 44 74 111 48 76 47 33 487 376 658 238 681 21 26 825 55 44 1231 117 45 335 488 76 28 168 143 21 27
internal_value=0 0.00316162 0.00963196 -0.0117185 -0.0846706 0.0719237 0.132755 0.0350494 0.227127 0.0051749 0.00232291 -0.0218968 0.056159 0.00971857 0.0526031 0.0786549 0.00526289 0.0199696 -0.00678959 0.0101958 0.0481725 0.0355605 -0.00710907 -0.0307508 -0.0180355 -0.0633447 -0.0319168 -0.0516579 -0.160523 -0.00851887
internal_weight=0 8939 6230 2709 206 416 157 259 81 5814 5506 1288 308 4218 397 264 3821 1721 2100 1275 843 726 878 543 1567 272 196 630 95 1295
internal_count=10506 8939 6230 2709 206 416 157 259 81 5814 5506 1288 308 4218 397 264 3821 1721 2100 1275 843 726 878 543 1567 272 196 630 95 1295
is_linear=0
shrinkage=0.5


Tree=13
num_leaves=31
num_cat=0
split_feature=5 18 18 36 5 18 39 5 40 24 33 38 30 24 17 24 25 30 18 38 5 18 25 18 36 30 5 5 12 18
split_gain=1.75252 5.55039 4.9236 4.57433 3.0037 4.66725 4.16127 3.74559 5.78816 3.07734 2.99982 2.92184 2.68817 3.59086 2.70481 2.92833 2.52533 2.97502 3.65749 2.60393 2.49787 6.50678 3.15632 2.52253 2.49081 2.47258 2.71878 2.7932 2.42749 2.36989
threshold=89.875000000000014 661.50000000000011 654.0499880000001 52.184999450000007 87.889999400000008 629.50000000000011 1.0000000180025095e-35 86.344997400000011 1.0000000180025095e-35 2901.7500000000005 1.0000000180025095e-35 0.76589998600000009 89.625000000000014 3039.6500250000004 1.0000000180025095e-35 2352.3499750000005 1.0000000180025095e-35 92.74499895000001 675.0499880000001 0.77889999750000005 91.755001050000018 699.0499880000001 1.0000000180025095e-35 720.2999880000001 45.889999400000008 91.404998800000016 86.610000600000021 87.215000150000023 372.12000120000005 580.20001200000013
decision_type=2 2 2 2 2 2 2 2 2 2 2 2 2 2 2 2 2 2 2 2 2 2 2 2 2 2 2 2 2 2
left_child=2 -2 4 10 5 12 -6 -7 25 -8 11 -3 28 14 15 -14 19 -18 -19 -4 21 -13 -23 -22 -16 26 -9 -28 29 -1
right_child=1 3 16 -5 6 7 9 8 -10 -11 -12 20 13 -15 24 -17 17 18 -20 -21 23 22 -24 -25 -26 -27 27 -29 -30 -31
leaf_value=-0.026888427134562173 -0.096477532984421313 0.070231952741956233 0.035363141385358461 0.086025568194571855 -0.037492475845356123 0.12112863136392732 -0.0014399353756743948 -0.11053295596502721 -0.042609002623996785 0.10748544300773315 0.041733655602923025 -0.0276947179461852 -0.065727405062661448 -0.225898555573076 0.043518822973694755 -0.001750018475911536 0.128857779725012 -0.049126248659999809 0.14561693041792345 -0.0063967927120948415 -0.1033062317438664 0.046364859778501945 0.22986896477279165 0.064990059392025262 -0.10213499012629462 0.016322815216436377 0.13688224973501983 0.048464671602480601 0.11959778023037043 0.030615747065652007
leaf_weight=272 181 87 967 129 1227 104 880 20 266 70 233 1235 198 20 37 1850 122 73 36 608 155 96 31 26 142 462 135 264 55 525
leaf_count=272 181 87 967 129 1227 104 880 20 266 70 233 1235 198 20 37 1850 122 73 36 608 155 96 31 26 142 462 135 264 55 525
internal_value=0 -0.012646 0.0032977 -0.00502877 -0.00309542 0.00449256 -0.0182574 0.0302699 0.0220316 0.00658615 -0.0113337 -0.0189194 -0.0059132 -0.0149811 -0.0130869 -0.00793533 0.0264029 0.0752236 0.0151926 0.0192425 -0.023946 -0.0166123 0.0911572 -0.0791311 -0.0720278 0.0415485 0.069363 0.0783804 0.0180018 0.0109907
internal_weight=0 2173 8333 1992 6527 4350 2177 1251 1147 950 1863 1630 3099 2247 2227 2048 1806 231 109 1575 1543 1362 127 181 179 881 419 399 852 797
internal_count=10506 2173 8333 1992 6527 4350 2177 1251 1147 950 1863 1630 3099 2247 2227 2048 1806 231 109 1575 1543 1362 127 181 179 881 419 399 852 797
is_linear=0
shrinkage=0.5


Tree=14
num_leaves=31
num_cat=0
split_feature=24 10 15 15 7 39 5 36 10 15 15 5 18 40 7 16 5 24 32 10 18 5 15 15 1 36 10 1 5 38
split_gain=2.0825 3.16846 2.81685 3.26378 4.86554 3.96202 2.47185 2.39828 2.38116 3.27361 3.2357 2.81053 2.7425 3.22834 2.81934 3.27943 2.56797 2.48065 2.77021 2.35938 2.62897 4.10326 3.12265 3.76813 3.38657 2.4416 2.35511 2.56946 5.21191 2.30208
threshold=2602.2500000000005 0.50949999650000011 37037.701200000003 37004.500000000007 1.0000000180025095e-35 1.0000000180025095e-35 90.310001400000019 46.00499915000001 0.45450000450000005 36024.701200000003 36999.849600000009 89.079998000000003 644.69998200000009 1.0000000180025095e-35 1.0000000180025095e-35 233.27500000000001 83.775001550000013 2844.0000000000005 11.034999850000002 0.14549999700000002 623.0499880000001 86.99499895000001 35971.849600000009 34999.750000000007 1.0000000180025095e-35 49.889999350000004 0.40049999950000009 1.0000000180025095e-35 85.979999550000016 0.76824998850000015
decision_type=2 2 2 2 2 2 2 2 2 2 2 2 2 2 2 2 2 2 2 2 2 2 2 2 2 2 2 2 2 2
left_child=-1 2 3 8 -5 -6 -4 -3 9 11 29 12 14 -14 16 -16 -2 18 -13 -17 26 -22 23 -23 -25 -24 27 28 -21 -10
right_child=1 7 6 4 5 -7 -8 -9 10 -11 -12 17 13 -15 15 19 -18 -19 -20 20 21 22 25 24 -26 -27 -28 -29 -30 -31
leaf_value=-0.0087362167854228515 0.18424105945797192 0.053949338747650261 0.085888307160823005 -0.011759954970952542 -0.032222764313463929 -0.31229519138910938 0.017027627811925045 -0.019294532198653572 0.19436253531603143 0.033337942235504875 -0.065083639293637432 -0.087961909269560476 0.075061856980836533 -0.013698442567656227 0.12999550367777163 0.086736489208070214 0.0076925216948649112 -0.0078655688354489477 0.067578210822906229 -0.055434303196228066 0.16959602766386841 -0.011961508542299271 -0.070252898939153444 -0.34671910138179857 -0.068135343102039767 0.13855327033005388 0.018718395692606766 -0.074434508658014237 -0.3741528409822234 0.053305720628930769
leaf_weight=4136 21 121 227 187 23 28 306 1464 32 900 54 216 288 159 26 27 1073 592 33 23 23 43 28 24 20 28 24 50 29 301
leaf_count=4136 21 121 227 187 23 28 306 1464 32 900 54 216 288 159 26 27 1073 592 33 23 23 43 28 24 20 28 24 50 29 301
internal_value=0 0.00567237 0.0120903 0.00779521 -0.0490945 -0.185988 0.0463548 -0.013703 0.0111683 0.00719041 0.0484499 -0.00143914 0.00927973 0.0434894 -0.0013469 -0.0407575 0.0110815 -0.0254769 -0.0673482 -0.0546746 -0.0677503 -0.0264168 -0.0579434 -0.117222 -0.22009 0.0341502 -0.122206 -0.155364 -0.233181 0.0668607
internal_weight=0 6370 4785 4252 238 51 533 1585 4014 3627 387 2727 1886 447 1439 345 1094 841 249 319 292 166 143 87 44 56 126 102 52 333
internal_count=10506 6370 4785 4252 238 51 533 1585 4014 3627 387 2727 1886 447 1439 345 1094 841 249 319 292 166 143 87 44 56 126 102 52 333
is_linear=0
shrinkage=0.5


Tree=15
num_leaves=31
num_cat=0
split_feature=18 16 10 36 12 28 38 36 15 15 36 5 15 24 5 15 15 24 16 5 15 18 15 31 1 24 31 32 5 10
split_gain=1.93891 1.89127 2.37042 3.54182 2.31178 1.98735 1.84524 1.82295 1.82771 2.62476 2.65149 3.96058 2.62416 3.08628 3.0593 3.48964 4.01964 4.17716 3.35348 3.6467 2.92516 2.9082 2.76983 2.69785 2.82948 2.53645 4.40092 3.24194 2.68116 2.44114
threshold=762.00000000000011 274.77500000000003 0.030499999400000002 48.895000450000005 369.02500000000003 1.0000000180025095e-35 0.79210001250000006 59.059999450000007 34009.500000000007 34997.650400000006 47.98000145000001 87.625000000000014 35001.849600000009 2756.0000000000005 90.139999400000008 37037.701200000003 37988.099600000009 2532.0000000000005 235.92000045 86.110000600000021 38025.250000000007 676.0499880000001 38009.500000000007 117695.6015 1.0000000180025095e-35 2273.9000250000004 35271.500000000007 -35.505001049999997 87.360000600000021 0.14950000500000002
decision_type=2 2 2 2 2 2 2 2 2 2 2 2 2 2 2 2 2 2 2 2 2 2 2 2 2 2 2 2 2 2
left_child=1 2 3 -1 5 -3 7 8 -4 10 -10 -12 -11 14 15 18 -17 20 -14 -20 22 29 -18 -21 -25 26 -22 -28 -27 -16
right_child=-2 4 6 -5 -6 -7 -8 -9 9 12 11 -13 13 -15 21 16 17 -19 19 23 25 -23 -24 24 -26 28 27 -29 -30 -31
leaf_value=-0.094451902271512983 -0.15177673793264798 -0.0180473447362163 -0.023070555406128877 0.067770069327459423 0.17085169795352748 0.13032040333435421 -0.079231579671613872 0.12215991564575703 -0.036226496923910945 -0.030237163887728367 0.12378196306658763 0.018597748738770584 -0.047374349105878705 0.020683825589476956 0.066551476761343931 0.069741463707998885 -0.023037106009495791 0.047681074238252581 0.046034978413545008 0.0034090335466453667 -0.2189930748566985 -0.015404190208253239 -0.14767063285072088 -0.0009364633409723581 -0.05301248391080543 0.17555000119482428 0.18496763024648483 -0.036249619232726966 0.031174232058863088 -0.11609304686155643
leaf_weight=143 21 83 747 44 34 31 72 31 95 637 141 245 446 1909 21 335 494 445 364 2128 25 487 49 509 535 40 22 67 164 142
leaf_count=143 21 83 747 44 34 31 72 31 95 637 141 245 446 1909 21 335 494 445 364 2128 25 487 49 509 535 40 22 67 164 142
internal_value=0 0.000303988 -0.000499531 -0.056282 0.0564254 0.0222983 0.000528186 0.00109801 0.000724475 0.00263575 0.0386033 0.05702 0.000674036 0.00308059 -0.00227643 0.00147776 0.0208809 0.00834778 -0.00651837 -0.00136515 -0.0119813 -0.034753 -0.034284 -0.00680451 -0.0276229 0.0261016 -0.0336339 0.0184333 0.0594832 -0.0925622
internal_weight=0 10485 10337 187 148 114 10150 10078 10047 9300 481 386 8819 8182 6273 5623 1641 1306 3982 3536 861 650 543 3172 1044 318 114 89 204 163
internal_count=10506 10485 10337 187 148 114 10150 10078 10047 9300 481 386 8819 8182 6273 5623 1641 1306 3982 3536 861 650 543 3172 1044 318 114 89 204 163
is_linear=0
shrinkage=0.5


Tree=16
num_leaves=31
num_cat=0
split_feature=5 18 18 24 15 5 18 30 40 12 15 24 15 39 5 24 38 24 25 15 40 10 5 12 32 30 39 38 5 1
split_gain=1.449 3.46966 3.40496 3.00682 5.42774 2.72351 2.70352 2.97845 2.69668 2.5485 2.41539 3.36002 2.41349 4.65379 3.37144 2.4019 3.93188 3.19303 2.29754 2.27482 2.18266 3.3469 2.93418 2.47433 2.66694 1.99144 2.83467 4.71407 3.82607 3.69894
threshold=87.560001400000019 618.95001200000013 638.0499880000001 2538.0499250000007 36017.550800000005 88.560001400000019 675.0499880000001 93.720001200000013 1.0000000180025095e-35 377.02500000000003 37042.099600000009 2448.3499750000005 36012.849600000009 1.0000000180025095e-35 86.060001400000019 2526.0999750000005 0.77224999650000015 2385.9000250000004 1.0000000180025095e-35 34999.44920000001 1.0000000180025095e-35 0.26449999250000006 89.625000000000014 360.27500000000003 -5.6899998199999988 88.659999850000005 1.0000000180025095e-35 0.7438500225000001 83.775001550000013 1.0000000180025095e-35
decision_type=2 2 2 2 2 2 2 2 2 2 2 2 2 2 2 2 2 2 2 2 2 2 2 2 2 2 2 2 2 2
left_child=1 25 18 9 -5 8 20 19 10 12 11 -4 13 -3 -14 16 17 -12 -2 -8 23 22 -22 24 -7 -1 27 -27 -28 -29
right_child=2 3 5 4 -6 6 7 -9 -10 -11 15 -13 14 -15 -16 -17 -18 -19 -20 -21 21 -23 -24 -25 -26 26 28 29 -30 -31
leaf_value=0.027141814094183574 -0.025697564027737159 0.047612841825254937 -0.11849811427840372 0.027604797898808819 0.13375316867344342 -0.025915474700741469 0.19735760682008482 -0.0047342390974358366 -0.025709342210005055 -0.071889856280547837 0.024095666797264763 0.02885320768542262 0.15476047513669633 -0.15902424370007659 0.014619888468557848 0.18851486236477891 0.00075367875743304958 0.26997572784462281 -0.1524728080761191 0.033493442778192946 -0.07755159100563061 -0.013372663579870728 -0.26758853785900605 -0.0066826022074187794 -0.20119273268124638 0.1714606501713947 -0.14811796160708918 -0.011306644357599335 0.014163221521719433 -0.079988883415058235
leaf_weight=376 1048 55 41 763 143 60 22 1058 236 102 23 686 47 54 494 42 111 31 37 568 82 178 27 2502 34 27 38 454 822 345
leaf_count=376 1048 55 41 763 143 60 22 1058 236 102 23 686 47 54 494 42 111 31 37 568 82 178 27 2502 34 27 38 454 822 345
internal_value=0 0.00793087 -0.0043476 0.0249601 0.0443589 0.000538452 -0.0050149 0.0111391 0.0220446 0.00158856 0.0341109 0.0205432 0.013119 -0.0547578 0.0267948 0.081762 0.0545885 0.165249 -0.0300208 0.0396036 -0.014249 -0.0556253 -0.124625 -0.00967463 -0.0893136 -0.00576185 -0.0130998 -0.0340193 0.00699266 -0.0409629
internal_weight=0 3720 6786 1658 906 5701 4531 1648 1170 752 934 727 650 109 541 207 165 54 1085 590 2883 287 109 2596 94 2062 1686 826 860 799
internal_count=10506 3720 6786 1658 906 5701 4531 1648 1170 752 934 727 650 109 541 207 165 54 1085 590 2883 287 109 2596 94 2062 1686 826 860 799
is_linear=0
shrinkage=0.5


Tree=17
num_leaves=31
num_cat=0
split_feature=24 7 31 10 28 38 39 12 24 15 5 15 30 32 5 12 36 12 28 1 10 38 36 1 10 15 15 10 33 24
split_gain=2.09841 1.73137 2.61229 2.60434 6.57163 3.67001 3.55337 3.29486 3.69121 2.74291 4.58367 4.48524 2.76309 2.67204 2.41531 2.37188 2.17358 2.34126 1.94558 5.60666 3.1333 3.35112 2.75002 5.62823 3.6899 2.60111 2.49009 2.29639 2.29097 2.00556
threshold=2661.7500000000005 1.0000000180025095e-35 137651.54700000005 0.27950000750000009 1.0000000180025095e-35 0.77004998950000003 1.0000000180025095e-35 373.05999985000005 2448.3499750000005 37965.900400000006 90.034999850000005 37004.750000000007 90.99499895000001 4.9849998950000005 87.875000000000014 365.65499730000005 48.395000450000005 375.08999850000004 1.0000000180025095e-35 1.0000000180025095e-35 0.42949999850000004 0.78385001450000014 45.675001150000007 1.0000000180025095e-35 0.10749999800000001 37991.099600000009 38013.300800000005 0.47949999550000005 1.0000000180025095e-35 2607.6500250000004
decision_type=2 2 2 2 2 2 2 2 2 2 2 2 2 2 2 2 2 2 2 2 2 2 2 2 2 2 2 2 2 2
left_child=1 18 3 5 9 -3 -7 8 -8 11 -11 12 13 -5 -10 -6 17 -14 22 20 21 -20 23 27 -25 -21 -24 28 -1 -22
right_child=-2 2 -4 4 15 6 7 -9 14 10 -12 -13 16 -15 -16 -17 -18 -19 19 25 29 -23 26 24 -26 -27 -28 -29 -30 -31
leaf_value=0.018118078187755245 0.0072960957866108544 0.043033143154299652 -0.068602678511818546 0.1926086086239065 -0.11721067810267732 0.0042234959591251724 -0.3138868910846887 0.012114917246125094 -0.018902269901889489 0.18264080175252345 -0.039205399528145793 -0.16531047810112004 0.050642200414034902 -0.017569676879793404 -0.21149387833213917 -0.0017809303623069024 0.098485639022574345 -0.092796659581363197 0.02645490915856237 -0.034157608911381074 0.11136024256173439 -0.097267244951148135 -0.027777011585467071 -0.01866966198445354 0.1093360072989682 -0.17286011047639646 0.027412811584711948 -0.12497617416726105 -0.12146945549426852 -0.024706332803224072
leaf_weight=143 5085 183 99 62 57 156 27 41 41 104 30 23 66 20 27 203 74 50 417 158 151 63 2575 83 175 43 222 58 37 33
leaf_count=143 5085 183 99 62 57 156 27 41 41 104 30 23 66 20 27 203 74 50 417 158 151 63 2575 83 175 43 222 58 37 33
internal_value=0 -0.00684388 0.00936923 0.0160009 0.0356381 -0.0124834 -0.0472764 -0.10635 -0.157477 0.0736531 0.132974 0.0467074 0.0646354 0.141346 -0.0953725 -0.0270867 0.0315289 -0.0111849 -0.0117686 0.00933417 0.0314818 0.0102164 -0.0173119 0.0170002 0.0681559 -0.0638303 -0.0233966 -0.0384542 -0.0105749 0.086957
internal_weight=0 5421 1263 1164 689 475 292 136 95 429 134 295 272 82 68 260 190 116 4158 865 664 480 3293 496 258 201 2797 238 180 184
internal_count=10506 5421 1263 1164 689 475 292 136 95 429 134 295 272 82 68 260 190 116 4158 865 664 480 3293 496 258 201 2797 238 180 184
is_linear=0
shrinkage=0.5


Tree=18
num_leaves=31
num_cat=0
split_feature=24 10 36 24 10 24 17 32 30 36 15 18 15 5 16 24 12 15 15 15 24 15 36 38 28 24 31 38 10 10
split_gain=1.45227 1.27815 1.70674 3.62941 2.65997 1.71448 2.08737 2.18434 2.03499 2.5816 1.89635 1.87193 1.87031 1.73475 2.23945 2.23651 2.71007 2.65751 2.64075 2.84503 2.12603 1.93533 1.69279 1.82667 1.66689 1.66635 1.55742 1.9565 1.53138 1.5306
threshold=3253.9000250000004 0.20449999700000002 47.824998850000007 2388.7500000000005 0.36949999650000004 2984.5499250000007 1.0000000180025095e-35 11.924999700000003 92.625000000000014 48.48000145000001 35987.150400000006 702.50000000000011 38039.900400000006 87.795002000000011 237.67000045 2556.0000000000005 371.08999865000004 34009.500000000007 34000.050800000005 33040.69920000001 2863.6500250000004 36003.550800000005 48.895000450000005 0.78224998700000015 1.0000000180025095e-35 2448.3499750000005 159062.50000000003 0.77689999350000016 0.24450000400000002 0.40450000750000009
decision_type=2 2 2 2 2 2 2 2 2 2 2 2 2 2 2 2 2 2 2 2 2 2 2 2 2 2 2 2 2 2
left_child=1 -1 3 4 -3 6 7 12 26 -10 -8 -9 13 15 -15 16 28 18 19 -17 22 -18 -19 -24 25 -23 27 -7 -4 -20
right_child=-2 2 5 -5 -6 8 10 11 9 -11 -12 -13 -14 14 -16 17 21 20 29 -21 -22 24 23 -25 -26 -27 -28 -29 -30 -31
leaf_value=0.010012792980707499 -0.13460606192238628 -0.10065658862429966 -0.13088378980582421 0.013199939823441427 -0.008146728382344353 0.044471777975559235 -0.089863808228567779 0.022035868581450738 0.13138921540230514 -0.027228824647951157 -0.02274850555806792 0.17966827547643333 0.072368182700627781 -0.11810782257663577 -0.017775120217349196 -0.036199456229206853 -0.08413296430523548 0.066423943997798107 -0.2368551100537713 0.09544718088215666 0.15325343717953988 0.049336771247908473 0.02775732351455442 -0.047904551534780432 -0.025140477863785166 0.22097873743265295 0.037746052443981173 0.26298476595963749 -0.034131562651785477 -0.043583525251597165
leaf_weight=2543 20 123 47 2562 211 20 140 323 30 177 424 20 67 57 2290 171 23 187 21 54 35 31 332 105 26 26 85 21 315 20
leaf_count=2543 20 123 47 2562 211 20 140 323 30 177 424 20 67 57 2290 171 23 187 21 54 35 31 332 105 26 26 85 21 315 20
internal_value=0 0.000256735 -0.00286673 0.00680888 -0.0422147 -0.00841865 -0.010868 -0.00698924 0.0262544 -0.0042407 -0.0394083 0.0312273 -0.0104324 -0.0119158 -0.0202118 0.00206189 -0.0261043 0.0163124 -0.0258706 -0.00460426 0.0333393 0.0442092 0.0266134 0.0095777 0.0797739 0.12763 0.0763534 0.156393 -0.0466933 -0.142576
internal_weight=0 10486 7943 2896 334 5047 4714 4150 333 207 564 343 3807 3740 2347 1393 468 925 266 225 659 106 624 437 83 57 126 41 362 41
internal_count=10506 10486 7943 2896 334 5047 4714 4150 333 207 564 343 3807 3740 2347 1393 468 925 266 225 659 106 624 437 83 57 126 41 362 41
is_linear=0
shrinkage=0.5


Tree=19
num_leaves=31
num_cat=0
split_feature=5 18 15 24 11 30 18 10 12 31 18 18 5 5 24 12 32 30 12 32 12 32 24 18 36 30 18 7 36 2
split_gain=1.2923 1.23568 1.04157 2.40774 1.73297 4.28594 1.75652 1.96174 2.67111 3.19241 2.67382 2.16903 3.31293 1.81894 3.302 2.14363 1.80586 1.72102 2.18348 2.41209 2.21245 1.80078 1.76543 1.75815 1.70607 2.398 2.45985 2.13313 4.25589 1.89303
threshold=92.255001050000018 726.50000000000011 35968.048800000011 2661.7500000000005 1.0000000180025095e-35 88.034999850000005 570.95001200000013 0.20449999700000002 378.08500150000003 127681.8515 632.95001200000013 657.0499880000001 89.229999550000016 87.170002000000025 2273.9000250000004 367.21000135000003 3.3950001000000003 90.654998800000016 368.05999985 -1.8749999999999998 372.71499865000004 3.1450001000000003 2647.4500750000002 617.95001200000013 49.014999400000008 92.99499895000001 644.95001200000013 1.0000000180025095e-35 51.954999900000011 1.0000000180025095e-35
decision_type=2 2 2 2 2 2 2 2 2 2 2 2 2 2 2 2 2 2 2 2 2 2 2 2 2 2 2 2 2 2
left_child=2 -2 17 4 6 -6 -4 8 9 11 -10 13 -13 14 -8 -15 -16 18 19 -1 22 -22 -20 -19 -25 26 29 -27 -29 -26
right_child=1 -3 3 -5 5 -7 7 -9 10 -11 -12 12 -14 15 16 -17 -18 23 20 -21 21 -23 -24 24 25 27 -28 28 -30 -31
leaf_value=0.02575712601421401 -0.076745078952884987 0.057278490137486232 -0.14770709332078696 0.015874807989440669 0.16045619509424325 -0.045072171884046552 -0.044478772272652185 -0.0048572688950760737 -0.18842573776575072 -0.021627957419365306 -0.0036087380489334465 0.26408074157578604 0.050025521197776292 -0.071574507453120675 0.070317312888154349 0.033340373908207974 0.1843670919364275 -0.05785438546066194 0.074336300212889908 -0.030791149631617894 -0.10740922980282146 0.066664140808802008 0.23931211124484739 0.0036497372429807602 -0.055445208948377754 -0.043230955623213808 0.024954505635133788 -0.29630019736510738 -0.01808205246925354 0.039744316265569068
leaf_weight=425 95 21 20 2644 27 419 55 3325 28 220 65 28 51 65 180 194 43 215 50 339 24 39 24 1030 284 196 281 27 28 64
leaf_count=425 95 21 20 2644 27 419 55 3325 28 220 65 28 51 65 180 194 43 215 50 339 24 39 24 1030 284 196 281 27 28 64
internal_value=0 -0.0524822 0.000585942 0.00379504 -0.00297167 -0.0326299 0.000123215 0.000818233 0.0211315 0.0300738 -0.0592526 0.0485387 0.125893 0.0371588 0.0652467 0.00701038 0.092309 -0.00722365 0.0110888 0.000665679 0.0692145 0.000350476 0.127842 -0.0149881 -0.0101628 -0.0263298 -0.00984195 -0.0676481 -0.154662 -0.0379391
internal_weight=0 116 10390 7364 4720 446 4274 4254 929 836 93 616 79 537 278 259 223 3026 901 764 137 63 74 2125 1910 880 629 251 55 348
internal_count=10506 116 10390 7364 4720 446 4274 4254 929 836 93 616 79 537 278 259 223 3026 901 764 137 63 74 2125 1910 880 629 251 55 348
is_linear=0
shrinkage=0.5


end of trees

feature_importances:
Column_15=76
Column_18=72
Column_24=50
Column_30=48
Column_5=47
Column_10=43
Column_12=40
Column_36=28
Column_16=26
Column_1=23
Column_38=21
Column_31=18
Column_28=15
Column_39=14
Column_33=13
Column_32=11
Column_2=9
Column_7=8
Column_11=8
Column_40=8
Column_41=8
Column_17=5
Column_25=5
Column_9=3
Column_37=1

parameters:
[boosting: gbdt]
[objective: regression]
[metric: rmse,l2]
[tree_learner: serial]
[device_type: cpu]
[data: ]
[valid: ]
[num_iterations: 20]
[learning_rate: 0.5]
[num_leaves: 31]
[num_threads: -1]
[deterministic: 0]
[force_col_wise: 0]
[force_row_wise: 0]
[histogram_pool_size: -1]
[max_depth: 20]
[min_data_in_leaf: 20]
[min_sum_hessian_in_leaf: 0.001]
[bagging_fraction: 1]
[pos_bagging_fraction: 1]
[neg_bagging_fraction: 1]
[bagging_freq: 0]
[bagging_seed: 3]
[feature_fraction: 1]
[feature_fraction_bynode: 1]
[feature_fraction_seed: 2]
[extra_trees: 0]
[extra_seed: 6]
[early_stopping_round: 1000]
[first_metric_only: 0]
[max_delta_step: 0]
[lambda_l1: 0]
[lambda_l2: 0]
[linear_lambda: 0]
[min_gain_to_split: 0]
[drop_rate: 0.1]
[max_drop: 50]
[skip_drop: 0.5]
[xgboost_dart_mode: 0]
[uniform_drop: 0]
[drop_seed: 4]
[top_rate: 0.2]
[other_rate: 0.1]
[min_data_per_group: 100]
[max_cat_threshold: 32]
[cat_l2: 10]
[cat_smooth: 10]
[max_cat_to_onehot: 4]
[top_k: 20]
[monotone_constraints: ]
[monotone_constraints_method: basic]
[monotone_penalty: 0]
[feature_contri: ]
[forcedsplits_filename: ]
[refit_decay_rate: 0.9]
[cegb_tradeoff: 1]
[cegb_penalty_split: 0]
[cegb_penalty_feature_lazy: ]
[cegb_penalty_feature_coupled: ]
[path_smooth: 0]
[interaction_constraints: ]
[verbosity: -1]
[saved_feature_importance_type: 0]
[linear_tree: 0]
[max_bin: 255]
[max_bin_by_feature: ]
[min_data_in_bin: 3]
[bin_construct_sample_cnt: 200000]
[data_random_seed: 1]
[is_enable_sparse: 1]
[enable_bundle: 1]
[use_missing: 1]
[zero_as_missing: 0]
[feature_pre_filter: 1]
[pre_partition: 0]
[two_round: 0]
[header: 0]
[label_column: ]
[weight_column: ]
[group_column: ]
[ignore_column: ]
[categorical_feature: ]
[forcedbins_filename: ]
[precise_float_parser: 0]
[objective_seed: 5]
[num_class: 1]
[is_unbalance: 0]
[scale_pos_weight: 1]
[sigmoid: 1]
[boost_from_average: 1]
[reg_sqrt: 0]
[alpha: 0.9]
[fair_c: 1]
[poisson_max_delta_step: 0.7]
[tweedie_variance_power: 1.5]
[lambdarank_truncation_level: 30]
[lambdarank_norm: 1]
[label_gain: ]
[eval_at: ]
[multi_error_top_k: 1]
[auc_mu_weights: ]
[num_machines: 1]
[local_listen_port: 12400]
[time_out: 120]
[machine_list_filename: ]
[machines: ]
[gpu_platform_id: -1]
[gpu_device_id: -1]
[gpu_use_dp: 0]
[num_gpu: 1]

end of parameters

pandas_categorical:null
