tree
version=v3
num_class=1
num_tree_per_iteration=1
label_index=0
max_feature_idx=18
objective=regression
feature_names=Column_0 Column_1 Column_2 Column_3 Column_4 Column_5 Column_6 Column_7 Column_8 Column_9 Column_10 Column_11 Column_12 Column_13 Column_14 Column_15 Column_16 Column_17 Column_18
feature_infos=[0:62.953098300000001] [64.781196600000001:94.6875] [0:58.828098300000001] [0:4.0039000500000004] [332.71769939999996:375.18399699999998] [17997:39005] [224.35000079999998:274.75000001999996] [497.625:918.875] [-39.611112833333337:223.24444222222223] [0.0410160013:3.4316399099999999] [0:102.875] [1035.75:2512.5] [0:306.39999399999999] [43.3125:72.406196600000001] [-4:6.6875] [0:475.875] [223.16570129999997:273.93124999999998] [64.158698999999999:87.460296600000007] [0.555999994:0.79299998299999996]
tree_sizes=2685 2737 2753 2785 2779 2785 2800

Tree=0
num_leaves=31
num_cat=0
split_feature=10 10 10 10 10 10 10 10 10 10 10 10 10 10 14 10 10 10 10 10 10 10 10 10 10 10 14 10 10 10
split_gain=79805.1 36558.5 30748.8 22361.6 6306.07 3568.63 3059.13 2576.34 1013.7 996.791 969.731 421.513 417.636 406.509 406.298 196.582 142.92 134.138 131.114 122.079 112.32 92.8045 60.9204 57.7563 55.623 53.5642 49.1002 45.9151 40.6955 39.0891
threshold=90.632801050000012 101.71049850000001 95.038997650000013 85.538997650000013 92.757801050000012 97.351497650000013 88.58589935000002 82.14839935000002 99.601497650000013 93.788997650000013 91.74214935000002 89.695301050000012 96.02339935000002 87.257801050000012 2.9062500000000004 83.788997650000013 94.445301050000012 78.562450400000003 92.27339935000002 93.257801050000012 91.195301050000012 98.320301050000012 96.538997650000013 87.96089935000002 86.58589935000002 89.195301050000012 2.2187500000000004 90.163997650000013 95.515598300000008 80.171848300000008
decision_type=2 2 2 2 2 2 2 2 2 2 2 2 2 2 2 2 2 2 2 2 2 2 2 2 2 2 2 2 2 2
left_child=3 2 4 7 10 12 13 14 21 19 20 25 28 24 26 -9 -11 -16 -12 -6 -2 -7 -14 -15 -5 -8 -1 -13 -4 -28
right_child=1 -3 5 6 9 8 11 15 -10 16 18 27 22 23 17 -17 -18 -19 -20 -21 -22 -23 -24 -25 -26 -27 29 -29 -30 -31
leaf_value=91.611519155720245 96.390281950578071 77.380653940187528 98.450681739844143 93.912884118295949 97.406373337231216 99.718909056498887 95.346185347649012 92.308528041812991 101.13170770740292 97.914733045628935 96.924567412147823 95.894589353660621 98.953618238518573 94.673916026140816 89.291349789519472 93.200648159654932 98.208823592086006 90.366848291946724 97.17465244422273 97.642592805703714 96.65869665887989 100.05952159714664 99.281439365694112 95.023891030208006 94.339953216588995 95.6319680028666 90.568934238439823 96.124427935110347 98.704276998976525 91.246709955629001
leaf_weight=45 691 22 362 151 1084 472 323 104 195 1008 973 395 242 213 50 152 700 69 1136 1104 894 347 342 264 154 333 36 483 281 52
leaf_count=45 691 22 362 151 1084 472 323 104 195 1008 973 395 242 213 50 152 700 69 1136 1104 894 347 342 264 154 333 36 483 281 52
internal_value=97.0685 97.7402 97.7857 94.7252 97.3052 99.4131 95.3842 91.7211 100.107 97.749 96.8372 95.7945 98.8395 94.5793 90.5861 92.8382 98.0353 89.915 97.0593 97.5256 96.5417 99.8632 99.1456 94.8676 94.1285 95.4913 91.1867 96.021 98.5615 90.9694
internal_weight=0 9853 9831 2824 7590 2241 2316 508 1014 3896 3694 1534 1227 782 252 256 1708 119 2109 2188 1585 819 584 477 305 656 133 878 643 88
internal_count=12677 9853 9831 2824 7590 2241 2316 508 1014 3896 3694 1534 1227 782 252 256 1708 119 2109 2188 1585 819 584 477 305 656 133 878 643 88
is_linear=0
shrinkage=1


Tree=1
num_leaves=31
num_cat=0
split_feature=10 10 10 10 10 10 10 10 10 10 10 10 10 10 14 10 10 10 10 1 1 10 18 10 1 10 10 1 10 10
split_gain=20043.8 9172.16 7452.39 5992.24 1291.88 1090.12 1002.49 499.375 249.699 221.427 189.026 174.786 150.525 102.717 83.0022 71.491 38.4995 33.0535 32.7648 28.0682 26.6003 25.5762 23.7438 20.1239 19.6664 17.5473 14.3903 14.2557 11.0723 9.32294
threshold=90.83589935000002 101.71049850000001 94.851497650000013 84.99214935000002 92.92964935000002 97.820301050000012 88.80464935000002 81.17964935000002 91.99214935000002 100.17150100000002 96.21089935000002 87.42964935000002 94.007801050000012 89.913997650000013 3.7187500000000004 82.945301050000012 91.46089935000002 86.351497650000013 93.49214935000002 88.11714935000002 91.99214935000002 92.507801050000012 0.62850001450000004 79.46089935000002 89.64839935000002 88.226497650000013 89.445301050000012 86.882801050000012 90.413997650000013 84.507801050000012
decision_type=2 2 2 2 2 2 2 2 2 2 2 2 2 2 2 2 2 2 2 2 2 2 2 2 2 2 2 2 2 2
left_child=3 2 4 7 8 10 11 14 16 20 19 17 18 26 22 -9 -2 -5 -6 -4 -7 -10 23 -1 -12 -13 -8 -14 -15 -17
right_child=1 -3 5 6 12 9 13 15 21 -11 24 25 27 28 -16 29 -18 -19 -20 -21 -22 -23 -24 -25 -26 -27 -28 -29 -30 -31
leaf_value=-3.5117634773254394 -0.2864211422164698 -9.8439436825838964 0.67210739151998 -1.6618934254241144 0.21638753500912475 1.4301565639771425 -0.79975901294398954 -2.6436696260878185 -0.0099932406014915966 2.0997574778164134 1.0039504123821321 -1.137989945595081 0.44730560695710231 -0.53221370289082837 -4.1011535326639814 -2.1908204437482475 -0.14047373459755402 -1.3687826367418738 0.34029726415001527 0.84681557854519618 1.7737475037574768 0.10196223118714301 -2.7226706504821778 -3.1412341764995029 1.1784013978197427 -0.95713276746901366 -0.6562599912510898 0.55991057481746243 -0.42371308077936587 -1.9268294143676759
leaf_weight=65 888 22 550 153 1204 616 370 103 1081 170 307 260 661 481 33 101 920 259 958 395 62 966 20 84 341 277 331 489 460 50
leaf_count=65 888 22 550 153 1204 616 370 103 1081 170 307 260 661 481 33 101 920 259 958 395 62 966 20 84 341 277 331 489 460 50
internal_value=0 0.353651 0.377001 -1.11771 0.120011 1.13155 -0.823552 -2.78911 -0.0767536 1.58951 0.887758 -1.23265 0.349034 -0.587111 -3.37584 -2.32249 -0.212156 -1.47763 0.271293 0.745134 1.46158 0.0428397 -3.23421 -3.30287 1.09575 -1.0447 -0.732001 0.495187 -0.479174 -2.10341
internal_weight=0 9630 9608 3047 7167 2441 2591 456 3855 848 1593 949 3312 1642 202 254 1808 412 2162 945 678 2047 169 149 648 537 701 1150 941 151
internal_count=12677 9630 9608 3047 7167 2441 2591 456 3855 848 1593 949 3312 1642 202 254 1808 412 2162 945 678 2047 169 149 648 537 701 1150 941 151
is_linear=0
shrinkage=0.5


Tree=2
num_leaves=31
num_cat=0
split_feature=10 10 10 14 10 10 10 10 10 10 10 10 10 10 14 10 1 1 1 0 10 10 1 1 10 1 10 1 1 10
split_gain=5031.99 2299.15 1859.52 1571.38 379.64 264.057 176.708 160.676 62.0659 56.6817 52.4138 44.9147 34.2892 25.4969 24.179 23.5369 15.4029 14.9127 10.9524 10.4601 12.4877 9.80698 8.04575 7.24498 6.0073 5.22869 5.10793 4.57412 4.25088 4.15139
threshold=90.96089935000002 101.71049850000001 95.320301050000012 0.90625000000000011 93.08589935000002 88.89839935000002 98.02339935000002 81.17964935000002 92.05464935000002 94.195301050000012 98.945301050000012 87.632801050000012 96.89839935000002 89.99214935000002 4.0312500000000009 82.945301050000012 85.757801050000012 85.132801050000012 83.695301050000012 25.046799700000005 86.86714935000002 100.81999950000001 89.11714935000002 86.08589935000002 84.507801050000012 90.413997650000013 79.46089935000002 82.99214935000002 90.601497650000013 86.007801050000012
decision_type=2 2 2 2 2 2 2 2 2 2 2 2 2 2 2 2 2 2 2 2 2 2 2 2 2 2 2 2 2 2
left_child=3 2 4 5 8 11 12 14 18 16 28 19 22 -7 26 -9 -6 -10 -2 -1 29 -12 -4 -11 -17 -14 -5 -15 -8 -21
right_child=1 -3 6 7 9 13 10 15 17 23 21 -13 25 27 -16 24 -18 -19 -20 20 -22 -23 -24 -25 -26 -27 -28 -29 -30 -31
leaf_value=-0.36569015681743622 -0.1441779009758043 -4.9219722747802734 0.40229091094090386 -1.7592727023285706 0.10118660384661428 -0.35312020397118449 0.67411537895831031 -1.3218347904751602 -0.0098225503871003563 0.22674344999438478 0.90666803475972768 -0.50518512427253937 0.57144766620227272 -0.26583993428735753 -2.207421795181606 -1.1014911411924566 0.18773160956380483 0.071563429332307901 -0.062968734097491402 -0.89339684436195776 -0.6411779983056024 1.0981415710488305 0.50576303973793979 0.30848006939451245 -0.91031103509746181 0.6790739927364855 -1.587942634820938 -0.19962541314870172 0.76860221694497499 -0.7583654422155568
leaf_weight=20 668 22 455 77 868 703 258 103 1108 383 148 539 266 483 23 94 1261 1144 1097 95 193 122 320 928 73 196 100 567 221 142
leaf_count=20 668 22 455 77 868 703 258 103 1108 383 148 539 266 483 23 94 1261 1144 1097 95 193 122 320 928 73 196 100 567 221 142
internal_value=0 0.18351 0.195404 -0.540759 0.0808997 -0.395969 0.625344 -1.38547 -0.0235007 0.202812 0.817013 -0.602545 0.509289 -0.279425 -1.72514 -1.13386 0.152447 0.0315209 -0.093704 -0.719159 -0.7356 0.993186 0.445015 0.284601 -1.01792 0.617107 -1.66248 -0.230084 0.71771 -0.812492
internal_weight=0 9465 9443 3212 7457 2742 1986 470 4017 3440 749 989 1237 1753 200 270 2129 2252 1765 450 430 270 775 1311 167 462 177 1050 479 237
internal_count=12677 9465 9443 3212 7457 2742 1986 470 4017 3440 749 989 1237 1753 200 270 2129 2252 1765 450 430 270 775 1311 167 462 177 1050 479 237
is_linear=0
shrinkage=0.5


Tree=3
num_leaves=31
num_cat=0
split_feature=18 14 10 17 10 10 10 10 10 10 10 1 10 10 10 10 10 14 1 1 16 16 13 15 1 10 5 15 1 1
split_gain=1563.72 4723.71 1553.51 3670.84 603.576 330.287 186.083 87.5348 74.3652 37.0509 34.2265 18.5469 17.8481 17.3367 12.3432 11.5456 8.95041 7.42773 5.41606 4.97722 4.58706 4.52261 4.42101 4.09808 3.8801 3.85504 3.22908 3.1183 2.5791 2.39406
threshold=0.72349998350000011 -3.2187499999999996 101.42899700000001 77.968250250000011 94.64839935000002 84.99214935000002 91.55464935000002 89.538997650000013 97.02339935000002 92.601497650000013 82.14839935000002 84.476497650000013 90.288997650000013 98.77339935000002 93.570301050000012 87.788997650000013 95.757801050000012 4.0312500000000009 81.27339935000002 86.538997650000013 251.25159970000001 259.55625000000003 64.359348300000008 406.78100600000005 84.55464935000002 91.101497650000013 23000.500000000004 408.21850600000005 87.070301050000012 84.71089935000002
decision_type=2 2 2 2 2 2 2 2 2 2 2 2 2 2 2 2 2 2 2 2 2 2 2 2 2 2 2 2 2 2
left_child=1 -1 4 -4 6 10 12 15 16 24 17 25 18 23 19 -7 28 26 -2 -11 -16 -20 -13 -10 -8 -9 -3 -15 -6 -14
right_child=2 5 3 -5 8 7 9 11 13 14 -12 22 29 27 20 -17 -18 -19 21 -21 -22 -23 -24 -25 -26 -27 -28 -29 -30 -31
leaf_value=-8.0630362376570694 -0.23997065414940671 -0.89966734831149764 7.9735626518726352 -1.6061579942703248 0.13787984827567057 -0.36739221355045781 -0.036666252155848449 -0.14915231842515542 0.24964922067523002 0.033357517856146129 -0.55696512072109705 0.071572553507947168 -0.09697968283146173 0.35159777655181562 0.094593343864617721 -0.25389073371435655 0.24856370749897982 -1.1037109558996947 -0.15801988743908321 0.088888542173544097 0.16640239643553892 0.077276435281549177 0.32349880075170878 0.34818590497336677 0.0083704551508298215 -0.048637329713932961 -0.76774802932768693 0.49585855645792826 0.19154873949154622 -0.051589778020918742
leaf_weight=20 224 65 20 20 387 469 838 232 125 1515 204 102 1083 44 1411 429 573 23 742 550 264 21 21 677 1114 162 162 252 531 397
leaf_count=20 224 65 20 20 387 469 838 232 125 1515 204 102 1083 44 1411 429 573 23 742 550 264 21 21 677 1114 162 162 252 531 397
internal_value=0 -0.419659 0.0734831 3.1837 0.061908 -0.337868 -0.00483716 -0.218809 0.272249 0.0448744 -0.708942 -0.0549105 -0.119534 0.370997 0.0740179 -0.313169 0.19953 -0.832956 -0.171612 0.0481479 0.105911 -0.151544 0.114584 0.332828 -0.010964 -0.107824 -0.805522 0.474414 0.168924 -0.0848041
internal_weight=0 1889 10788 40 10748 1869 8159 1415 2589 5692 454 517 2467 1098 3740 898 1491 250 987 2065 1675 763 123 802 1952 394 227 296 918 1480
internal_count=12677 1889 10788 40 10748 1869 8159 1415 2589 5692 454 517 2467 1098 3740 898 1491 250 987 2065 1675 763 123 802 1952 394 227 296 918 1480
is_linear=0
shrinkage=0.5


Tree=4
num_leaves=31
num_cat=0
split_feature=10 0 10 13 18 14 10 10 1 1 1 1 12 1 1 10 17 5 1 10 10 5 10 1 1 10 1 10 1 1
split_gain=471.353 10951.8 356.35 157.054 349.188 114.283 24.5236 21.2052 14.9709 9.52805 5.93727 3.99653 4.09438 3.68902 3.57966 3.46208 3.22856 2.86195 2.25326 2.23398 2.10628 1.80303 1.68972 1.52114 1.45171 1.20063 1.14109 1.1364 1.13313 1.09191
threshold=101.42899700000001 29.871049900000003 91.351497650000013 64.265598300000008 0.72349998350000011 0.71875000000000011 93.632801050000012 89.351497650000013 75.632801050000012 91.21089935000002 84.39839935000002 79.74214935000002 238.65000150000003 72.812450400000003 86.445301050000012 92.42964935000002 73.650753000000023 25000.500000000004 82.27339935000002 98.570301050000012 101.13249950000001 21995.500000000004 94.67964935000002 89.99214935000002 84.788997650000013 88.36714935000002 83.11714935000002 87.101497650000013 87.163997650000013 79.89839935000002
decision_type=2 2 2 2 2 2 2 2 2 2 2 2 2 2 2 2 2 2 2 2 2 2 2 2 2 2 2 2 2 2
left_child=2 -2 5 6 -5 7 10 11 13 19 26 27 -13 16 24 -12 -7 -10 -9 23 -11 -15 -16 -6 -8 -14 -4 -1 -17 -19
right_child=1 -3 3 4 9 8 14 18 17 20 15 12 25 21 22 28 -18 29 -20 -21 -22 -23 -24 -25 -26 -27 -28 -29 -30 -31
leaf_value=-0.21069559050970768 6.9121316501072476 -8.4398881655472984 -0.039084947951652856 1.7859637849032879 0.11526411863417517 -0.68465335366244495 0.011006257802006838 -0.081882324839645554 -0.3540843261152874 0.21750789760775951 -0.003147575331828514 0.10507402718067169 -0.15040231186315764 -0.53123282392819726 0.065768724094603798 0.026992799248249169 -0.43299980819225309 -0.26262404089932567 -0.045688827778678116 0.19613751806866597 0.32852071523666382 -0.38170341434814625 0.099270253987192303 0.15432758710088201 0.055474691548523303 -0.10831936791834007 -0.0093835750314914222 -0.15862074243659022 0.060524975817864646 -0.18070592072007119
leaf_weight=166 21 26 464 34 516 26 234 617 81 389 1083 20 273 24 710 1726 25 201 1419 170 48 126 801 482 851 447 1067 284 295 51
leaf_count=166 21 26 464 34 516 26 234 617 81 389 1083 20 273 24 710 1726 25 201 1419 170 48 126 801 482 851 447 1067 284 295 51
internal_value=0 -1.58048 0.00588142 0.0605627 0.20031 -0.123114 0.0288872 -0.0876487 -0.337368 0.16672 0.00709556 -0.140673 -0.118077 -0.445125 0.067795 0.0196635 -0.561294 -0.272325 -0.0566571 0.143155 0.229702 -0.405628 0.0835283 0.13413 0.0458843 -0.124276 -0.0183852 -0.177831 0.0318874 -0.246045
internal_weight=0 47 12630 8870 1639 3760 7231 3226 534 1605 4635 1190 740 201 2596 3104 51 333 2036 1168 437 150 1511 998 1085 720 1531 450 2021 252
internal_count=12677 47 12630 8870 1639 3760 7231 3226 534 1605 4635 1190 740 201 2596 3104 51 333 2036 1168 437 150 1511 998 1085 720 1531 450 2021 252
is_linear=0
shrinkage=0.5


Tree=5
num_leaves=31
num_cat=0
split_feature=14 10 3 12 4 1 14 18 1 18 13 14 1 10 10 15 13 10 6 12 10 13 1 10 10 10 1 10 16 6
split_gain=236.644 1208.73 609.354 547.929 216.644 86.5767 47.7557 238.805 21.0322 19.9377 30.0878 15.7561 7.70432 5.67577 3.32292 2.79591 2.08685 1.65876 1.40541 2.00237 2.12365 1.71102 1.29094 1.20846 1.09545 1.0603 1.04291 1.00508 0.725806 0.692803
threshold=-3.7812499999999996 101.42899700000001 1.2675749650000003 243.75000000000003 362.21835175000001 81.64839935000002 -3.2187499999999996 0.72849997850000003 86.02339935000002 0.72349998350000011 64.359348300000008 1.7187500000000002 88.67964935000002 92.46089935000002 88.36714935000002 349.03100600000005 50.921850200000009 90.46089935000002 237.90000000000001 249.84999850000003 78.562450400000003 49.515600200000009 93.070301050000012 86.007801050000012 98.070301050000012 94.101497650000013 87.58589935000002 85.538997650000013 232.18910065000003 247.20000020000001
decision_type=2 2 2 2 2 2 2 2 2 2 2 2 2 2 2 2 2 2 2 2 2 2 2 2 2 2 2 2 2 2
left_child=2 5 3 -1 -5 11 7 -7 13 10 -10 14 26 15 23 -8 18 -17 -13 20 -20 -21 -9 27 -14 28 -11 -2 -15 -28
right_child=1 -3 -4 4 -6 6 8 22 9 12 -12 16 24 25 -16 17 -18 -19 19 21 -22 -23 -24 -25 -26 -27 29 -29 -30 -31
leaf_value=-2.1856064296618571 -0.11444508570928646 -3.1243354582017466 2.9044709378480911 2.1843394938856364 0.098843128561522026 1.7755268516597094 0.16167451465679777 0.082547209670274457 0.054621322782999228 0.023859660950937781 -0.73123249269667123 -0.36769818291068079 0.069853622353374334 -0.018847268814100131 -0.054062700988166117 -0.039012777056017252 -0.15772163303523895 -0.014891269040334634 -0.048583514251125358 -0.39714456660052139 -0.22635297061476325 -0.23049840201125588 0.1441525927358219 -0.087908118966361762 0.10763073206679298 0.031942851960491653 0.067932675991846159 -0.19379671769482748 0.009552448394314017 0.035201306580323243
leaf_weight=20 215 31 25 20 33 22 21 430 29 2246 21 20 815 260 685 970 124 2687 24 24 56 43 106 541 251 482 234 49 1670 523
leaf_count=20 215 31 25 20 33 22 21 430 29 2246 21 20 815 260 685 970 124 2687 24 24 56 43 106 541 251 482 234 49 1670 523
internal_value=0 -0.00602975 0.773962 0.0443354 0.885823 0.00167406 0.0185655 0.160998 0.0107805 0.0383757 -0.275437 -0.100443 0.0422318 -0.00788363 -0.0796597 -0.0202447 -0.20686 -0.0212894 -0.243345 -0.226426 -0.173022 -0.290193 0.0947304 -0.101441 0.0787486 0.0109655 0.0292692 -0.129173 0.00572658 0.0453191
internal_weight=0 12579 98 73 53 12548 10767 558 10209 4119 50 1781 4069 6090 1490 3678 291 3657 167 147 80 67 536 805 1066 2412 3003 264 1930 757
internal_count=12677 12579 98 73 53 12548 10767 558 10209 4119 50 1781 4069 6090 1490 3678 291 3657 167 147 80 67 536 805 1066 2412 3003 264 1930 757
is_linear=0
shrinkage=0.5


Tree=6
num_leaves=31
num_cat=0
split_feature=12 11 10 14 3 4 14 1 10 18 5 18 2 1 7 15 10 18 2 14 0 18 10 16 10 10 18 9 8 18
split_gain=162.43 5168.56 3146.22 34.1219 42.715 32.1182 21.7596 21.0596 11.8373 37.6584 4.3146 4.26334 3.07839 2.72395 1.96272 1.40777 1.39904 1.1752 1.1288 2.06403 0.912671 1.08629 0.768151 0.660805 0.564034 0.849473 0.545867 0.531551 0.525927 0.498764
threshold=238.05000300000003 1971.9950000000001 101.42899700000001 -3.7812499999999996 1.2050749650000003 362.30870285000003 -3.3437499999999996 82.74214935000002 96.820301050000012 0.72550001750000004 25000.500000000004 0.69850000750000019 25.808549900000003 85.52339935000002 597.87500000000011 458.03100600000005 89.538997650000013 0.72450000050000007 34.917900100000004 -3.1562499999999996 42.179649350000012 0.57049998650000011 94.257801050000012 255.86099950000002 94.445301050000012 94.55464935000002 0.73450002050000018 1.4775300050000002 -26.083333749999998 0.58849999350000004
decision_type=2 2 2 2 2 2 2 2 2 2 2 2 2 2 2 2 2 2 2 2 2 2 2 2 2 2 2 2 2 2
left_child=1 6 3 4 5 -2 -1 10 13 -10 20 14 -13 -9 -8 17 -12 -15 19 -14 21 -5 -19 26 -24 -26 -11 29 -16 -23
right_child=2 -3 -4 7 -6 -7 11 8 9 23 16 12 18 15 28 -17 -18 22 -20 -21 -22 27 24 -25 25 -27 -28 -29 -30 -31
leaf_value=0.47938136072100507 -0.61483687721192837 -8.1564536519348625 4.6170678388428046 -0.20273303196710699 -0.96266649329918441 0.17945113814681202 -0.20173573224195118 -0.0033310005378878104 0.74166129154327787 -0.028341301639253896 -0.044239052981325841 0.17972162456950172 -0.16298793582245708 -0.10698137145955115 -0.043244428852111536 0.11920242827909533 -0.019137535838569003 0.009276242959863755 0.11256161930006263 0.0015647203069987666 -0.012176605307364039 -0.19009473894257098 0.050432396965334192 0.10563159975394303 -0.022244796791809761 0.023516622734229158 0.048000802348886228 -0.041508159887078885 -0.11778750069594632 -0.10314043495615825
leaf_weight=23 20 20 37 34 20 35 29 4097 20 24 1305 25 20 20 112 32 966 2631 21 404 21 20 170 49 110 1299 961 28 30 94
leaf_count=23 20 20 37 34 20 35 29 4097 20 24 1305 25 20 20 112 32 966 2631 21 404 21 20 170 49 110 1299 961 28 30 94
internal_value=0 -0.23699 0.0135163 -0.000730185 -0.336924 -0.109381 0.00154768 0.00139207 0.012171 0.0621041 -0.0397191 -0.0155977 0.00899835 0.00587489 -0.0832008 0.0147244 -0.0335618 0.013934 -0.000592849 -0.0061972 -0.1107 -0.122456 0.0145084 0.0489599 0.0232265 0.019944 0.0461407 -0.103235 -0.058993 -0.118396
internal_weight=0 684 11993 11956 75 55 664 11881 9413 1054 2468 641 470 8359 171 4262 2271 4230 445 424 197 176 4210 1034 1579 1409 985 142 142 114
internal_count=12677 684 11993 11956 75 55 664 11881 9413 1054 2468 641 470 8359 171 4262 2271 4230 445 424 197 176 4210 1034 1579 1409 985 142 142 114
is_linear=0
shrinkage=0.5


end of trees

feature_importances:
Column_10=110
Column_1=37
Column_14=14
Column_18=11
Column_13=5
Column_5=4
Column_12=4
Column_15=4
Column_16=4
Column_0=3
Column_2=2
Column_3=2
Column_4=2
Column_6=2
Column_17=2
Column_7=1
Column_8=1
Column_9=1
Column_11=1

parameters:
[boosting: gbdt]
[objective: regression]
[metric: rmse,l2]
[tree_learner: serial]
[device_type: cpu]
[data: ]
[valid: ]
[num_iterations: 20]
[learning_rate: 0.5]
[num_leaves: 31]
[num_threads: -1]
[deterministic: 0]
[force_col_wise: 0]
[force_row_wise: 0]
[histogram_pool_size: -1]
[max_depth: 20]
[min_data_in_leaf: 20]
[min_sum_hessian_in_leaf: 0.001]
[bagging_fraction: 1]
[pos_bagging_fraction: 1]
[neg_bagging_fraction: 1]
[bagging_freq: 0]
[bagging_seed: 3]
[feature_fraction: 1]
[feature_fraction_bynode: 1]
[feature_fraction_seed: 2]
[extra_trees: 0]
[extra_seed: 6]
[early_stopping_round: 1000]
[first_metric_only: 0]
[max_delta_step: 0]
[lambda_l1: 0]
[lambda_l2: 0]
[linear_lambda: 0]
[min_gain_to_split: 0]
[drop_rate: 0.1]
[max_drop: 50]
[skip_drop: 0.5]
[xgboost_dart_mode: 0]
[uniform_drop: 0]
[drop_seed: 4]
[top_rate: 0.2]
[other_rate: 0.1]
[min_data_per_group: 100]
[max_cat_threshold: 32]
[cat_l2: 10]
[cat_smooth: 10]
[max_cat_to_onehot: 4]
[top_k: 20]
[monotone_constraints: ]
[monotone_constraints_method: basic]
[monotone_penalty: 0]
[feature_contri: ]
[forcedsplits_filename: ]
[refit_decay_rate: 0.9]
[cegb_tradeoff: 1]
[cegb_penalty_split: 0]
[cegb_penalty_feature_lazy: ]
[cegb_penalty_feature_coupled: ]
[path_smooth: 0]
[interaction_constraints: ]
[verbosity: -1]
[saved_feature_importance_type: 0]
[linear_tree: 0]
[max_bin: 255]
[max_bin_by_feature: ]
[min_data_in_bin: 3]
[bin_construct_sample_cnt: 200000]
[data_random_seed: 1]
[is_enable_sparse: 1]
[enable_bundle: 1]
[use_missing: 1]
[zero_as_missing: 0]
[feature_pre_filter: 1]
[pre_partition: 0]
[two_round: 0]
[header: 0]
[label_column: ]
[weight_column: ]
[group_column: ]
[ignore_column: ]
[categorical_feature: ]
[forcedbins_filename: ]
[precise_float_parser: 0]
[objective_seed: 5]
[num_class: 1]
[is_unbalance: 0]
[scale_pos_weight: 1]
[sigmoid: 1]
[boost_from_average: 1]
[reg_sqrt: 0]
[alpha: 0.9]
[fair_c: 1]
[poisson_max_delta_step: 0.7]
[tweedie_variance_power: 1.5]
[lambdarank_truncation_level: 30]
[lambdarank_norm: 1]
[label_gain: ]
[eval_at: ]
[multi_error_top_k: 1]
[auc_mu_weights: ]
[num_machines: 1]
[local_listen_port: 12400]
[time_out: 120]
[machine_list_filename: ]
[machines: ]
[gpu_platform_id: -1]
[gpu_device_id: -1]
[gpu_use_dp: 0]
[num_gpu: 1]

end of parameters

pandas_categorical:null
