tree
version=v3
num_class=1
num_tree_per_iteration=1
label_index=0
max_feature_idx=38
objective=regression
feature_names=Column_0 Column_1 Column_2 Column_3 Column_4 Column_5 Column_6 Column_7 Column_8 Column_9 Column_10 Column_11 Column_12 Column_13 Column_14 Column_15 Column_16 Column_17 Column_18 Column_19 Column_20 Column_21 Column_22 Column_23 Column_24 Column_25 Column_26 Column_27 Column_28 Column_29 Column_30 Column_31 Column_32 Column_33 Column_34 Column_35 Column_36 Column_37 Column_38
feature_infos=[0:154] [0:1] none [0:62.953098300000001] none [0:1] none [64.781196600000001:94.6875] [0:1] [0:58.828098300000001] [0:4.0039000500000004] [332.71769939999996:375.18399699999998] none none [17997:39005] none [224.35000079999998:274.75000001999996] [497.625:918.875] [0:1] [-39.611112833333337:223.24444222222223] [0.0410160013:3.4316399099999999] [0:102.875] [1035.75:2512.5] [0:306.39999399999999] [43.3125:72.406196600000001] [0:1] [-4:6.6875] none [75.781196600000001:89.5] [0:1] none [0:475.875] [223.16570129999997:273.93124999999998] none [64.158698999999999:87.460296600000007] none [0.555999994:0.79299998299999996] none none
tree_sizes=2776 2833 2861 2846 2880 2886 2877 2901 2894 2891 2910 2880 2837 2894 2873 2877 2896 2860 2884 2905

Tree=0
num_leaves=31
num_cat=0
split_feature=26 3 1 7 26 26 7 21 26 7 26 24 21 26 26 26 20 21 26 21 21 21 21 26 21 26 3 26 20 21
split_gain=140.631 43.1656 43.2294 38.9868 43.4204 38.1264 25.3133 23.74 16.0877 20.7221 16.001 15.7165 15.1463 12.5272 11.0011 10.234 10.0232 9.56802 8.84369 9.87404 8.77654 8.444 8.30631 7.84494 7.83732 7.47716 7.36064 7.16811 5.50643 5.35552
threshold=-1.8437499999999998 42.179649350000012 1.0000000180025095e-35 89.195301050000012 -2.4062499999999996 -3.4062499999999996 83.351497650000013 93.851497650000013 -2.7812499999999996 91.99214935000002 -1.4687499999999998 61.515600200000009 99.601497650000013 -2.1562499999999996 -3.0312499999999996 -2.1562499999999996 2.0732400450000004 93.257801050000012 -2.7812499999999996 94.195301050000012 96.89839935000002 96.976497650000013 92.695301050000012 -3.8437499999999996 94.851497650000013 -3.7187499999999996 31.456999800000002 -3.1562499999999996 1.5419849750000003 95.27339935000002
decision_type=2 2 2 2 2 2 2 2 2 2 2 2 2 2 2 2 2 2 2 2 2 2 2 2 2 2 2 2 2 2
left_child=3 6 -3 4 11 12 26 13 9 21 17 18 25 -6 -13 29 -12 -8 -1 -20 -10 -7 -15 -14 -16 -5 28 -23 -2 -9
right_child=1 2 -4 5 7 8 10 15 20 -11 16 14 23 22 24 -17 -18 -19 19 -21 -22 27 -24 -25 -26 -27 -28 -29 -30 -31
leaf_value=0.50852895540872756 0.17962476362982382 0.20202650392810989 -0.1135635159733672 0.58309272083101471 0.327055999510871 0.27935936550625756 0.17447604156963825 0.21182594654357045 0.090543894071233158 -0.041622783500913973 0.1056296247570214 0.40135742686106646 0.36913334336081438 0.30809269947254081 0.34032329920974747 0.076418299561999387 -0.016452896741027512 0.019906862183073748 0.4464636150773324 0.31325953121108008 -0.10277614553051093 0.22603066900522051 0.22018895147074399 0.11437707314192634 0.23392695193679031 0.35936279152861794 0.21353101885695058 0.10757798373965288 0.10274448787002277 0.010484192179869622
leaf_weight=138 1183 170 300 49 606 230 1372 586 195 101 1404 201 45 355 262 227 191 108 235 341 84 244 1106 92 510 157 1592 268 290 35
leaf_count=138 1183 170 300 49 606 230 1372 586 195 101 1404 201 45 355 262 227 191 108 235 341 84 244 1106 92 510 157 1592 268 290 35
internal_value=0.19708 0.146627 0.000586066 0.252049 0.274663 0.18101 0.157806 0.237716 0.136412 0.170855 0.125754 0.338505 0.326896 0.266617 0.297164 0.167269 0.0910103 0.163197 0.394842 0.367605 0.03234 0.199778 0.241548 0.198056 0.270036 0.41258 0.189962 0.164028 0.164489 0.200478
internal_weight=0 6610 470 6067 4602 1465 6140 2915 1122 843 3075 1687 343 2067 973 848 1595 1480 714 576 279 742 1461 137 772 206 3065 512 1473 621
internal_count=12677 6610 470 6067 4602 1465 6140 2915 1122 843 3075 1687 343 2067 973 848 1595 1480 714 576 279 742 1461 137 772 206 3065 512 1473 621
is_linear=0
shrinkage=1


Tree=1
num_leaves=31
num_cat=0
split_feature=26 7 24 9 26 26 21 26 26 36 1 3 21 21 26 20 21 21 24 26 7 21 21 34 34 20 34 7 26 26
split_gain=39.1686 21.8609 13.1268 10.5705 8.65298 8.63936 8.59959 8.58875 8.53221 7.86809 7.1664 13.3348 6.3922 6.38409 5.9429 4.8898 4.67564 4.65155 4.5767 4.49138 3.98096 3.65047 3.65044 3.51721 3.17416 2.76451 2.79357 2.62692 4.07353 2.6024
threshold=-2.0312499999999996 86.757801050000012 58.609350200000009 31.066399550000003 -1.3437499999999998 -1.5937499999999998 93.46089935000002 -2.5312499999999996 -2.6562499999999996 0.72749999150000011 1.0000000180025095e-35 37.99604990000001 93.288997650000013 95.226497650000013 -1.1562499999999998 1.7275350100000002 90.74214935000002 91.74214935000002 65.328098300000008 -3.2812499999999996 85.788997650000013 90.882801050000012 92.08589935000002 76.317447650000005 78.412647250000006 1.8310500400000003 73.650753000000023 92.61714935000002 -3.7812499999999996 -1.7187499999999998
decision_type=2 2 2 2 2 2 2 2 2 2 2 2 2 2 2 2 2 2 2 2 2 2 2 2 2 2 2 2 2 2
left_child=1 7 5 10 6 22 20 -1 18 25 15 -12 -9 -10 21 24 -16 -6 -5 27 -4 -11 -2 -17 -3 -7 -27 28 -20 -22
right_child=2 3 4 8 17 9 -8 12 13 14 11 -13 -14 -15 16 23 -18 -19 19 -21 29 -23 -24 -25 -26 26 -28 -29 -30 -31
leaf_value=0.13833601616053109 0.1042075159372691 0.015421743750068247 0.00088085445517183071 0.10599072426279728 -0.070151896926003501 0.018441932953748345 -0.10486392538003278 0.10950631718084212 0.010633303800761036 0.086436589593627239 -0.027861628042667116 -0.21378696093385199 0.038152576281767742 -0.14224903931680286 -0.040713119097972823 0.038355314095330779 -0.11507504287571386 -0.15867316897586237 0.28269876902257757 -0.013868449929013506 -0.019638533223029154 -0.014464754564123224 0.023448658190800435 -0.097317730236084088 0.1020869991172933 -0.1195347041878114 0.0011369462792152683 -0.0079016270910334946 0.078688504475591337 -0.076661671552201341
leaf_weight=421 197 486 1148 414 719 1479 334 434 435 103 658 113 1134 81 987 71 269 187 28 245 452 691 483 146 135 76 130 68 194 359
leaf_count=421 197 486 1148 414 719 1479 334 434 435 103 658 113 1134 81 987 71 269 187 28 245 452 691 483 146 135 76 130 68 194 359
internal_value=0 0.0340826 -0.0226636 0.00765459 -0.047053 -0.00499158 -0.0307071 0.0749272 0.0383819 -0.014429 -0.0203228 -0.0551114 0.0579023 -0.0133657 -0.0352347 0.0116844 -0.0566394 -0.0884228 0.0665187 0.0359739 -0.0180638 -0.00137554 0.046845 -0.052927 0.034262 0.0108836 -0.0433827 0.0780822 0.10442 -0.0448806
internal_weight=0 5063 7614 3074 3199 4415 2293 1989 1465 3735 1609 771 1568 516 2050 838 1256 906 949 535 1959 794 680 217 621 1685 206 290 222 811
internal_count=12677 5063 7614 3074 3199 4415 2293 1989 1465 3735 1609 771 1568 516 2050 838 1256 906 949 535 1959 794 680 217 621 1685 206 290 222 811
is_linear=0
shrinkage=0.5


Tree=2
num_leaves=31
num_cat=0
split_feature=26 22 21 26 21 26 26 21 21 26 9 26 21 20 34 7 34 21 26 3 1 7 21 32 26 21 24 26 21 10
split_gain=12.2107 9.69892 8.33531 5.70795 5.5417 4.55484 4.53021 7.35676 5.09404 4.77375 4.43294 4.24598 4.09199 3.19794 4.02863 3.04629 3.00318 2.97829 3.44753 2.8957 5.37829 2.68057 2.29216 2.12264 2.07726 2.07358 1.78587 2.58167 1.80468 1.65937
threshold=-1.7187499999999998 1862.1850000000002 92.21089935000002 -3.5937499999999996 99.24214935000002 -2.2812499999999996 -2.5312499999999996 96.02339935000002 94.52339935000002 -2.9687499999999996 31.675700200000005 -3.0937499999999996 94.351497650000013 2.1581950200000004 78.285648350000017 85.226497650000013 73.015850050000012 94.413997650000013 -2.6562499999999996 37.99604990000001 1.0000000180025095e-35 91.99214935000002 94.226497650000013 242.31409970000001 -1.5937499999999998 97.351497650000013 54.890600200000009 -1.2812499999999998 91.24214935000002 0.7333979905000001
decision_type=2 2 2 2 2 2 2 2 2 2 2 2 2 2 2 2 2 2 2 2 2 2 2 2 2 2 2 2 2 2
left_child=1 5 10 21 6 17 7 9 -8 -5 19 25 15 14 23 -7 -15 -1 -19 26 -21 -3 -11 29 -4 -9 -2 28 -28 -12
right_child=2 3 24 4 -6 12 8 11 -10 22 13 -13 -14 16 -16 -17 -18 18 -20 20 -22 -23 -24 -25 -26 -27 27 -29 -30 -31
leaf_value=0.086435623317615673 0.010729811334676313 0.13416227533762315 -0.034626735895717631 0.15399764210564418 -0.10860566347628943 0.043922777753397688 -0.0095846513892287148 0.072849887416267134 -0.082036745725244067 0.11137200115275953 0.058583216557014442 -0.043601476592014417 -0.08113499471035443 -0.13880440918895018 -0.035092166371736427 0.0051920751154681906 0.0047384695376661654 0.074375937756302538 -0.00024898812124272084 0.00051975909697550137 -0.14038036802135731 0.018339395932325152 0.021650357620116197 0.0076337590745534367 -0.082417701252827769 0.0011834358693439797 0.075750647960230705 -0.035780018446842858 -0.0068489279868415333 0.0082369393462443687
leaf_weight=539 476 103 422 103 134 1041 1067 134 314 85 510 545 95 70 371 991 76 298 322 133 138 97 438 1053 493 409 75 1345 559 241
leaf_count=539 476 103 422 103 134 1041 1067 134 314 85 510 545 95 70 371 991 76 298 322 133 138 97 438 1053 493 409 75 1345 559 241
internal_value=0 0.0146219 -0.0164687 -0.00398004 -0.00905704 0.0340334 -0.00474702 0.0124238 -0.0260582 0.055609 -0.00850839 -0.0124236 0.020292 0.00755085 0.0123594 0.0250339 -0.0640835 0.0592516 0.0356191 -0.0221817 -0.0712301 0.0779882 0.0362323 0.022118 -0.0603764 0.0188691 -0.0167674 -0.0233812 0.00292232 0.0424268
internal_weight=0 6715 5962 3429 3229 3286 3095 1714 1381 626 5047 1088 2127 2321 2175 2032 146 1159 620 2726 271 200 523 1804 915 543 2455 1979 634 751
internal_count=12677 6715 5962 3429 3229 3286 3095 1714 1381 626 5047 1088 2127 2321 2175 2032 146 1159 620 2726 271 200 523 1804 915 543 2455 1979 634 751
is_linear=0
shrinkage=0.5


Tree=3
num_leaves=31
num_cat=0
split_feature=1 34 3 20 3 20 34 26 17 3 34 32 20 10 20 34 10 20 34 20 3 7 26 9 34 20 31 11 3 20
split_gain=6.54884 9.09797 9.3523 3.54454 3.46424 4.00346 3.38754 2.46156 2.42623 2.34786 2.26545 2.03255 1.84151 1.79482 1.73115 1.49715 1.3331 1.27076 1.18311 1.11519 1.10083 1.09983 1.03364 1.01448 0.937011 1.00656 0.897268 0.876833 0.969641 0.845302
threshold=1.0000000180025095e-35 73.777751900000013 46.210899350000012 1.8447200050000003 30.605400100000004 1.7187450500000001 79.682453150000015 -2.3437499999999996 750.18750000000011 31.074199650000004 77.269798250000022 239.72035065 0.95312449350000017 1.0527300250000002 1.3212800050000002 74.730152150000023 0.60351499900000005 1.7187450500000001 77.523746500000001 0.27441349650000008 31.011699650000004 88.11714935000002 -3.4062499999999996 31.035100000000003 76.097599050000014 1.6660100250000003 363.53100600000005 360.41124955000004 33.222600950000007 1.0341750400000003
decision_type=2 2 2 2 2 2 2 2 2 2 2 2 2 2 2 2 2 2 2 2 2 2 2 2 2 2 2 2 2 2
left_child=4 3 6 8 5 10 7 9 12 -3 -1 29 -2 16 -8 -7 -11 18 -13 23 -5 -12 -23 -6 -21 -26 -22 -14 -29 -9
right_child=1 2 -4 20 19 15 14 11 -10 13 21 17 27 -15 -16 -17 -18 -19 -20 24 26 22 -24 -25 25 -27 -28 28 -30 -31
leaf_value=0.0005247588807221165 -0.033622069335109382 0.011764603871426371 -0.080644918758502868 -0.01855967545765452 0.020054660529991532 0.0060347898655371476 -0.040623392892889916 0.01071417980084005 -0.056533426396832225 0.039761762507698396 0.05891835666022404 -0.0026608069118287531 -0.010552581460089923 -0.011216434380174547 0.026576138668315253 -0.047144882778272536 0.10149898154900298 0.030594272763677235 -0.037574576086310783 0.024112230197229516 -0.16465337038971484 0.06494353004508531 -0.027544637528163465 0.079177298703310056 0.015137563312683986 -0.022212595961078746 -0.086906332126720359 0.0097202248664505914 0.08641886242405801 0.040794446104041635
leaf_weight=1545 614 473 323 50 138 175 476 517 566 146 292 1104 251 69 120 543 218 219 311 2402 44 46 88 153 700 243 237 127 61 426
leaf_count=1545 614 473 323 50 138 175 476 517 566 146 292 1104 251 69 120 543 218 219 311 2402 44 46 88 153 700 243 237 127 61 426
internal_value=0 -0.0113402 0.00125429 -0.0397713 0.0113886 -0.00221837 0.00773957 0.0137001 -0.0301325 0.0361178 0.00942587 0.00581862 -0.0159417 0.0627207 -0.0270933 -0.0341833 0.0767363 -0.00484889 -0.0103344 0.0214516 -0.086917 0.0417081 0.00420503 0.0511398 0.0188688 0.00551287 -0.0990802 0.00878661 0.0346065 0.0243029
internal_weight=0 6352 4402 1950 6325 2689 4079 3483 1619 906 1971 2577 1053 433 596 718 364 1634 1415 3636 331 426 134 291 3345 943 281 439 188 943
internal_count=12677 6352 4402 1950 6325 2689 4079 3483 1619 906 1971 2577 1053 433 596 718 364 1634 1415 3636 331 426 134 291 3345 943 281 439 188 943
is_linear=0
shrinkage=0.5


Tree=4
num_leaves=31
num_cat=0
split_feature=26 22 24 26 21 21 26 22 26 21 21 26 21 21 26 26 26 21 7 26 21 26 21 7 34 21 26 26 21 22
split_gain=2.09931 3.38498 2.11904 3.08001 2.58001 1.94757 2.35646 1.80745 2.36472 1.69215 1.68795 1.48516 1.5384 1.27141 1.2064 1.14352 1.0785 1.05039 1.01688 1.41439 1.08701 1.06589 1.07113 0.959655 0.88633 0.885458 1.48156 0.875653 0.849887 0.832139
threshold=-1.9687499999999998 1773.8100000000002 56.640600200000009 -0.96874999999999989 92.42964935000002 90.351497650000013 -1.6562499999999998 2004.6250000000002 -2.7187499999999996 93.49214935000002 96.820301050000012 -3.2187499999999996 97.351497650000013 90.038997650000013 -0.15624999999999997 -3.1562499999999996 2.1562500000000004 94.99214935000002 79.89839935000002 -0.78124999999999989 89.61714935000002 -0.21874999999999997 87.632801050000012 90.913997650000013 71.111049650000012 91.632801050000012 -1.3437499999999998 -3.5312499999999996 89.195301050000012 1728.6850000000002
decision_type=2 2 2 2 2 2 2 2 2 2 2 2 2 2 2 2 2 2 2 2 2 2 2 2 2 2 2 2 2 2
left_child=1 -1 16 4 5 -4 -7 8 10 24 15 12 -9 14 28 -3 18 -17 21 20 -20 -2 -23 -13 -10 26 -8 -12 -5 -6
right_child=2 7 3 13 29 6 25 11 9 -11 27 23 -14 -15 -16 17 -18 -19 19 -21 -22 22 -24 -25 -26 -27 -28 -29 -30 -31
leaf_value=0.033062227685724616 0.066613230136524246 0.1217536907825692 0.071569845451586789 0.030232056705576795 -0.0019221284956897646 0.035073931067988513 0.033535650102387592 0.082829676875068495 -0.018347182056842076 -0.0088538863586385373 0.078076727219325084 -0.016822359674441952 -0.0023481818776037852 -0.052484701853398236 -0.056336447828216479 0.078580621434418754 -0.025279928499576845 0.024824068149997311 0.10619417114981583 -0.013885217043126046 0.015116677000705625 0.027215048991768607 -0.026962384336164696 -0.055576794577132632 0.030283721178946458 -0.016701502323913327 -0.0076715493604143405 -0.0058575652066976697 -0.019355312172027135 -0.027719160590739429
leaf_weight=1042 133 51 106 126 431 446 312 60 114 1580 35 648 455 524 150 135 222 278 35 624 512 492 112 212 526 901 725 277 275 1138
leaf_count=1042 133 51 106 126 431 446 312 60 114 1580 35 648 455 524 150 135 222 278 35 624 512 492 112 212 526 901 725 277 275 1138
internal_value=0 0.00745365 -0.00555432 -0.011055 -0.00475247 0.00525405 0.00230544 0.00134884 0.00823684 -6.82351e-05 0.0319962 -0.0136595 0.00757545 -0.034852 -0.0180834 0.0511183 0.00770403 0.0423958 0.0115418 0.00238442 0.0209443 0.0260917 0.0171689 -0.0263758 0.0216213 -0.00523571 0.00472637 0.00355814 -0.00377424 -0.0206328
internal_weight=0 5413 7264 5134 4059 2490 2384 4371 2996 2220 776 1375 515 1075 551 464 2130 413 1908 1171 547 737 604 860 640 1938 1037 312 401 1569
internal_count=12677 5413 7264 5134 4059 2490 2384 4371 2996 2220 776 1375 515 1075 551 464 2130 413 1908 1171 547 737 604 860 640 1938 1037 312 401 1569
is_linear=0
shrinkage=0.5


Tree=5
num_leaves=31
num_cat=0
split_feature=7 28 19 7 26 21 21 26 21 14 26 21 21 26 21 9 26 34 21 21 21 22 26 21 11 26 34 26 21 21
split_gain=0.994224 1.57077 1.24158 0.884324 1.51522 1.49427 1.22041 1.50277 1.23859 1.03207 1.01188 1.47104 1.39302 0.999233 1.36634 0.803414 0.708987 0.703331 0.694117 0.625863 0.817951 0.605986 0.550902 0.689157 0.544334 0.539132 0.747274 0.535299 1.47665 1.17122
threshold=93.757801050000012 87.89839935000002 -26.138888472222217 90.80464935000002 -2.2187499999999996 93.632801050000012 92.96089935000002 -1.5312499999999998 91.80464935000002 32000.500000000004 -2.8437499999999996 95.632801050000012 95.445301050000012 -1.0312499999999998 91.14839935000002 25.683549900000003 -3.2187499999999996 70.285648350000017 94.99214935000002 90.83589935000002 92.14839935000002 1741.8100000000002 -0.65624999999999989 89.695301050000012 347.03884735000003 -1.9062499999999998 69.650753000000023 -0.65624999999999989 88.89839935000002 89.695301050000012
decision_type=2 2 2 2 2 2 2 2 2 2 2 2 2 2 2 2 2 2 2 2 2 2 2 2 2 2 2 2 2 2
left_child=1 3 -3 4 5 -1 7 8 17 15 12 21 -7 14 -11 -9 -14 -6 -8 22 -21 -12 23 -15 -13 26 -10 29 -29 -17
right_child=-2 2 -4 -5 6 10 18 9 25 13 11 24 16 19 -16 27 -18 -19 -20 20 -22 -23 -24 -25 -26 -27 -28 28 -30 -31
leaf_value=0.037103726603019693 -0.04991051345044098 0.16467638271860779 0.032304371790979211 -0.022416007389005371 -0.033910179939121009 0.060631863627171406 -0.013097756679275489 0.10376295605674386 -0.04191716777582076 0.019984260806073802 0.029303449406372466 -0.087925981338086878 0.029618050452821586 0.042735229790783848 -0.011630386895170415 0.065797101531934465 -0.00062564685749782046 0.054739767603549948 -0.07346459500472613 -0.05503268419076375 0.042381151875209376 0.0010963118314716211 -0.029926770881524491 -0.012288424765507877 -0.024308517106861747 0.0017897433168445052 0.028031844215566013 0.0055596336728522492 -0.0359821090789001 0.0047926273206339619
leaf_weight=430 99 20 155 435 25 163 1689 20 42 468 222 38 301 65 1267 100 544 213 49 211 24 1338 410 457 292 1301 420 1252 258 369
leaf_count=430 99 20 155 435 25 163 1689 20 42 468 222 38 301 65 1267 100 544 213 49 211 24 1338 410 457 292 1301 420 1252 258 369
internal_value=0 0.00039284 0.0474326 -0.000270867 0.000534041 0.00959893 -0.00295762 2.43466e-05 0.0115708 -0.00468988 0.00551782 -0.00130531 0.0183112 -0.0107119 -0.00310263 0.00405239 0.0101476 0.0454278 -0.0147997 -0.0220246 -0.045084 0.0051104 -0.0162103 -0.00543682 -0.0316342 0.00700018 0.0216728 0.0030447 -0.00153823 0.0178
internal_weight=0 12578 175 12403 11968 3328 8640 6902 2001 4901 2898 1890 1008 2902 1735 1999 845 238 1738 1167 235 1560 932 522 330 1763 462 1979 1510 469
internal_count=12677 12578 175 12403 11968 3328 8640 6902 2001 4901 2898 1890 1008 2902 1735 1999 845 238 1738 1167 235 1560 932 522 330 1763 462 1979 1510 469
is_linear=0
shrinkage=0.5


Tree=6
num_leaves=31
num_cat=0
split_feature=20 9 22 26 26 21 26 10 34 21 26 34 1 26 10 34 28 7 21 1 3 9 11 28 3 16 21 26 0 34
split_gain=0.763797 0.952755 0.763242 0.884308 0.72147 0.854029 1.1659 0.81783 0.668478 0.619714 0.987592 0.643161 0.621329 0.61965 0.579928 0.547588 0.64356 0.734514 0.504981 0.499547 0.472512 0.472052 0.456239 0.441553 0.428922 0.40497 0.403844 0.517443 0.69174 0.39915
threshold=0.46581999950000003 36.191400550000004 1709.8100000000002 -1.3437499999999998 -3.8437499999999996 98.49214935000002 -2.9687499999999996 0.78710901750000006 71.872951500000013 95.070301050000012 -2.4687499999999996 71.809452050000019 1.0000000180025095e-35 -1.4062499999999998 0.6083979905000001 77.015850050000012 83.757801050000012 85.007801050000012 97.538997650000013 1.0000000180025095e-35 33.003900550000004 31.035100000000003 365.19999925000002 84.726497650000013 24.273400300000002 251.70000020000001 88.101497650000013 1.4687500000000002 133.96849800000004 71.999950400000003
decision_type=2 2 2 2 2 2 2 2 2 2 2 2 2 2 2 2 2 2 2 2 2 2 2 2 2 2 2 2 2 2
left_child=1 13 3 -2 7 6 8 -4 19 10 11 12 -8 -1 26 16 -16 29 21 -6 -3 -10 -13 25 -5 -19 27 -12 -29 -18
right_child=2 20 4 24 5 -7 9 -9 18 -11 14 22 -14 -15 15 -17 17 23 -20 -21 -22 -23 -24 -25 -26 -27 -28 28 -30 -31
leaf_value=0.013971042895711138 0.016499944158291261 0.12856877087615431 0.11682150731436335 -0.053624863115449749 0.010429492401373055 -0.028900347234813908 0.01455756559432932 0.0044890836146551857 0.056826154144529475 -0.018618792341807845 0.03805493381776405 0.017418257698432058 -0.067757351227422671 -0.0050618075048285451 -0.019320118151799678 -0.021572509895053354 0.0005831658586025201 -0.014168670421230484 0.0052000169167887317 -0.074082175817559742 0.040356219078863172 0.019308993148505187 0.061984121347708046 0.0015323082864311984 -0.00055080426404033897 -0.078391453573623524 -0.0020168743386753309 -0.060583853104617447 0.053603470530582682 0.041762143618291815
leaf_weight=1141 1105 20 26 39 36 344 52 43 134 788 139 402 41 684 666 809 101 439 287 34 63 224 67 819 1592 26 2358 36 21 141
leaf_count=1141 1105 20 26 39 36 344 52 43 134 788 139 402 41 684 666 809 101 439 287 34 63 224 67 819 1592 26 2358 36 21 141
internal_value=0 0.00922039 -0.00163362 0.00557902 -0.00409021 -0.00453128 -0.00343115 0.0468172 0.0157888 -0.00542134 -0.00372123 0.0162527 -0.0217318 0.00683763 -0.00574199 -0.0104549 -0.00635178 -0.000691941 0.0208253 -0.030619 0.0616123 0.0333517 0.0237848 -0.00545426 -0.0018199 -0.0177596 -0.000204189 0.0216035 -0.0185148 0.0245759
internal_weight=0 1908 10769 2736 8033 7964 7620 69 715 6905 6117 562 93 1825 5555 3001 2192 1526 645 70 83 358 469 1284 1631 465 2554 196 57 242
internal_count=12677 1908 10769 2736 8033 7964 7620 69 715 6905 6117 562 93 1825 5555 3001 2192 1526 645 70 83 358 469 1284 1631 465 2554 196 57 242
is_linear=0
shrinkage=0.5


Tree=7
num_leaves=31
num_cat=0
split_feature=34 1 34 26 3 0 31 3 20 26 7 26 26 19 28 7 28 26 26 21 20 11 34 22 26 26 34 1 7 14
split_gain=0.569603 0.609694 0.521475 0.49801 0.434298 0.366156 0.351536 0.323568 0.59648 0.352824 0.54096 0.700872 0.654005 0.507124 0.396698 0.47021 0.709005 0.702761 0.610251 0.402641 0.383904 0.434308 1.14348 0.440204 0.543153 0.535328 0.430547 0.512846 0.408606 0.398163
threshold=69.333248150000017 1.0000000180025095e-35 82.476146700000015 -1.1562499999999998 30.605400100000004 105.53099800000001 324.40600600000005 42.179649350000012 1.0986250050000002 3.0312500000000004 79.070301050000012 1.0000000180025095e-35 1.0312500000000002 -32.083333333333329 80.351497650000013 81.05464935000002 82.132801050000012 -1.0000000180025095e-35 -0.093749999999999986 88.226497650000013 0.61132749900000005 345.32210005000002 75.745952600000024 2099.9350600000002 -2.6562499999999996 -3.9062499999999996 74.857051850000019 1.0000000180025095e-35 87.726497650000013 33994.500000000007
decision_type=2 2 2 2 2 2 2 2 2 2 2 2 2 2 2 2 2 2 2 2 2 2 2 2 2 2 2 2 2 2
left_child=1 -1 5 -4 -3 6 -2 9 -9 10 11 -7 14 -13 -12 16 18 19 -16 -17 -21 22 29 24 -23 -25 27 -27 -26 -22
right_child=2 4 3 -5 -6 7 -8 8 -10 -11 12 13 -14 -15 15 17 -18 -19 -20 20 21 23 -24 25 28 26 -28 -29 -30 -31
leaf_value=0.0014373009270039025 -0.034723815814542924 -0.005279293705966975 -0.013894758164033707 -0.083755079223292658 -0.045635092733107584 0.066735688239658392 0.0146811462789936 -0.01235066267749921 0.038527418252816727 -0.032898012809455396 -0.031512697346218088 -0.02688993060680693 -0.072951372511064011 0.01973519576304484 0.02336923183029797 0.059803702206158174 0.074326670106529491 -0.040158953357465742 -0.017361328549882541 0.0073287680389128376 -0.014422891906482013 0.011508123018089608 -0.0021121439961408373 0.059435803837993226 0.00041997979651652311 -0.0085809059330399645 -0.0083651820075178671 -0.070694932329774612 -0.015148261718588595 -0.090623576038827494
leaf_weight=274 38 103 212 29 189 65 686 813 62 75 93 73 30 290 284 29 48 105 136 1800 24 1052 272 23 4915 61 302 73 461 60
leaf_count=274 38 103 212 29 189 65 686 813 62 75 93 73 30 290 284 29 48 105 136 1800 24 1052 272 23 4915 61 302 73 461 60
internal_value=0 -0.0155035 0.000724546 -0.0223012 -0.0314 0.00119204 0.0120881 0.000484282 -0.00874559 0.00127059 0.00152192 0.0189207 0.00075957 0.0103588 0.000986653 0.00130002 0.0167594 0.000511638 0.0101803 0.000982363 0.000793728 -0.000830332 -0.0178597 4.99449e-05 0.00111814 -0.0149094 -0.0188313 -0.0424191 -0.00091502 -0.068852
internal_weight=0 566 12111 241 292 11870 724 11146 875 10271 10196 428 9768 363 9738 9645 468 9177 420 9072 9043 7243 356 6887 6428 459 436 134 5376 84
internal_count=12677 566 12111 241 292 11870 724 11146 875 10271 10196 428 9768 363 9738 9645 468 9177 420 9072 9043 7243 356 6887 6428 459 436 134 5376 84
is_linear=0
shrinkage=0.5


Tree=8
num_leaves=31
num_cat=0
split_feature=11 34 1 20 20 9 3 0 34 16 22 26 21 7 10 20 34 24 20 20 20 26 21 0 21 1 34 11 1 20
split_gain=0.319913 0.39187 0.844146 0.650385 0.403876 0.336593 0.336151 0.411445 0.330903 0.301299 0.29411 0.345943 0.734531 0.426523 0.304282 0.569756 0.301523 0.418 0.385818 0.472971 0.29728 0.598455 0.500579 0.335022 0.288446 0.270507 0.340762 0.38297 0.262114 0.326289
threshold=367.18779985000003 71.555553450000005 1.0000000180025095e-35 1.3964800200000003 1.3300750250000002 38.859300650000002 24.706999800000002 135.03099800000004 78.730152150000023 254.40000000000001 2198.1850600000002 -1.7812499999999998 92.33589935000002 84.132801050000012 0.56933549050000021 0.81542950900000011 75.555553450000005 54.765600200000009 1.0371050250000002 1.3749950500000001 0.91308552050000003 -0.53124999999999989 89.351497650000013 104.59349800000001 88.89839935000002 1.0000000180025095e-35 74.857051850000019 351.91795195000003 1.0000000180025095e-35 1.1826150400000002
decision_type=2 2 2 2 2 2 2 2 2 2 2 2 2 2 2 2 2 2 2 2 2 2 2 2 2 2 2 2 2 2
left_child=1 2 3 5 24 -1 -3 8 10 -6 11 12 -8 -14 15 -13 17 18 -17 -20 23 22 -22 -16 -4 -24 27 -27 29 -18
right_child=-2 6 4 -5 9 -7 7 -9 -10 -11 -12 14 13 -15 20 16 28 -19 19 -21 21 -23 25 -25 -26 26 -28 -29 -30 -31
leaf_value=-0.0054131001061256609 0.010804381393259413 -0.018083514563709577 0.0082497854584167429 0.029508673612033451 -0.045562723535964481 0.057329842799597165 0.03963082558866339 0.029325884678419387 -0.0055180311253116808 -0.00041677139866489756 -0.027049806302001829 -0.0058412185888100437 0.022300578956088824 0.0027501732116461861 0.037065101548149765 -0.0010978438890560938 0.034236592931847554 0.012155298267287836 0.1124107644352461 0.0343839439850014 0.06788315769770871 -0.033985537253886276 -0.013998696874541632 -0.00086071892106555196 -0.018098492340262357 -0.043346968378223806 -0.011654481335335275 0.025148898725745522 0.0084624666282173203 -0.030683136015636592
leaf_weight=753 650 235 134 183 188 22 153 127 1766 46 86 912 303 3519 63 32 24 507 31 52 23 218 548 769 462 23 199 181 368 100
leaf_count=753 650 235 134 183 188 22 153 127 1766 46 86 912 303 3519 63 32 24 507 31 52 23 218 548 769 462 23 199 181 368 100
internal_value=0 -0.000583924 -0.00741371 0.00269862 -0.0190855 -0.00363201 0.000608738 0.00104783 0.000684227 -0.0366879 0.00203464 0.00234632 0.00565999 0.00430009 -0.00090598 0.0034258 0.0110124 0.0183285 0.0455441 0.0635265 -0.00524204 -0.0103046 -0.00500436 0.00201107 -0.0121746 -0.00676715 0.00306632 0.0174263 0.00176332 -0.018118
internal_weight=0 12027 1788 958 830 775 10239 10004 9877 234 8111 8025 3975 3822 4050 2026 1114 622 115 83 2024 1192 974 832 596 951 403 204 492 124
internal_count=12677 12027 1788 958 830 775 10239 10004 9877 234 8111 8025 3975 3822 4050 2026 1114 622 115 83 2024 1192 974 832 596 951 403 204 492 124
is_linear=0
shrinkage=0.5


Tree=9
num_leaves=31
num_cat=0
split_feature=26 21 24 7 28 7 23 26 7 21 20 26 24 26 16 11 20 26 26 7 26 24 26 21 26 21 26 21 28 21
split_gain=0.224691 1.08288 0.549273 0.33275 0.52133 0.441998 0.354603 0.305036 0.44107 0.290363 0.27203 0.248321 0.225401 0.236531 0.215645 0.214599 0.214106 0.368787 0.203452 0.184734 0.403684 0.445246 0.376845 0.516949 0.719205 0.597853 0.563479 0.636762 0.388809 0.434742
threshold=-2.0937499999999996 93.05464935000002 61.453100200000009 85.39839935000002 84.42964935000002 88.11714935000002 237.55000300000003 -2.3437499999999996 87.46089935000002 94.413997650000013 0.93554651750000006 -2.1562499999999996 61.515600200000009 -2.7812499999999996 261.20000020000003 363.39295045000006 2.1269450200000004 -1.4687499999999998 -1.2187499999999998 72.812450400000003 1.6562500000000002 54.171850200000009 0.34375000000000006 88.101497650000013 -0.40624999999999994 89.538997650000013 -0.78124999999999989 90.101497650000013 84.36714935000002 89.351497650000013
decision_type=2 2 2 2 2 2 2 2 2 2 2 2 2 2 2 2 2 2 2 2 2 2 2 2 2 2 2 2 2 2
left_child=1 10 19 -3 5 -5 -6 8 12 16 -1 -9 13 -8 -10 -12 18 -18 -4 -2 21 -21 23 -23 25 -25 27 -27 29 -26
right_child=2 3 9 4 6 -7 7 11 14 -11 15 -13 -14 -15 -16 -17 17 -19 -20 20 -22 22 -24 24 28 26 -28 -29 -30 -31
leaf_value=0.0062472950003371296 0.029608331200684988 0.012269711621863915 -0.012722565701231599 -0.009800617151898226 0.030241089841508983 -0.068961788589755699 -0.026959500247158291 -0.015434812715901587 -0.00023668810853264569 -0.05525741885351234 0.034371378842236781 0.0093773225546881032 0.030445927572982326 0.015015490158564078 0.035151473320597273 0.072572694124899945 -0.015155485443150004 0.063619786029448733 -0.045063272856943379 0.01372806698240291 -0.020415931820377497 0.024835522893319684 -0.024864051837663104 0.022401564876872726 -0.017554893803177367 0.030358268655237584 -0.019037622883606675 -0.0005977500885759456 0.046544479229487477 -0.06261688626545947
leaf_weight=57 51 573 489 729 109 33 41 417 1992 43 120 133 200 185 44 53 39 24 54 553 248 196 162 288 327 172 400 4861 20 64
leaf_count=57 51 573 489 729 109 33 41 417 1992 43 120 133 200 185 44 53 39 24 54 553 248 196 162 288 327 172 400 4861 20 64
internal_value=0 0.00274887 -0.00161196 0.00102204 -0.000637741 -0.0123627 0.00222494 0.00121108 0.00358932 -0.0155547 0.0362044 -0.00943479 0.01822 0.00740056 0.000528086 0.0460747 -0.0127375 0.0148541 -0.0159388 -0.000379488 -0.00058925 0.000108892 -0.00105157 -0.000441959 -0.00124992 0.000201461 -0.000975352 0.000460155 -0.0214527 -0.0249308
internal_weight=0 4686 7991 4456 3883 762 3121 3012 2462 649 230 550 426 226 2036 173 606 63 543 7342 7291 7043 6490 6328 6132 5721 5433 5033 411 391
internal_count=12677 4686 7991 4456 3883 762 3121 3012 2462 649 230 550 426 226 2036 173 606 63 543 7342 7291 7043 6490 6328 6132 5721 5433 5033 411 391
is_linear=0
shrinkage=0.5


Tree=10
num_leaves=31
num_cat=0
split_feature=5 20 10 1 3 28 17 7 26 7 28 7 21 26 21 24 26 20 26 22 7 28 24 26 21 17 9 26 26 9
split_gain=0.197463 0.289024 0.195885 0.280625 0.466163 0.223162 0.467018 0.182622 0.189975 0.348204 0.386536 0.374636 0.327775 0.238523 0.225495 0.36247 0.357244 0.245364 0.269751 0.214087 0.204323 0.737735 0.291822 0.290497 0.30738 0.290301 0.339559 0.248344 0.245395 0.222682
threshold=1.0000000180025095e-35 0.74316352600000013 1.3662050350000003 1.0000000180025095e-35 31.855400100000004 88.413997650000013 872.06250000000011 93.39839935000002 -2.5937499999999996 87.24214935000002 85.351497650000013 86.163997650000013 94.382801050000012 -2.2187499999999996 97.820301050000012 61.515600200000009 -3.0312499999999996 0.48730400200000007 -3.3437499999999996 1793.0600000000002 84.71089935000002 83.945301050000012 55.828100200000009 -1.2187499999999998 91.351497650000013 694.56250000000011 25.562449450000003 -1.1562499999999998 -0.21874999999999997 34.835899350000012
decision_type=2 2 2 2 2 2 2 2 2 2 2 2 2 2 2 2 2 2 2 2 2 2 2 2 2 2 2 2 2 2
left_child=1 -1 5 -4 -5 7 -7 8 12 10 20 -12 19 -13 15 16 -14 -17 -19 -2 21 23 -23 24 -10 26 -25 -22 -24 -28
right_child=2 -3 3 4 -6 6 -8 -9 9 -11 11 13 14 -15 -16 17 -18 18 -20 -21 27 22 28 25 -26 -27 29 -29 -30 -31
leaf_value=0.077236653957515958 0.069535191757259543 0.0063171299675470402 -0.00098721353040787108 0.0013494749454206183 -0.034429420243974829 0.093207700271159405 0.0025408488118602913 -0.024628133887994383 0.020985329350142343 -0.010080548504240899 0.054179616246091307 0.03555805654549557 0.034230186476530172 0.0038119585556981852 -0.0047061868917308959 0.029675392482759334 -0.021241411699584739 0.043487352749798446 0.0055777020772956173 0.018960654567201092 -0.0022767988004359974 0.075579910807741374 0.025517031981403759 0.062390364547768098 0.0023197302449525152 -0.0098835711146209575 -0.0030920227400546294 -0.019550586281596529 -0.019633068634635386 0.010528620679413811
leaf_weight=20 27 51 768 170 196 20 49 73 252 854 53 72 35 332 583 154 170 50 763 93 2766 26 262 22 1768 1032 1373 225 34 384
leaf_count=20 27 51 768 170 196 20 49 73 252 854 53 72 35 332 583 154 170 50 763 93 2766 26 262 22 1768 1032 1373 225 34 384
internal_value=0 0.0262945 -0.000148097 -0.00641705 -0.0178108 0.000471586 0.0288211 0.000300042 0.000460656 -0.000451088 0.000505028 0.0146549 0.00505827 0.00946968 0.00332962 0.00732695 -0.0117707 0.0113756 0.00790917 0.0303399 -0.000288988 0.00161905 0.024792 7.45129e-05 0.00464831 -0.00321224 0.000657803 -0.00357623 0.0203309 -0.000115172
internal_weight=0 71 12606 1134 366 11472 69 11403 11330 9455 8601 457 1875 404 1755 1172 205 967 813 120 8144 5153 322 4831 2020 2811 1779 2991 296 1757
internal_count=12677 71 12606 1134 366 11472 69 11403 11330 9455 8601 457 1875 404 1755 1172 205 967 813 120 8144 5153 322 4831 2020 2811 1779 2991 296 1757
is_linear=0
shrinkage=0.5


Tree=11
num_leaves=31
num_cat=0
split_feature=26 21 31 22 20 3 34 31 34 26 21 14 32 11 20 31 9 34 7 14 0 23 22 20 28 7 11 20 20 23
split_gain=0.137799 0.315328 0.24768 0.222512 0.199381 0.169458 0.188489 0.142093 0.138413 0.142138 0.865347 0.291982 0.238072 0.286251 0.201362 0.218839 0.179546 0.277796 0.17719 0.175085 0.175581 0.173812 0.160978 0.2868 0.23234 0.250496 0.237752 0.196174 0.162269 0.1635
threshold=-3.2812499999999996 97.945301050000012 402.09350600000005 1885.8100000000002 2.2197200050000006 34.21479990000001 78.476146700000015 411.71850600000005 80.888851150000008 -0.093749999999999986 87.96089935000002 30997.500000000004 248.86099950000002 355.98389665000002 1.2763650400000002 332.65600600000005 33.480400100000004 73.079349500000021 79.070301050000012 30999.500000000004 97.468750000000014 272.55000300000006 1912.7450000000001 0.43261650200000007 84.42964935000002 85.226497650000013 368.99489825000006 2.1367149350000005 2.3583949800000004 251.05000300000003
decision_type=2 2 2 2 2 2 2 2 2 2 2 2 2 2 2 2 2 2 2 2 2 2 2 2 2 2 2 2 2 2
left_child=3 8 -3 -1 7 -5 -7 -4 9 10 -2 12 13 -11 -13 -16 -14 -18 -17 -12 -21 -19 24 -24 28 -26 -27 -28 -22 -30
right_child=1 2 4 5 -6 6 -8 -9 -10 11 19 14 16 -15 15 18 17 21 -20 20 22 -23 23 -25 25 26 27 -29 29 -31
leaf_value=0.052744997826476507 0.053514879501353092 -0.050559540227093455 0.019955764957811942 0.00047731334795738593 -0.054939531736359327 0.0081747174358947176 0.048668978929830096 -0.011160411500357442 -0.0077175317626730867 0.0056355955478336129 0.01166410624805969 -0.0075339649079718841 -0.019213658294013822 0.059029703942575944 -0.074249770672468005 0.011896231739748535 0.017470012098783627 -0.041132081913846458 -0.034318232932128011 0.036116497947231811 -0.00019116765907139388 0.015083781437715516 0.013347912966732827 -0.0061028071728756383 0.02554208085085621 0.0030721079978571794 0.015576733514140158 0.074892325885593886 -0.033595045312697927 -0.00012752765501823483
leaf_weight=26 78 43 43 419 23 91 42 250 542 357 348 224 188 27 25 28 116 44 80 34 5248 20 213 1719 144 2093 46 20 74 72
leaf_count=26 78 43 43 419 23 91 42 250 542 357 348 224 188 27 25 28 116 44 80 34 5248 20 213 1719 144 2093 46 20 74 72
internal_value=0 -0.000360308 -0.0149573 0.00754215 -0.0101127 0.00541303 0.0209624 -0.00659387 8.60574e-05 0.000463763 0.00105437 -0.00490919 0.000680754 0.00938987 -0.0166841 -0.0320948 -0.00840702 0.00287992 -0.0223367 0.000645624 0.000248808 -0.0235646 0.00012216 -0.0039584 0.00114641 0.00535057 0.00400384 0.0335512 -0.000648584 -0.0170905
internal_weight=0 12099 359 578 316 552 133 293 11740 11198 10089 1109 752 384 357 133 368 180 108 10011 9663 64 9629 1932 7697 2303 2159 66 5394 146
internal_count=12677 12099 359 578 316 552 133 293 11740 11198 10089 1109 752 384 357 133 368 180 108 10011 9663 64 9629 1932 7697 2303 2159 66 5394 146
is_linear=0
shrinkage=0.5


Tree=12
num_leaves=31
num_cat=0
split_feature=34 20 31 7 26 21 26 21 21 26 3 26 21 21 26 3 3 28 7 32 26 7 22 7 21 26 26 34 22 20
split_gain=0.135859 0.110975 0.294405 0.104475 0.224501 0.299171 0.413489 0.413322 0.198509 0.319649 0.17092 0.290449 0.314112 0.135606 0.147088 0.132495 0.216469 0.130114 0.406876 0.181771 0.171947 0.344119 0.167624 0.164475 0.155894 0.138165 0.131338 0.12273 0.13932 0.121733
threshold=67.301548000000011 2.7138650400000004 423.53100600000005 73.820247650000013 1.6562500000000002 84.99214935000002 0.78125000000000011 85.538997650000013 82.14839935000002 2.3437500000000004 28.917900100000004 0.90625000000000011 82.945301050000012 80.171848300000008 3.2187500000000004 31.417900100000004 29.128899550000003 80.788997650000013 80.038997650000013 236.45470085000002 0.40625000000000006 77.89839935000002 1551.3750000000002 80.17964935000002 86.58589935000002 -1.0937499999999998 -0.84374999999999989 75.619003300000017 1628.3100000000002 1.0068300350000003
decision_type=2 2 2 2 2 2 2 2 2 2 2 2 2 2 2 2 2 2 2 2 2 2 2 2 2 2 2 2 2 2
left_child=-1 3 -3 -2 5 10 7 -7 9 -6 -5 -12 -13 14 -11 16 -8 20 19 -19 21 -9 -20 26 -22 -25 -23 28 -14 -27
right_child=1 2 -4 4 8 6 15 17 -10 13 11 12 27 -15 -16 -17 -18 18 22 -21 24 23 -24 25 -26 29 -28 -29 -30 -31
leaf_value=-0.019805579906587385 0.016220947325986931 -0.020868303125358319 0.057447988024380593 -0.020565054926555602 0.036190769009408541 0.071947739808820188 -0.053540318770418788 0.043366371417909652 -0.044639641533092578 0.010863707478468617 0.084498397842980924 0.066905552646718353 0.049462767550721765 -0.042897957166479456 -0.040386390528597292 -0.062409815784063072 0.018332825612742455 0.073587666747612052 0.01444992282991734 0.021180184062522572 -0.0063842729688899239 0.035715520953420891 -0.00015470898331069037 0.0033792441861603744 -0.049213042148039676 -0.0202685427502729 -0.00423508541686431 -0.029110529074733632 -0.0012400658645977576 -0.059277108047778408
leaf_weight=86 99 21 28 20 32 20 22 36 49 42 20 26 20 42 21 31 20 21 200 78 42 22 11130 36 43 60 317 21 42 30
leaf_count=86 99 21 28 20 32 20 22 36 49 42 20 26 20 42 21 31 20 21 200 78 42 22 11130 36 43 60 317 21 42 30
internal_value=0 0.000135278 0.0238839 4.24948e-05 -8.62255e-05 0.000175401 -9.8627e-05 0.000128937 -0.0173268 -0.00755802 0.0224434 0.0291113 0.0189486 -0.020891 -0.00621966 -0.0376155 -0.019315 9.38863e-06 0.000381964 0.0322969 -0.00725711 -0.00372927 0.000103096 -0.00737538 -0.0280506 -0.0227998 -0.00164242 0.00392592 0.0151157 -0.0332714
internal_weight=0 12591 49 12542 12443 12257 12108 12035 186 137 149 129 109 105 63 73 42 12015 11429 99 586 501 11330 465 85 126 339 83 62 90
internal_count=12677 12591 49 12542 12443 12257 12108 12035 186 137 149 129 109 105 63 73 42 12015 11429 99 586 501 11330 465 85 126 339 83 62 90
is_linear=0
shrinkage=0.5


Tree=13
num_leaves=31
num_cat=0
split_feature=26 7 28 28 21 26 26 21 21 26 21 28 20 7 26 21 7 17 7 7 9 9 26 9 20 17 0 26 21 10
split_gain=0.0941524 0.230771 0.487105 0.214044 0.18147 0.362925 0.211144 0.351364 0.30867 0.416968 0.26738 0.242049 0.191498 0.187768 0.16963 0.157059 0.156123 0.152577 0.150684 0.145708 0.139165 0.129495 0.153607 0.125962 0.170888 0.219538 0.184472 0.146619 0.14233 0.222431
threshold=-1.9062499999999998 85.726497650000013 83.46089935000002 84.163997650000013 92.632801050000012 -1.2187499999999998 -1.4062499999999998 91.77339935000002 90.96089935000002 -0.90624999999999989 90.351497650000013 82.80464935000002 2.0956950200000004 83.99214935000002 -2.6562499999999996 90.101497650000013 83.351497650000013 743.43750000000011 82.882801050000012 84.882801050000012 32.15229990000001 31.636699650000004 -1.2187499999999998 30.949199650000004 0.69531199350000017 687.31250000000011 115.40599800000001 -0.21874999999999997 88.80464935000002 1.0615200400000002
decision_type=2 2 2 2 2 2 2 2 2 2 2 2 2 2 2 2 2 2 2 2 2 2 2 2 2 2 2 2 2 2
left_child=1 3 -3 14 6 -6 7 -2 9 11 23 15 21 -13 19 -8 -14 -4 -16 -1 -12 -10 -23 24 -11 26 -26 -27 -25 -30
right_child=4 2 17 -5 5 -7 8 -9 12 10 20 13 16 -15 18 -17 -18 -19 -20 -21 -22 22 -24 28 25 27 -28 -29 29 -31
leaf_value=0.063037760999231113 0.017032149326946876 -0.038734092558216721 -0.025285639849148299 0.026684438687187225 -0.0092334768142628247 0.053043768650240963 0.023682723077399714 0.00032391309882494958 -0.007785555651832309 -0.0034604173450053758 -0.011890176327677396 0.034934257973820451 -0.019711702606097486 0.011323192249956602 0.036441827165510726 -0.0040209224971476942 0.01868744121515192 0.00075897807329321828 0.0026818383206555644 0.01474922548094001 -0.04169602307004177 -0.012112584751305269 -0.036053975776649351 -0.00032645723907714425 0.0078357799332782942 0.0067646649904477595 0.033320219069530019 -0.020222444803803228 -0.0072663103019338041 -0.041109633437273176
leaf_weight=21 422 81 57 126 926 24 64 1237 711 498 136 138 36 216 34 255 100 4180 1186 61 55 199 101 825 168 153 123 75 414 55
leaf_count=21 422 81 57 126 926 24 64 1237 711 498 136 138 36 216 34 255 100 4180 1186 61 55 199 101 825 168 153 123 75 414 55
internal_value=0 0.00149655 -0.000325663 0.00700659 -0.00124069 -0.00766016 -0.000221042 0.00457399 -0.00206162 0.000478098 -0.00249366 0.0115261 -0.00909177 0.0205275 0.00510229 0.00153718 0.00852296 0.000408602 0.00362269 0.0271158 -0.020473 -0.0114613 -0.0201729 -0.0010077 0.00315617 0.00950503 0.0186076 -0.00211267 -0.00428022 -0.0112351
internal_weight=0 5746 4318 1428 6931 950 5981 1659 4322 3175 2502 673 1147 354 1302 319 136 4237 1220 82 191 1011 300 2311 1017 519 291 228 1294 469
internal_count=12677 5746 4318 1428 6931 950 5981 1659 4322 3175 2502 673 1147 354 1302 319 136 4237 1220 82 191 1011 300 2311 1017 519 291 228 1294 469
is_linear=0
shrinkage=0.5


Tree=14
num_leaves=31
num_cat=0
split_feature=5 28 7 7 26 26 1 11 34 17 9 7 7 28 17 19 32 1 34 9 11 31 7 34 14 7 3 32 17 23
split_gain=0.109511 0.0753354 0.19385 0.176797 0.280109 0.171092 0.155878 0.205726 0.293959 0.210558 0.236049 0.159102 0.144608 0.195473 0.171712 0.159916 0.153521 0.144099 0.201215 0.207849 0.162098 0.132081 0.128037 0.121712 0.129994 0.120251 0.119111 0.109486 0.197424 0.149426
threshold=1.0000000180025095e-35 85.538997650000013 88.320301050000012 90.288997650000013 -3.0312499999999996 -2.9062499999999996 1.0000000180025095e-35 363.39295045000006 76.380947100000014 821.18750000000011 29.558549900000003 89.195301050000012 86.445301050000012 85.08589935000002 761.81250000000011 -27.916666666666664 253.95469990000001 1.0000000180025095e-35 78.158649450000013 30.988200200000005 347.58095015000004 403.03100600000005 91.71089935000002 74.920551300000014 36008.500000000007 86.02339935000002 32.46479990000001 244.79849950000002 786.43750000000011 250.44999700000002
decision_type=2 2 2 2 2 2 2 2 2 2 2 2 2 2 2 2 2 2 2 2 2 2 2 2 2 2 2 2 2 2
left_child=-1 2 5 6 -5 -2 11 23 9 10 -9 -3 13 27 26 -14 25 20 21 -20 -4 -19 -6 -8 -25 -16 -15 28 29 -7
right_child=1 3 17 4 22 12 7 8 -10 -11 -12 -13 15 14 16 -17 -18 18 19 -21 -22 -23 -24 24 -26 -27 -28 -29 -30 -31
leaf_value=0.019581647184808593 0.014569158654573604 -0.0031142686416748421 -0.068676548807707155 0.0026782926095902109 -0.013087360415929413 -0.002191169731260937 -0.013177765746756146 0.01199639270749618 0.0023779925165487632 0.0023300928948447107 0.052070918600783563 0.012410825547671233 -0.0015324860887268726 0.020340574386581364 0.039958385699656665 -0.013756549354545851 -0.013148770774257303 -0.051946289001286707 0.057669568859802726 -0.0054631634702673182 -0.018912127501486489 -0.007679627826696055 -0.052771760764616454 0.0046553505525852952 0.045489956403062456 0.0070068952791519801 0.06523215510903603 -0.0031288939563482348 0.044304088689386845 0.0029884511079079565
leaf_weight=71 188 643 20 633 267 2553 93 54 155 50 115 222 753 45 37 415 70 22 22 32 90 72 22 271 21 110 22 2520 26 3063
leaf_count=71 188 643 20 633 267 2553 93 54 155 50 115 222 753 45 37 415 70 22 22 32 90 72 22 271 21 110 22 2520 26 3063
internal_value=0 -0.000110289 -0.000725198 0.0023194 -0.00321035 -0.000369111 0.00545883 0.0106883 0.0190403 0.0308332 0.039266 0.000870206 -0.000661226 5.98983e-05 0.0129551 -0.0058758 0.00612352 -0.0142537 -0.0040665 0.0202576 -0.0279602 -0.0180399 -0.0161083 0.00257495 0.00759209 0.0153008 0.0350811 -0.000388794 0.000835072 0.000633826
internal_weight=0 12606 10060 2546 922 9802 1624 759 374 219 169 865 9614 8446 284 1168 217 258 148 54 110 94 289 385 292 147 67 8162 5642 5616
internal_count=12677 12606 10060 2546 922 9802 1624 759 374 219 169 865 9614 8446 284 1168 217 258 148 54 110 94 289 385 292 147 67 8162 5642 5616
is_linear=0
shrinkage=0.5


Tree=15
num_leaves=31
num_cat=0
split_feature=9 10 20 20 26 3 9 10 20 23 21 28 21 36 26 14 32 3 26 32 17 36 3 14 16 28 22 10 34 0
split_gain=0.105282 0.273471 0.214771 0.317984 0.198274 0.236178 0.169785 0.149397 0.284737 0.161746 0.145067 0.176594 0.144786 0.14394 0.142942 0.18815 0.136284 0.146102 0.135967 0.120232 0.118815 0.146229 0.116718 0.159795 0.112525 0.111418 0.227626 0.157532 0.132782 0.125442
threshold=30.949199650000004 0.76269447800000012 0.64160150300000007 1.6874950500000001 -3.6562499999999996 33.699199700000008 33.300699250000001 0.27050750000000007 1.9062449950000002 245.55000300000003 95.820301050000012 86.538997650000013 98.77339935000002 0.56949999950000019 2.8437500000000004 24994.000000000004 245.70469990000001 25.046799700000005 -1.4062499999999998 244.12659970000001 688.81250000000011 0.72050002250000011 30.558549900000003 32000.500000000004 229.19999924999999 83.02339935000002 1813.0600000000002 0.55078101150000014 77.396747600000012 103.40599800000001
decision_type=2 2 2 2 2 2 2 2 2 2 2 2 2 2 2 2 2 2 2 2 2 2 2 2 2 2 2 2 2 2
left_child=16 4 -3 6 5 -2 -4 8 9 -6 20 -12 22 -9 15 -15 -1 -18 -10 -20 -8 -22 -5 -24 -17 -26 29 28 -28 -27
right_child=1 2 3 12 7 -7 10 13 18 -11 11 -13 -14 14 -16 24 17 -19 19 -21 21 -23 23 -25 25 26 27 -29 -30 -31
leaf_value=0.0033345507450262555 0.00046267538614895034 0.0042851526927420464 -0.0058823638329259763 -0.013838001565411961 -0.039997242319722716 0.074755259958328685 -0.029719920448163368 0.037813065789772997 -0.0015628320159008487 -0.010121552005166916 -0.052413041429724874 -0.013549887806099529 -0.034472816293903939 0.046325741501883989 -0.024990701051286365 0.024096686081195782 -0.022982230087061333 -0.0007259152832184984 0.0084483700700788648 0.053237887836013249 0.027480018584659167 -0.012377421164384618 -0.023256130865775049 0.011638779608128478 -0.0025420430885552112 0.048456356183371761 0.0007662620480901976 -0.0059803323082311963 0.016110658917862637 0.010051421901956275
leaf_weight=3802 23 464 792 68 53 20 96 28 78 312 57 60 24 24 49 56 76 2477 31 29 24 559 36 370 1103 22 509 606 195 634
leaf_count=3802 23 464 792 68 53 20 96 28 78 312 57 60 24 24 49 56 76 2477 31 29 24 559 36 370 1103 22 509 606 195 634
internal_value=0 -0.00144467 -0.00544425 -0.00760841 0.00125918 0.0350174 -0.0110655 0.000869902 -0.00714489 -0.0144597 -0.0162225 -0.0324832 0.00341525 0.00211957 0.00180706 0.00222405 0.00143717 -0.00138846 0.0122022 0.0300966 -0.0134206 -0.0107366 0.00533364 0.00854465 0.00188535 0.00148006 0.00373661 -7.0592e-05 0.00501649 0.0113394
internal_weight=0 6322 2550 2086 3772 43 1588 3729 503 365 796 117 498 3226 3198 3149 6355 2553 138 60 679 583 474 406 3125 3069 1966 1310 704 656
internal_count=12677 6322 2550 2086 3772 43 1588 3729 503 365 796 117 498 3226 3198 3149 6355 2553 138 60 679 583 474 406 3125 3069 1966 1310 704 656
is_linear=0
shrinkage=0.5


Tree=16
num_leaves=31
num_cat=0
split_feature=28 7 28 22 28 32 22 28 7 14 3 7 20 7 20 32 28 7 26 26 7 21 32 26 22 7 26 28 9 28
split_gain=0.0725273 0.228014 0.277644 0.217184 0.129317 0.155219 0.151271 0.150701 0.226888 0.135868 0.134725 0.111545 0.109791 0.100628 0.162868 0.158782 0.108034 0.128974 0.103511 0.101893 0.197632 0.135702 0.101473 0.097734 0.127683 0.12083 0.266932 0.185979 0.20116 0.134344
threshold=84.42964935000002 84.33589935000002 83.46089935000002 1607.3100000000002 82.42964935000002 242.23599950000002 1766.4350000000002 83.788997650000013 85.070301050000012 34997.500000000007 25.269499800000002 84.71089935000002 0.95312449350000017 85.99214935000002 2.0830050700000005 246.75159970000001 85.070301050000012 85.33589935000002 -0.78124999999999989 -1.4062499999999998 87.27339935000002 91.89839935000002 252.72034970000001 -1.4062499999999998 1667.9350000000002 82.570301050000012 -0.78124999999999989 82.80464935000002 31.105400100000004 82.101497650000013
decision_type=2 2 2 2 2 2 2 2 2 2 2 2 2 2 2 2 2 2 2 2 2 2 2 2 2 2 2 2 2 2
left_child=1 2 23 -2 11 7 -7 10 -9 -10 -6 -3 -11 14 15 -5 17 18 -17 21 -21 -15 -19 24 -1 29 27 28 -27 -25
right_child=3 4 -4 13 5 6 -8 8 9 12 -12 -13 -14 19 -16 16 -18 22 -20 20 -22 -23 -24 25 -26 26 -28 -29 -30 -31
leaf_value=0.010511368561190396 0.053456754400394858 -0.010929467180497287 0.011905512365039998 0.02305412826367851 0.023372573949884446 -0.0016673715600149959 -0.013773898796070069 0.056829457811545581 0.029094013033803396 0.0090689881781226798 -0.0055067240034094578 -0.057277160619075097 -0.0064352664268927844 0.025012501382693779 0.040436137262183952 0.011244201471355957 0.015125760672769198 -0.0052946257794802328 -0.016891945135564759 -0.020713798365757045 0.029815041925758123 0.00044904094468501668 -0.033765614845686139 -0.0020283599665967796 -9.468486833592598e-05 -0.0020278531816923834 -0.026441383643830297 0.0075969706211131425 -0.028618609730843812 0.0072703768061229872
leaf_weight=424 20 34 528 104 42 437 630 21 48 223 1050 21 234 57 34 202 123 203 39 122 23 4147 37 1791 858 225 147 253 104 496
leaf_count=424 20 34 528 104 42 437 630 21 48 223 1050 21 234 57 34 202 123 203 39 122 23 4147 37 1791 858 225 147 253 104 496
internal_value=0 -0.000982952 0.00108528 0.0014551 -0.00462576 -0.00413413 -0.00881556 -0.00104694 0.00590582 0.00378821 -0.00439598 -0.0286259 0.00113027 0.00125081 0.00663252 0.00500919 0.00190211 -0.00147941 0.00669105 0.000332616 -0.0126989 0.000782085 -0.0096839 -0.000243964 0.00341309 -0.00179845 -0.00740391 -0.00259548 -0.0104334 -1.16685e-05
internal_weight=0 7566 4826 5111 2740 2685 1067 1618 526 505 1092 55 457 5091 742 708 604 481 241 4349 145 4204 240 4298 1282 3016 729 582 329 2287
internal_count=12677 7566 4826 5111 2740 2685 1067 1618 526 505 1092 55 457 5091 742 708 604 481 241 4349 145 4204 240 4298 1282 3016 729 582 329 2287
is_linear=0
shrinkage=0.5


Tree=17
num_leaves=31
num_cat=0
split_feature=31 28 22 20 24 3 0 20 22 7 26 14 24 24 24 26 26 26 17 7 26 9 34 28 32 21 14 22 7 23
split_gain=0.0681409 0.301442 0.0675813 0.102823 0.11603 0.0892495 0.0639909 0.0858726 0.0636733 0.157207 0.149599 0.113062 0.109276 0.180955 0.109927 0.108896 0.19541 0.130644 0.122288 0.110205 0.0950432 0.0892246 0.0877492 0.122931 0.0928882 0.0832331 0.0760511 0.0764614 0.100659 0.0898743
threshold=463.96850600000005 88.55464935000002 2212.1250000000005 1.2587800050000002 69.921848300000008 33.30854990000001 127.15599800000001 2.3583949800000004 1942.4350000000002 89.195301050000012 -2.9062499999999996 34999.500000000007 61.609350200000009 63.109350200000009 60.140600200000009 -2.7812499999999996 -2.4687499999999996 -2.9062499999999996 832.56250000000011 89.570301050000012 -3.0312499999999996 32.355400100000004 73.904750800000002 84.538997650000013 247.12659970000001 96.820301050000012 35004.500000000007 2089.4951200000005 91.99214935000002 248.65000150000003
decision_type=2 2 2 2 2 2 2 2 2 2 2 2 2 2 2 2 2 2 2 2 2 2 2 2 2 2 2 2 2 2
left_child=1 2 6 5 -5 -4 8 -8 10 11 12 21 14 20 -1 17 19 26 -18 -17 -14 -10 23 -23 -24 -12 -11 28 29 -28
right_child=-2 -3 3 4 -6 -7 7 -9 9 15 25 -13 13 -15 -16 16 18 -19 -20 -21 -22 22 24 -25 -26 -27 27 -29 -30 -31
leaf_value=0.024066762628287754 -0.021425865964989202 0.06139839394018054 -0.012889179230491021 -0.0054594177447143009 -0.05021314337500371 0.018043143480705719 0.0048330083729799939 -0.024302999300953861 -0.010374205452992566 0.022167209819412958 -1.3999154740775251e-05 -0.01532057575297667 0.018655379900751126 0.0075843301063471015 -0.017862817248829675 0.05372122297083716 0.01978181846524504 -0.020687109660502755 -0.025704616411692565 0.015834708257678923 0.056057310942560432 -0.03917939230715009 0.032060842572139918 0.0033912019142597863 0.0019201180247826594 -0.022590626457070068 -0.010904903421583262 -0.010753136191761504 0.032224010693392265 0.005529434240694779
leaf_weight=22 37 20 58 30 28 39 925 26 199 39 9523 335 33 178 54 23 22 80 45 116 35 22 44 74 61 41 118 141 27 282
leaf_count=22 37 20 58 30 28 39 925 26 199 39 9523 335 33 178 54 23 22 80 45 116 35 22 44 74 61 41 118 141 27 282
internal_value=0 6.27181e-05 -3.44858e-05 -0.0104106 -0.0270647 -0.000452472 9.45391e-05 0.00403644 -0.000231043 -0.00312851 0.000246105 -0.00854429 0.0108463 0.015966 -0.00572531 0.00132904 0.0114122 -0.00169442 -0.0107688 0.0221037 0.0379064 -0.00286915 0.00456123 -0.00636456 0.0145505 -0.000110783 0.00080873 -0.000657785 0.00267581 0.000681305
internal_weight=0 12640 12620 155 58 97 12465 951 11514 1628 9886 735 322 246 76 893 206 687 67 139 68 400 201 96 105 9564 607 568 427 400
internal_count=12677 12640 12620 155 58 97 12465 951 11514 1628 9886 735 322 246 76 893 206 687 67 139 68 400 201 96 105 9564 607 568 427 400
is_linear=0
shrinkage=0.5


Tree=18
num_leaves=31
num_cat=0
split_feature=19 11 34 22 3 14 36 3 34 19 19 3 10 28 7 20 26 21 20 10 14 7 23 26 24 1 17 28 3 22
split_gain=0.0505992 0.280656 0.174433 0.17333 0.167412 0.16665 0.146521 0.113446 0.0930487 0.086671 0.0860319 0.0692555 0.0707767 0.0663237 0.114867 0.190064 0.144674 0.199067 0.159777 0.116494 0.110984 0.110665 0.182584 0.123902 0.122679 0.10727 0.204244 0.336089 0.216476 0.161785
threshold=-34.138889305555551 349.83980025000005 75.872951500000013 1780.9350000000002 32.566400550000004 32003.500000000004 0.72939997900000009 32.800699250000001 81.333248150000017 -34.805555361111111 -34.805555361111111 46.210899350000012 0.7958979905000001 83.92964935000002 79.61714935000002 2.1913999300000007 -0.34374999999999994 89.27339935000002 2.3583949800000004 0.28515599700000005 33002.500000000007 85.038997650000013 247.84999850000003 -1.0937499999999998 58.546850200000009 1.0000000180025095e-35 771.68750000000011 84.632801050000012 31.535100000000003 1894.6850000000002
decision_type=2 2 2 2 2 2 2 2 2 2 2 2 2 2 2 2 2 2 2 2 2 2 2 2 2 2 2 2 2 2
left_child=1 2 3 -1 6 -4 -3 -5 11 -6 -8 -7 -13 14 15 19 17 20 -18 -2 -16 22 -15 -24 -23 -26 27 29 -28 -27
right_child=13 4 5 7 9 8 10 -9 -10 -11 -12 12 -14 21 16 -17 18 -19 -20 -21 -22 24 23 -25 25 26 28 -29 -30 -31
leaf_value=-0.0047467268141314026 -0.010023689633797614 -0.026121474336832762 0.029800663428001205 -0.0049047528998926284 0.06352961146890615 0.0063414828240427705 0.027547916421166586 -0.051871676432913065 -0.0094387000552636421 0.024929441652740494 0.0025679952970070492 -0.02105208645904592 0.013750338633101256 0.040857946392957513 0.0097427224035610289 0.048711740978710026 -0.0086551799341352195 -0.002507308385589966 -0.054177633067592976 0.0057403957142826345 0.048199013052951725 -0.0082465090405406793 0.013493701929029944 -0.0019119269664733024 -0.0015164702462345237 0.0065046243995162678 0.0058804436420639246 0.022252990388885129 -0.004624749192063982 -0.016369930343422483
leaf_weight=294 147 23 57 20 26 552 81 36 149 33 60 48 21 38 176 23 532 3390 20 578 21 413 236 292 2725 293 924 319 1045 105
leaf_count=294 147 23 57 20 26 552 81 36 149 33 60 48 21 38 176 23 532 3390 20 578 21 413 236 292 2725 293 924 319 1045 105
internal_value=0 0.00283509 -0.000246377 -0.00960289 0.0190991 0.00371345 0.0108821 -0.0350978 0.00178232 0.0419397 0.0169182 0.00447465 -0.01046 -0.000351966 -0.00173852 0.00396369 -0.00276902 -0.00160939 -0.0103045 0.00254409 0.0138421 0.000708455 0.0073831 0.00497392 5.9786e-05 0.000693772 0.00293611 0.0101614 0.000305062 0.00046988
internal_weight=0 1400 1177 350 223 827 164 56 770 59 141 621 69 11277 4887 748 4139 3587 552 725 197 6390 566 528 5824 5411 2686 717 1969 398
internal_count=12677 1400 1177 350 223 827 164 56 770 59 141 621 69 11277 4887 748 4139 3587 552 725 197 6390 566 528 5824 5411 2686 717 1969 398
is_linear=0
shrinkage=0.5


Tree=19
num_leaves=31
num_cat=0
split_feature=3 1 34 26 34 26 9 9 14 0 28 7 26 36 24 28 20 10 26 17 20 3 11 34 11 11 23 34 3 28
split_gain=0.0643494 0.10921 0.162271 0.0858044 0.0848487 0.0746071 0.0720449 0.113264 0.121856 0.106031 0.0867433 0.139131 0.164976 0.134874 0.169432 0.104916 0.113588 0.101501 0.145922 0.0950841 0.123287 0.093532 0.120833 0.0870784 0.241032 0.122044 0.103934 0.0809755 0.0970474 0.10001
threshold=27.097600000000003 1.0000000180025095e-35 79.745952600000024 -3.9062499999999996 79.809452050000019 -1.5312499999999998 30.949199650000004 26.863200200000005 30998.500000000004 99.656250000000014 81.46089935000002 80.882801050000012 -1.0312499999999998 0.72150000950000004 56.015600200000009 80.99214935000002 0.40917950900000005 0.65136650200000001 0.96875000000000011 696.81250000000011 0.99804502950000007 33.222600950000007 353.00219955000006 75.999950400000003 347.58095015000004 362.12800065000005 273.05000300000006 73.142848950000015 31.175700200000005 79.007801050000012
decision_type=2 2 2 2 2 2 2 2 2 2 2 2 2 2 2 2 2 2 2 2 2 2 2 2 2 2 2 2 2 2
left_child=1 4 5 -2 -1 -3 7 8 -5 -8 11 12 -11 14 15 16 -14 19 -19 20 -12 -22 -23 24 -21 -26 -27 -18 -29 -30
right_child=3 2 -4 6 -6 -7 9 -9 -10 10 17 -13 13 -15 -16 -17 27 18 -20 23 21 22 -24 -25 25 26 -28 28 29 -31
leaf_value=-0.0050749182903261046 0.027161393694890044 0.00351906682816296 0.036644766505970996 0.033620678142390469 -0.021346216673408164 -0.0059445713985287326 0.023979914554687173 0.003023148246581786 -0.0040433326634980917 0.037287689209915695 -0.0027787409009761175 -0.019200428524336358 0.012147222671956115 0.019090798681385683 -0.036418830076317216 0.013591911516010037 0.00041527176148924302 -0.0018473089846889868 -0.036337831147736116 -0.047074241724250648 0.00045768646874798916 0.010958968746577534 0.040795341823608257 0.0043588537980091373 -0.0058201665538412375 0.0069611815621278481 -0.021704242057988748 0.013150332804070786 -0.053434562811162323 -0.016175284352377365
leaf_weight=803 30 535 31 22 89 341 43 3863 900 25 110 157 64 56 44 72 108 2849 31 29 53 71 65 1002 572 452 34 25 20 181
leaf_count=803 30 535 31 22 89 341 43 3863 900 25 110 157 64 56 44 72 108 2849 31 29 53 71 65 1002 572 452 34 25 20 181
internal_value=0 -0.00277009 0.00109326 0.000458116 -0.0066984 -0.000164838 0.000384268 0.00183471 -0.00314463 -0.000760438 -0.000937155 -0.00596062 -0.0024671 -0.00421073 -0.00674941 -0.00397185 -0.00714922 -0.000220061 -0.00221856 0.00219019 0.0105297 0.0182754 0.025219 0.00099655 -0.00210283 -0.000870156 0.00495578 -0.0108467 -0.0162286 -0.0198827
internal_weight=0 1799 907 10878 892 876 10848 4785 922 6063 6020 752 595 570 514 470 398 5268 2880 2388 299 189 136 2089 1087 1058 486 334 226 201
internal_count=12677 1799 907 10878 892 876 10848 4785 922 6063 6020 752 595 570 514 470 398 5268 2880 2388 299 189 136 2089 1087 1058 486 334 226 201
is_linear=0
shrinkage=0.5


end of trees

feature_importances:
Column_26=122
Column_21=84
Column_7=56
Column_20=47
Column_34=42
Column_28=33
Column_3=32
Column_22=22
Column_9=21
Column_24=17
Column_1=16
Column_11=15
Column_10=14
Column_14=13
Column_17=12
Column_32=12
Column_0=9
Column_23=8
Column_31=8
Column_19=6
Column_36=5
Column_16=4
Column_5=2

parameters:
[boosting: gbdt]
[objective: regression]
[metric: rmse,l2]
[tree_learner: serial]
[device_type: cpu]
[data: ]
[valid: ]
[num_iterations: 20]
[learning_rate: 0.5]
[num_leaves: 31]
[num_threads: -1]
[deterministic: 0]
[force_col_wise: 0]
[force_row_wise: 0]
[histogram_pool_size: -1]
[max_depth: 20]
[min_data_in_leaf: 20]
[min_sum_hessian_in_leaf: 0.001]
[bagging_fraction: 1]
[pos_bagging_fraction: 1]
[neg_bagging_fraction: 1]
[bagging_freq: 0]
[bagging_seed: 3]
[feature_fraction: 1]
[feature_fraction_bynode: 1]
[feature_fraction_seed: 2]
[extra_trees: 0]
[extra_seed: 6]
[early_stopping_round: 1000]
[first_metric_only: 0]
[max_delta_step: 0]
[lambda_l1: 0]
[lambda_l2: 0]
[linear_lambda: 0]
[min_gain_to_split: 0]
[drop_rate: 0.1]
[max_drop: 50]
[skip_drop: 0.5]
[xgboost_dart_mode: 0]
[uniform_drop: 0]
[drop_seed: 4]
[top_rate: 0.2]
[other_rate: 0.1]
[min_data_per_group: 100]
[max_cat_threshold: 32]
[cat_l2: 10]
[cat_smooth: 10]
[max_cat_to_onehot: 4]
[top_k: 20]
[monotone_constraints: ]
[monotone_constraints_method: basic]
[monotone_penalty: 0]
[feature_contri: ]
[forcedsplits_filename: ]
[refit_decay_rate: 0.9]
[cegb_tradeoff: 1]
[cegb_penalty_split: 0]
[cegb_penalty_feature_lazy: ]
[cegb_penalty_feature_coupled: ]
[path_smooth: 0]
[interaction_constraints: ]
[verbosity: -1]
[saved_feature_importance_type: 0]
[linear_tree: 0]
[max_bin: 255]
[max_bin_by_feature: ]
[min_data_in_bin: 3]
[bin_construct_sample_cnt: 200000]
[data_random_seed: 1]
[is_enable_sparse: 1]
[enable_bundle: 1]
[use_missing: 1]
[zero_as_missing: 0]
[feature_pre_filter: 1]
[pre_partition: 0]
[two_round: 0]
[header: 0]
[label_column: ]
[weight_column: ]
[group_column: ]
[ignore_column: ]
[categorical_feature: ]
[forcedbins_filename: ]
[precise_float_parser: 0]
[objective_seed: 5]
[num_class: 1]
[is_unbalance: 0]
[scale_pos_weight: 1]
[sigmoid: 1]
[boost_from_average: 1]
[reg_sqrt: 0]
[alpha: 0.9]
[fair_c: 1]
[poisson_max_delta_step: 0.7]
[tweedie_variance_power: 1.5]
[lambdarank_truncation_level: 30]
[lambdarank_norm: 1]
[label_gain: ]
[eval_at: ]
[multi_error_top_k: 1]
[auc_mu_weights: ]
[num_machines: 1]
[local_listen_port: 12400]
[time_out: 120]
[machine_list_filename: ]
[machines: ]
[gpu_platform_id: -1]
[gpu_device_id: -1]
[gpu_use_dp: 0]
[num_gpu: 1]

end of parameters

pandas_categorical:null
