tree
version=v3
num_class=1
num_tree_per_iteration=1
label_index=0
max_feature_idx=41
objective=regression
feature_names=Column_0 Column_1 Column_2 Column_3 Column_4 Column_5 Column_6 Column_7 Column_8 Column_9 Column_10 Column_11 Column_12 Column_13 Column_14 Column_15 Column_16 Column_17 Column_18 Column_19 Column_20 Column_21 Column_22 Column_23 Column_24 Column_25 Column_26 Column_27 Column_28 Column_29 Column_30 Column_31 Column_32 Column_33 Column_34 Column_35 Column_36 Column_37 Column_38 Column_39 Column_40 Column_41
feature_infos=[0:1] [0:1] [0:1] [0:1] [0:1] [0:94.629997299999999] [0:1] [0:1] none [0:1] [0:1.8550000200000001] [0:1] [273.14999999999998:1041.1500000000001] none none [-473:41051] [223.64999999999998:372.14999999999998] [0:1] [0:768] [0:1] [0:1] [0:1] none none [0:12288] [0:1] [0:1] [0:1] [0:1] [0:1] [0:127.129997] [0:163800] [-64:96.75] [0:1] none none [0:1016] [0:1] [0:0.99900001299999996] [0:1] [0:1] [0:1]
tree_sizes=2809 2804

Tree=0
num_leaves=31
num_cat=0
split_feature=18 18 5 18 32 12 30 25 2 1 10 41 9 7 36 1 39 41 40 28 1 1 17 17 36 36 40 1 33 10
split_gain=1.30387e+06 758171 270816 360985 84508.1 64421.4 85145.6 19352.5 21404.7 7047.98 6130.89 8071.43 3159.75 1556.14 3797.28 2111.08 3387.57 1260.41 2879.67 1207.48 7870.9 1615.63 7559.39 4124.67 1879.84 1154.74 1120.86 1381 1094.3 901.049
threshold=277.50000000000006 762.00000000000011 24.754999200000004 364.50000000000006 1.9350000050000002 322.65000000000003 53.005001100000008 1.0000000180025095e-35 1.0000000180025095e-35 1.0000000180025095e-35 0.24049999600000002 1.0000000180025095e-35 1.0000000180025095e-35 1.0000000180025095e-35 48.895000450000005 1.0000000180025095e-35 1.0000000180025095e-35 1.0000000180025095e-35 1.0000000180025095e-35 1.0000000180025095e-35 1.0000000180025095e-35 1.0000000180025095e-35 1.0000000180025095e-35 1.0000000180025095e-35 46.769998550000004 53.985000600000006 1.0000000180025095e-35 1.0000000180025095e-35 1.0000000180025095e-35 0.52949997750000011
decision_type=2 2 2 2 2 2 2 2 2 2 2 2 2 2 2 2 2 2 2 2 2 2 2 2 2 2 2 2 2 2
left_child=4 2 3 -2 -1 -5 -7 8 10 -9 11 12 26 17 15 -15 -17 -12 19 21 -21 22 -19 24 -23 -20 -4 -28 -10 -26
right_child=1 -3 7 5 -6 6 -8 9 28 -11 13 -13 -14 14 -16 16 -18 18 25 20 -22 23 -24 -25 29 -27 27 -29 -30 -31
leaf_value=-50.744012375820596 -16.464845543337116 95.425037275000363 0.18655205524260748 65.743488356447315 -91.486868288161119 59.008368405800148 17.77373007968977 -2.0087188311231809 -3.5462399330655914 2.7843945800174219 1.1078402336180082 -1.3918184325007812 -2.8622555075669034 0.16232124318713334 0.68878380084760149 -0.29577004330682355 -2.7926589749370168 1.7884235355001947 -1.8324502139279395 -1.6543653684490438 1.727094822481847 0.88116789577123733 -1.659686365987999 1.8822332691349355 -0.20935235578864272 -0.21027399979438202 0.42279769775447718 2.3322373210525367 -2.2286480722358641 -1.4433906773499989
leaf_weight=20 36 21 885 24 35 21 31 85 348 785 715 1424 74 371 885 313 240 901 160 355 334 276 193 321 383 349 232 160 288 241
leaf_count=20 36 21 885 24 35 21 31 85 348 785 715 1424 74 371 885 313 240 901 160 355 334 276 193 321 383 349 232 160 288 241
internal_value=0.111974 0.516058 0.324966 24.7792 -76.6713 44.3159 34.4262 0.0595197 -0.148273 2.3161 0.0539104 -0.561229 0.31424 0.336669 -0.0514203 -0.760382 -1.37941 0.502717 0.379557 0.565899 -0.015167 0.738838 1.18012 0.343456 -0.205374 -0.720192 0.498313 1.20216 -2.94959 -0.68596
internal_weight=0 10451 10430 112 55 76 52 10318 9448 870 8812 2775 1351 6037 1809 924 553 4228 3513 3004 689 2315 1094 1221 900 509 1277 392 636 624
internal_count=10506 10451 10430 112 55 76 52 10318 9448 870 8812 2775 1351 6037 1809 924 553 4228 3513 3004 689 2315 1094 1221 900 509 1277 392 636 624
is_linear=0
shrinkage=1


Tree=1
num_leaves=31
num_cat=0
split_feature=18 18 24 5 24 15 18 25 2 10 41 1 18 33 31 1 28 5 5 10 1 18 5 11 9 10 16 12 39 41
split_gain=423642 189648 52841.2 261152 51337.2 21719.5 15229.4 4875.73 5362.82 1919.08 1827.52 1674.9 725.838 893.771 823.253 880.748 1117.11 896.262 773.46 657.846 600.056 574.737 728.388 554.111 553.276 470.414 446.628 442.022 497.575 361.619
threshold=1.0000000180025095e-35 762.00000000000011 856.00000000000011 17.314999600000004 728.00000000000011 663.50000000000011 550.50000000000011 1.0000000180025095e-35 1.0000000180025095e-35 0.21049999400000002 1.0000000180025095e-35 1.0000000180025095e-35 649.0499880000001 1.0000000180025095e-35 133457.45300000004 1.0000000180025095e-35 1.0000000180025095e-35 89.639999400000008 88.610000600000021 0.67050001050000019 1.0000000180025095e-35 613.0499880000001 84.639999400000008 1.0000000180025095e-35 1.0000000180025095e-35 0.45649999350000009 248.92000045 367.83999865000004 1.0000000180025095e-35 1.0000000180025095e-35
decision_type=2 2 2 2 2 2 2 2 2 2 2 2 2 2 2 2 2 2 2 2 2 2 2 2 2 2 2 2 2 2
left_child=-1 2 3 4 -2 -4 -7 8 9 10 23 -9 18 14 15 16 -14 -17 21 29 -16 22 24 -8 -11 -13 -20 28 -12 -19
right_child=1 -3 5 -5 -6 6 7 11 -10 12 27 25 13 -15 20 17 -18 19 26 -21 -22 -23 -24 -25 -26 -27 -28 -29 -30 -31
leaf_value=-53.407531093906712 -16.996877369127777 47.656529381161647 15.330098991808685 52.52688455581665 9.5443854331970215 -13.503088245789209 0.4163959102349819 -1.0383235192289804 -1.5307843687375948 0.14528936867295586 -1.085340961909447 0.85031877008517964 1.0812787478359847 1.1456112684110442 -0.52876564453617902 0.63716561838823027 -0.49934808821417392 -0.64820151435784423 -0.45678461342604393 -2.0558693596663384 0.21516792470437293 0.18663707725204362 -0.54632352289111652 -0.29534850961441711 2.2894613605898781 1.6455375800329204 -1.9374072833050942 -1.063935476634073 0.086534365252764131 0.26734742169667569
leaf_weight=37 38 21 23 28 35 21 519 82 636 161 156 304 650 277 512 398 135 208 418 52 576 2156 666 578 37 479 58 805 216 224
leaf_count=37 38 21 23 28 35 21 519 82 636 161 156 304 650 277 512 398 135 208 418 52 576 2156 666 578 37 479 58 805 216 224
internal_value=0 0.188755 0.0933472 11.4745 -4.27161 -0.0177475 -0.0519397 -0.024523 -0.128653 -0.0273402 -0.422908 1.11164 0.110454 0.289482 0.203403 0.424215 0.809451 0.0813454 -0.0448129 -0.375713 -0.134918 0.0485562 -0.296007 0.0413838 0.545968 1.33679 -0.637197 -0.855641 -0.404897 -0.173472
internal_weight=0 10469 10448 101 73 10347 10324 10303 9438 8802 2274 865 6528 3032 2755 1667 785 882 3496 484 1088 3020 864 1097 198 783 476 1177 372 432
internal_count=10506 10469 10448 101 73 10347 10324 10303 9438 8802 2274 865 6528 3032 2755 1667 785 882 3496 484 1088 3020 864 1097 198 783 476 1177 372 432
is_linear=0
shrinkage=0.5


end of trees

feature_importances:
Column_1=8
Column_18=8
Column_5=5
Column_10=5
Column_41=4
Column_36=3
Column_2=2
Column_9=2
Column_12=2
Column_17=2
Column_24=2
Column_25=2
Column_28=2
Column_33=2
Column_39=2
Column_40=2
Column_7=1
Column_11=1
Column_15=1
Column_16=1
Column_30=1
Column_31=1
Column_32=1

parameters:
[boosting: gbdt]
[objective: regression]
[metric: rmse,l2]
[tree_learner: serial]
[device_type: cpu]
[data: ]
[valid: ]
[num_iterations: 20]
[learning_rate: 0.5]
[num_leaves: 31]
[num_threads: -1]
[deterministic: 0]
[force_col_wise: 0]
[force_row_wise: 0]
[histogram_pool_size: -1]
[max_depth: 20]
[min_data_in_leaf: 20]
[min_sum_hessian_in_leaf: 0.001]
[bagging_fraction: 1]
[pos_bagging_fraction: 1]
[neg_bagging_fraction: 1]
[bagging_freq: 0]
[bagging_seed: 3]
[feature_fraction: 1]
[feature_fraction_bynode: 1]
[feature_fraction_seed: 2]
[extra_trees: 0]
[extra_seed: 6]
[early_stopping_round: 1000]
[first_metric_only: 0]
[max_delta_step: 0]
[lambda_l1: 0]
[lambda_l2: 0]
[linear_lambda: 0]
[min_gain_to_split: 0]
[drop_rate: 0.1]
[max_drop: 50]
[skip_drop: 0.5]
[xgboost_dart_mode: 0]
[uniform_drop: 0]
[drop_seed: 4]
[top_rate: 0.2]
[other_rate: 0.1]
[min_data_per_group: 100]
[max_cat_threshold: 32]
[cat_l2: 10]
[cat_smooth: 10]
[max_cat_to_onehot: 4]
[top_k: 20]
[monotone_constraints: ]
[monotone_constraints_method: basic]
[monotone_penalty: 0]
[feature_contri: ]
[forcedsplits_filename: ]
[refit_decay_rate: 0.9]
[cegb_tradeoff: 1]
[cegb_penalty_split: 0]
[cegb_penalty_feature_lazy: ]
[cegb_penalty_feature_coupled: ]
[path_smooth: 0]
[interaction_constraints: ]
[verbosity: -1]
[saved_feature_importance_type: 0]
[linear_tree: 0]
[max_bin: 255]
[max_bin_by_feature: ]
[min_data_in_bin: 3]
[bin_construct_sample_cnt: 200000]
[data_random_seed: 1]
[is_enable_sparse: 1]
[enable_bundle: 1]
[use_missing: 1]
[zero_as_missing: 0]
[feature_pre_filter: 1]
[pre_partition: 0]
[two_round: 0]
[header: 0]
[label_column: ]
[weight_column: ]
[group_column: ]
[ignore_column: ]
[categorical_feature: ]
[forcedbins_filename: ]
[precise_float_parser: 0]
[objective_seed: 5]
[num_class: 1]
[is_unbalance: 0]
[scale_pos_weight: 1]
[sigmoid: 1]
[boost_from_average: 1]
[reg_sqrt: 0]
[alpha: 0.9]
[fair_c: 1]
[poisson_max_delta_step: 0.7]
[tweedie_variance_power: 1.5]
[lambdarank_truncation_level: 30]
[lambdarank_norm: 1]
[label_gain: ]
[eval_at: ]
[multi_error_top_k: 1]
[auc_mu_weights: ]
[num_machines: 1]
[local_listen_port: 12400]
[time_out: 120]
[machine_list_filename: ]
[machines: ]
[gpu_platform_id: -1]
[gpu_device_id: -1]
[gpu_use_dp: 0]
[num_gpu: 1]

end of parameters

pandas_categorical:null
