tree
version=v3
num_class=1
num_tree_per_iteration=1
label_index=0
max_feature_idx=38
objective=regression
feature_names=Column_0 Column_1 Column_2 Column_3 Column_4 Column_5 Column_6 Column_7 Column_8 Column_9 Column_10 Column_11 Column_12 Column_13 Column_14 Column_15 Column_16 Column_17 Column_18 Column_19 Column_20 Column_21 Column_22 Column_23 Column_24 Column_25 Column_26 Column_27 Column_28 Column_29 Column_30 Column_31 Column_32 Column_33 Column_34 Column_35 Column_36 Column_37 Column_38
feature_infos=[0:154] [0:1] none [0:62.953098300000001] none [0:1] none [64.781196600000001:94.6875] [0:1] [0:58.828098300000001] [0:4.0039000500000004] [332.71769939999996:375.18399699999998] none none [17997:39005] none [224.35000079999998:274.75000001999996] [497.625:918.875] [0:1] [-39.611112833333337:223.24444222222223] [0.0410160013:3.4316399099999999] [0:102.875] [1035.75:2512.5] [0:306.39999399999999] [43.3125:72.406196600000001] [0:1] [-4:6.6875] none [75.781196600000001:89.5] [0:1] none [0:475.875] [223.16570129999997:273.93124999999998] none [64.158698999999999:87.460296600000007] none [0.555999994:0.79299998299999996] none none
tree_sizes=2832 2843 2843 2858

Tree=0
num_leaves=31
num_cat=0
split_feature=20 1 34 21 1 3 20 0 26 34 3 10 14 20 34 0 16 20 22 34 7 3 23 9 34 10 10 24 20 10
split_gain=3.7378 2.26712 1.72395 0.856209 0.682266 0.944476 0.746404 1.34831 0.624095 0.760163 0.462102 0.431935 0.373533 0.284436 0.398175 0.27988 0.24184 0.204972 0.356297 0.404239 0.427244 0.176301 0.160517 0.139466 0.121567 0.149277 0.13483 0.136227 0.115506 0.112144
threshold=2.1679649350000005 1.0000000180025095e-35 75.047550200000003 93.663997650000013 1.0000000180025095e-35 29.808549900000003 0.93554651750000006 101.53099800000001 -2.2187499999999996 72.507846850000007 31.949199650000004 0.71972599650000013 35994.500000000007 2.0644450200000004 75.174549100000021 116.96849800000001 238.60000075000002 0.51562449350000017 1758.1850000000002 74.730152150000023 87.538997650000013 34.21479990000001 254.94999700000002 34.035100950000007 71.999950400000003 0.69960898150000006 0.89257749900000005 59.734350200000009 1.5624950500000001 0.9892575145000001
decision_type=2 2 2 2 2 2 2 2 2 2 2 2 2 2 2 2 2 2 2 2 2 2 2 2 2 2 2 2 2 2
left_child=4 -2 3 16 5 28 8 -8 9 11 -6 -7 21 -12 -15 -5 -3 -11 -19 20 -20 -13 -22 -17 25 -10 27 -27 -1 -18
right_child=1 2 -4 15 10 6 7 -9 24 17 13 12 -14 14 -16 23 29 18 19 -21 22 -23 -24 -25 -26 26 -28 -29 -30 -31
leaf_value=-0.00034823616411423412 -0.0094038750458045762 -0.10216939156006152 -0.0023402559525216569 -0.076173623754955469 0.0024657224355340286 0.018571440833290816 0.11688240765833859 0.0022399157292185353 0.0089939264156561911 0.012862156424763911 -0.0055668511518155318 0.12651236645381134 0.048590107625508527 -0.079892800061161826 0.00024568464551353415 -0.15098305491733463 -0.039248750837710733 0.090488829589573203 0.0020217019338494239 0.0034855551402866482 0.10726885765843845 0.067962613680971756 0.049926128540812513 -0.10996469039107369 0.0069889691794386526 0.029141548714077203 0.017642043473090188 0.0740548378585133 -0.0089207864807226214 -0.07248687781289033
leaf_weight=1571 439 26 87 32 3267 45 26 1890 250 320 2673 36 59 31 31 43 86 24 27 94 26 20 23 40 735 52 139 25 524 36
leaf_count=1571 439 26 87 32 3267 45 26 1890 250 320 2673 36 59 31 31 43 86 24 27 94 26 20 23 40 735 52 139 25 524 36
internal_value=-9.21732e-06 -0.0333354 -0.0633524 -0.0835351 0.00220262 0.00602761 0.010736 0.00379561 0.0178281 0.030005 -0.00154844 0.0601014 0.0763523 -0.00634342 -0.0398236 -0.115899 -0.0583873 0.0206365 0.0334601 0.0254089 0.0525247 0.105602 0.0803529 -0.131215 0.0109945 0.0173121 0.0269397 0.0437238 -0.0024924 -0.0490567
internal_weight=0 789 350 263 11888 5886 3791 1916 1875 674 6002 160 115 2735 62 115 148 514 194 170 76 56 49 83 1201 466 216 77 2095 122
internal_count=12677 789 350 263 11888 5886 3791 1916 1875 674 6002 160 115 2735 62 115 148 514 194 170 76 56 49 83 1201 466 216 77 2095 122
is_linear=0
shrinkage=1


Tree=1
num_leaves=31
num_cat=0
split_feature=20 1 22 11 1 9 9 24 20 20 10 26 0 34 3 20 34 31 16 34 20 3 3 11 34 11 24 34 20 26
split_gain=1.06359 0.597185 0.369529 0.265318 0.176099 0.436631 0.814896 1.33916 0.327708 0.31558 0.296002 0.308013 0.252111 0.239396 0.207198 0.204776 0.43685 0.221177 0.156214 0.150975 0.130018 0.121678 0.119644 0.098675 0.094462 0.149465 0.154473 0.102648 0.118993 0.109306
threshold=2.3173799500000007 1.0000000180025095e-35 1739.9350000000002 369.17560045000005 1.0000000180025095e-35 30.574199650000004 30.667900100000004 60.296850200000009 0.93554651750000006 0.39257749900000005 0.63769447800000012 -2.4062499999999996 101.53099800000001 73.333248150000017 29.550700200000005 1.9892550100000002 74.857051850000019 363.53100600000005 243.99999940000001 74.793602000000007 2.2538999300000007 31.996049900000003 42.179649350000012 365.01929705000003 76.507846850000007 345.50280225 55.453100200000009 72.063449850000012 0.57421800500000009 -1.3437499999999998
decision_type=2 2 2 2 2 2 2 2 2 2 2 2 2 2 2 2 2 2 2 2 2 2 2 2 2 2 2 2 2 2
left_child=4 -2 -3 19 5 22 7 -7 9 -8 -11 13 -10 18 -6 -16 17 -17 -12 -4 -19 -20 -1 -23 25 26 -13 28 -27 -30
right_child=1 2 3 -5 14 6 8 -9 12 10 11 24 -14 -15 15 16 -18 20 21 -21 -22 23 -24 -25 -26 27 -28 -29 29 -31
leaf_value=-0.0030341152786805452 -0.0055282456534249446 -0.0059862944477606771 -0.069332105192976695 -0.0062903135735541578 0.0029434269201119266 0.0043597411187816289 -0.00070222641522922407 0.1703089619972161 -0.054483099281787871 0.0044784667836777299 0.023277811672268136 0.013436936149810208 0.0019640537869891825 0.020072095045547068 -0.0021801856084768113 -0.079036859873061374 0.0047263930950206343 -0.036111811754138516 0.094041771166957916 -0.025890288573767368 0.0014341253516895155 0.077113199159308962 0.0063394308712074084 0.035487646310191072 -0.010809361571304951 0.0082268788111420129 0.07415168457241221 0.0038039634357528787 0.041834851499879734 0.0060036787276501477
leaf_weight=2464 217 53 120 25 2140 31 379 20 20 347 31 20 1806 99 3715 24 130 90 25 24 31 24 395 35 33 97 22 151 80 29
leaf_count=2464 217 53 120 25 2140 31 379 20 20 347 31 20 1806 99 3715 24 130 90 25 24 31 24 395 35 33 97 22 151 80 29
internal_value=0 -0.0241808 -0.0424133 -0.0538371 0.000867411 0.0027675 0.00673311 0.0694379 0.00573313 0.0115723 0.0162571 0.022584 0.00134579 0.0380962 -0.00102586 -0.00315475 -0.0163202 -0.0351896 0.0536125 -0.0620918 -0.0264926 0.0648075 -0.00173906 0.0524201 0.0148997 0.017026 0.0452399 0.0137067 0.0209655 0.0323018
internal_weight=0 439 222 169 12238 6108 3249 51 3198 1372 993 646 1826 214 6130 3990 275 145 115 144 121 84 2859 59 432 399 42 357 206 109
internal_count=12677 439 222 169 12238 6108 3249 51 3198 1372 993 646 1826 214 6130 3990 275 145 115 144 121 84 2859 59 432 399 42 357 206 109
is_linear=0
shrinkage=0.5


Tree=2
num_leaves=31
num_cat=0
split_feature=20 1 21 26 17 34 26 20 11 0 20 24 36 1 0 24 36 0 28 20 26 32 11 1 9 11 3 16 14 26
split_gain=0.265897 0.149296 0.17893 0.114255 0.11222 0.106482 0.341137 0.204538 0.233201 0.140913 1.64972 0.119579 0.0751477 0.0892139 0.0721835 0.0721794 0.0677252 0.0639884 0.0624948 0.0614722 0.0590741 0.0586617 0.0552905 0.0813725 0.0984418 0.0957527 0.0634364 0.0564003 0.0495623 0.0461965
threshold=2.3173799500000007 1.0000000180025095e-35 94.445301050000012 -1.6562499999999998 823.68750000000011 72.317447650000005 -3.2187499999999996 1.5624950500000001 348.48449935000002 101.53099800000001 1.7910100250000003 60.453100200000009 0.74850001950000011 1.0000000180025095e-35 122.78099800000001 62.703100200000009 0.74850001950000011 113.40599800000001 82.58589935000002 0.57812449350000017 -3.9062499999999996 244.62659970000001 365.01929705000003 1.0000000180025095e-35 31.261699650000004 363.21224825000002 32.511699700000008 256.09999980000003 34998.500000000007 -2.3437499999999996
decision_type=2 2 2 2 2 2 2 2 2 2 2 2 2 2 2 2 2 2 2 2 2 2 2 2 2 2 2 2 2 2
left_child=5 29 3 -3 15 6 21 11 -9 10 -7 -8 13 -13 -10 -4 18 -18 -5 -14 -11 -1 23 24 -21 -26 -24 -28 -19 -2
right_child=1 2 4 16 -6 9 7 8 14 20 -12 12 19 -15 -16 -17 17 28 -20 22 -22 -23 26 -25 25 -27 27 -29 -30 -31
leaf_value=0.02743279930892522 0.0067827288468834011 0.014170670281496963 -0.037672863906482237 -0.01559291360899806 -0.021219886609544165 -0.0058923848680763058 0.0022271852171310402 -0.048374886333476752 -0.0068730872531991083 0.020872789842542261 0.14852129942737519 0.05494113977183588 0.0025042062299509599 0.012620489197698507 0.011511740370123234 -0.080152086238376802 0.015360694751143456 -0.03701548529788852 -0.052486747492697432 0.010546814148048205 -0.00064649629425920564 0.06276956363581121 0.015042369411385153 0.010338094860879424 0.068460200184389294 0.022320323031057011 -0.029588161125069574 0.0075121986505109813 -0.0026245558613233948 -0.008338926405897432
leaf_weight=23 80 35 20 24 39 128 1539 32 350 32 20 20 222 33 63 20 20 20 22 35 9445 24 50 136 23 22 21 20 22 137
leaf_count=23 80 35 20 24 39 128 1539 32 350 32 20 20 222 33 63 20 20 20 22 35 9445 24 50 136 23 22 21 20 22 137
internal_value=0 -0.0120904 -0.0212066 -0.010656 -0.0403047 0.000433706 0.00326434 0.00249115 -0.00725469 -0.000334756 0.0149743 0.00453589 0.0106409 0.0285905 -0.00406862 -0.0589125 -0.0187016 -0.00791671 -0.0332378 0.00884253 -0.000573834 0.0454771 0.0134259 0.0177813 0.0304346 0.0459029 0.00308803 -0.0114904 -0.0190012 -0.00276412
internal_weight=0 439 222 143 79 12238 2613 2566 445 9625 148 2121 582 53 413 40 108 62 46 529 9477 47 307 216 80 45 91 41 42 217
internal_count=12677 439 222 143 79 12238 2613 2566 445 9625 148 2121 582 53 413 40 108 62 46 529 9477 47 307 216 80 45 91 41 42 217
is_linear=0
shrinkage=0.5


Tree=3
num_leaves=31
num_cat=0
split_feature=20 20 32 34 26 24 24 20 1 23 22 0 20 23 10 10 32 24 9 10 21 20 28 0 23 26 16 0 28 3
split_gain=0.0902561 0.811795 0.105642 0.0769631 0.357559 0.12855 0.155909 0.0967664 0.16845 0.234371 0.102264 0.0777739 0.0668383 0.0589194 0.0647905 0.0545097 0.0478463 0.0457895 0.114779 0.0873396 0.0540797 0.0455796 0.0440958 0.0422643 0.0579387 0.0824181 0.0479746 0.0445414 0.072895 0.0597187
threshold=2.1142550700000005 2.1044900450000004 257.15785015 74.412647250000006 -3.2187499999999996 68.812446600000015 70.453098300000008 1.8837850100000002 1.0000000180025095e-35 247.55000300000003 1814.4350000000002 99.656250000000014 1.4462800050000002 240.94999700000002 2.2666000150000003 0.46288999900000005 258.79849995000001 63.328100200000009 32.316400550000004 0.96972599650000013 95.695301050000012 0.76269447800000012 87.64839935000002 112.40599800000001 264.84999100000005 -1.2187499999999998 252.20000020000001 125.21849800000001 86.163997650000013 35.40229990000001
decision_type=2 2 2 2 2 2 2 2 2 2 2 2 2 2 2 2 2 2 2 2 2 2 2 2 2 2 2 2 2 2
left_child=1 3 13 4 5 21 -7 15 -9 -10 -11 12 -5 -2 23 -6 -4 -17 -19 -20 -21 -1 -8 -15 25 27 -26 29 -29 -25
right_child=2 -3 16 11 7 6 22 8 9 10 -12 -13 -14 14 -16 17 -18 18 19 20 -22 -23 -24 24 26 -27 -28 28 -30 -31
leaf_value=0.062525522186964125 -0.016845387147776291 0.081181912436976186 -0.043610361264048457 -0.0060212329526621033 -0.0012881486273606127 -0.006579878074782235 0.020761755644343793 0.00067439706913465934 -0.067717252429574729 0.0089480954275131808 -0.034761113729631608 -0.00078147569898020023 -0.042867577368451745 0.0053034660731906443 -0.028450723524893754 0.0019933683850222633 -0.010930130380161461 0.00065479884416927685 0.0066557363885901095 0.049553324847722485 0.017139306461269207 0.03283126134192571 0.053566436722758223 -0.0025841286365192589 0.0013953996954863019 -0.019974516399283208 0.02692094962306631 -0.037592606446908219 -0.0017475101426621346 0.021838771524252714
leaf_weight=24 76 31 24 32 1292 42 21 155 25 32 23 6726 20 176 23 3005 21 163 48 31 22 28 20 343 79 84 24 23 37 27
leaf_count=24 76 31 24 32 1292 42 21 155 25 32 23 6726 20 176 23 3005 21 163 48 31 22 28 20 343 79 84 24 23 37 27
internal_value=0 0.000376908 -0.00472242 0.000162974 0.00166589 0.0270434 0.014831 0.000951552 -0.00894284 -0.0275762 -0.0093303 -0.000930398 -0.0201929 -0.00352996 -0.0022898 0.00146135 -0.0283596 0.00254803 0.00886146 0.0221059 0.0360984 0.0465363 0.036764 -0.00153103 -0.00348058 -0.00564953 0.0073431 -0.00285116 -0.0154881 -0.000801917
internal_weight=0 11740 937 11709 4931 135 83 4796 235 80 55 6778 52 892 816 4561 45 3269 264 101 53 52 41 793 617 514 103 430 60 370
internal_count=12677 11740 937 11709 4931 135 83 4796 235 80 55 6778 52 892 816 4561 45 3269 264 101 53 52 41 793 617 514 103 430 60 370
is_linear=0
shrinkage=0.5


end of trees

feature_importances:
Column_20=20
Column_34=12
Column_0=9
Column_26=9
Column_1=8
Column_3=8
Column_10=8
Column_24=8
Column_11=6
Column_9=5
Column_16=4
Column_23=4
Column_21=3
Column_22=3
Column_28=3
Column_32=3
Column_14=2
Column_36=2
Column_7=1
Column_17=1
Column_31=1

parameters:
[boosting: gbdt]
[objective: regression]
[metric: rmse,l2]
[tree_learner: serial]
[device_type: cpu]
[data: ]
[valid: ]
[num_iterations: 20]
[learning_rate: 0.5]
[num_leaves: 31]
[num_threads: -1]
[deterministic: 0]
[force_col_wise: 0]
[force_row_wise: 0]
[histogram_pool_size: -1]
[max_depth: 20]
[min_data_in_leaf: 20]
[min_sum_hessian_in_leaf: 0.001]
[bagging_fraction: 1]
[pos_bagging_fraction: 1]
[neg_bagging_fraction: 1]
[bagging_freq: 0]
[bagging_seed: 3]
[feature_fraction: 1]
[feature_fraction_bynode: 1]
[feature_fraction_seed: 2]
[extra_trees: 0]
[extra_seed: 6]
[early_stopping_round: 1000]
[first_metric_only: 0]
[max_delta_step: 0]
[lambda_l1: 0]
[lambda_l2: 0]
[linear_lambda: 0]
[min_gain_to_split: 0]
[drop_rate: 0.1]
[max_drop: 50]
[skip_drop: 0.5]
[xgboost_dart_mode: 0]
[uniform_drop: 0]
[drop_seed: 4]
[top_rate: 0.2]
[other_rate: 0.1]
[min_data_per_group: 100]
[max_cat_threshold: 32]
[cat_l2: 10]
[cat_smooth: 10]
[max_cat_to_onehot: 4]
[top_k: 20]
[monotone_constraints: ]
[monotone_constraints_method: basic]
[monotone_penalty: 0]
[feature_contri: ]
[forcedsplits_filename: ]
[refit_decay_rate: 0.9]
[cegb_tradeoff: 1]
[cegb_penalty_split: 0]
[cegb_penalty_feature_lazy: ]
[cegb_penalty_feature_coupled: ]
[path_smooth: 0]
[interaction_constraints: ]
[verbosity: -1]
[saved_feature_importance_type: 0]
[linear_tree: 0]
[max_bin: 255]
[max_bin_by_feature: ]
[min_data_in_bin: 3]
[bin_construct_sample_cnt: 200000]
[data_random_seed: 1]
[is_enable_sparse: 1]
[enable_bundle: 1]
[use_missing: 1]
[zero_as_missing: 0]
[feature_pre_filter: 1]
[pre_partition: 0]
[two_round: 0]
[header: 0]
[label_column: ]
[weight_column: ]
[group_column: ]
[ignore_column: ]
[categorical_feature: ]
[forcedbins_filename: ]
[precise_float_parser: 0]
[objective_seed: 5]
[num_class: 1]
[is_unbalance: 0]
[scale_pos_weight: 1]
[sigmoid: 1]
[boost_from_average: 1]
[reg_sqrt: 0]
[alpha: 0.9]
[fair_c: 1]
[poisson_max_delta_step: 0.7]
[tweedie_variance_power: 1.5]
[lambdarank_truncation_level: 30]
[lambdarank_norm: 1]
[label_gain: ]
[eval_at: ]
[multi_error_top_k: 1]
[auc_mu_weights: ]
[num_machines: 1]
[local_listen_port: 12400]
[time_out: 120]
[machine_list_filename: ]
[machines: ]
[gpu_platform_id: -1]
[gpu_device_id: -1]
[gpu_use_dp: 0]
[num_gpu: 1]

end of parameters

pandas_categorical:null
