tree
version=v3
num_class=1
num_tree_per_iteration=1
label_index=0
max_feature_idx=41
objective=regression
feature_names=Column_0 Column_1 Column_2 Column_3 Column_4 Column_5 Column_6 Column_7 Column_8 Column_9 Column_10 Column_11 Column_12 Column_13 Column_14 Column_15 Column_16 Column_17 Column_18 Column_19 Column_20 Column_21 Column_22 Column_23 Column_24 Column_25 Column_26 Column_27 Column_28 Column_29 Column_30 Column_31 Column_32 Column_33 Column_34 Column_35 Column_36 Column_37 Column_38 Column_39 Column_40 Column_41
feature_infos=[0:351.125] [0:1] none [0:76.406196600000001] none [0:1] none [76.6875:94.140602099999995] [0:1] [0:74.273399400000002] [0:1] [0.027343999599999998:2.0957000300000002] [279.67991008999996:369.40150299999999] [0:1] [0:1] [-297:2985] none [245.35000079999998:312.44999919999998] [0:1] [657.625:970.5] [0:1] [-17.277778000000001:285.072225] [0.083984002500000002:3.6503899099999999] [81.609298699999997:91.468696600000001] [3872.37012:6123.5] [0:193.10000600000001] [73.218696600000001:82.625] [0:1] [-2.3125:1.5625] none [81.281196600000001:94.234298699999997] [0:1] none [0:555.93701199999998] [244.58749999999998:311.1030983] [0:1] [70.571403500000002:124.98400100000001] none [0.20100000500000001:0.30399999] none [0:1] none
tree_sizes=2747 2749 2761 2754 2786 2775 2765 2790 2767 2763 2757 2775 2777 2741 2752 2722 2750 2732 2729 2757

Tree=0
num_leaves=31
num_cat=0
split_feature=19 33 19 34 1 26 19 7 19 22 30 22 19 26 33 22 26 19 34 36 26 19 22 28 26 22 33 19 36 24
split_gain=129851 70656.2 57590.4 44491.4 35124.9 34684.9 33418.1 18896.7 18343.9 16395.5 18849.4 15807.3 13793 13348.3 12263.5 11621.3 11498 11449.3 23537.7 8317.89 12902.8 8814.52 8242.34 7167.32 7038.28 6990.11 5963.11 7662.84 5694.88 5169.17
threshold=846.81250000000011 479.40600600000005 818.68750000000011 284.45464985000007 1.0000000180025095e-35 75.078098300000008 826.31250000000011 84.382801050000012 804.31250000000011 1.3613250250000002 89.663997650000013 2.3173799500000007 829.68750000000011 75.109348300000008 486.40600600000005 2.2431600100000004 75.295597100000023 783.18750000000011 277.59531011500002 90.095150000000004 75.046848300000008 706.43750000000011 1.5927700400000002 0.65625000000000011 75.328098300000008 1.3408150050000003 492.71850600000005 867.68750000000011 87.809452050000019 4730.5600600000007
decision_type=2 2 2 2 2 2 2 2 2 2 2 2 2 2 2 2 2 2 2 2 2 2 2 2 2 2 2 2 2 2
left_child=1 2 3 4 11 9 -3 -4 -5 10 -2 19 -9 28 -8 17 22 18 -6 20 25 -21 -7 -19 -22 -1 -18 -28 -14 -11
right_child=5 6 7 8 15 16 14 12 -10 29 -12 -13 13 -15 -16 -17 26 23 -20 21 24 -23 -24 -25 -26 -27 27 -29 -30 -31
leaf_value=2.8798737883164769 -6.9549259225056996 6.6668033589550859 -5.1969403046501661 7.1726446598212892 -0.25858120273115592 -2.3219065613449392 0.56552254451947248 0.35742417783148739 2.6003860263215515 -10.356142491088789 -0.61741314987843954 -4.6080184829105191 -6.8202165297087598 -1.3372976325667507 3.3666348829604549 -9.8957005661195829 -1.8355248748341686 -1.7024290135888531 10.09284135097794 7.1334983206730724 6.9904347795202302 1.2712469381796039 -5.7974177717726985 -7.2907363540750252 3.1244753343456306 -5.8449968081596477 1.472376223298494 -1.9526428028867582 -1.8543377963098131 -5.6017826162907465
leaf_weight=44 244 594 370 338 1033 909 633 750 625 179 226 91 201 722 1021 36 729 966 58 67 207 1493 210 61 273 48 442 259 81 84
leaf_count=44 244 594 370 338 1033 909 633 750 625 179 226 91 201 722 1021 36 729 966 58 67 207 1493 210 61 273 48 442 259 81 84
internal_value=0.0736595 0.992492 0.25237 1.12829 0.451333 -2.64532 3.44991 -1.94981 4.20519 -5.67645 -3.90753 1.84559 -1.26484 -2.47669 2.29463 -0.987584 -1.77368 -0.836171 0.291724 2.12105 3.75202 1.52302 -2.97415 -2.03435 4.79167 -1.67223 -0.834295 0.206927 -5.39385 -8.83764
internal_weight=0 9712 7464 5340 4377 3282 2248 2124 963 733 470 2223 1754 1004 1654 2154 2549 2118 1091 2132 572 1560 1119 1027 480 92 1430 701 282 263
internal_count=12994 9712 7464 5340 4377 3282 2248 2124 963 733 470 2223 1754 1004 1654 2154 2549 2118 1091 2132 572 1560 1119 1027 480 92 1430 701 282 263
is_linear=0
shrinkage=1


Tree=1
num_leaves=31
num_cat=0
split_feature=19 7 19 34 19 30 19 7 26 7 19 19 34 34 22 19 7 19 24 19 30 36 36 36 36 1 22 19 36 1
split_gain=42591.5 21431 20409.4 20573.2 15181.9 11199.2 11097.3 17601.2 9132.12 8749.03 8026.08 7312.06 7248.82 7165.19 7198.85 6659.01 6597.46 6383.55 5902.83 5731.06 4978.77 4761.3 4589.2 4539.7 4488.13 5134.64 5032.33 4416.78 4321.03 3907.72
threshold=855.31250000000011 85.820301050000012 822.31250000000011 288.43900005000006 830.43750000000011 88.61714935000002 799.68750000000011 83.05464935000002 75.109348300000008 87.11714935000002 773.06250000000011 865.93750000000011 296.90780010000003 269.54844000500003 1.9619100100000002 811.56250000000011 83.74214935000002 742.81250000000011 4736.0600600000007 841.31250000000011 84.382801050000012 84.571350100000004 87.047550200000003 87.428546900000015 78.539649950000026 1.0000000180025095e-35 1.2861250050000002 786.43750000000011 82.285648350000017 1.0000000180025095e-35
decision_type=2 2 2 2 2 2 2 2 2 2 2 2 2 2 2 2 2 2 2 2 2 2 2 2 2 2 2 2 2 2
left_child=1 2 3 6 -3 8 7 10 -4 11 13 12 -2 14 17 21 -8 20 29 28 -1 -5 -20 -12 -6 26 -26 -9 -7 -18
right_child=9 4 5 15 24 19 16 27 -10 -11 23 -13 -14 -15 -16 -17 18 -19 22 -21 -22 -23 -24 -25 25 -27 -28 -29 -30 -31
leaf_value=0.75319672416823591 -2.876084172432718 4.6027688240078657 -4.7251910836856865 2.8915185123434721 3.5620975736528635 2.275232595362827 -2.4218434445513797 3.6586067438788694 -1.4041064683648885 0.2495491368706923 3.0243145652367907 -3.6359815563483804 -0.14192594227843153 2.8218102430786129 -4.2748498421075736 1.7577136566233822 0.41058399942967128 -0.50637257311734019 6.222978288573878 -1.3545962914737659 4.0881113307895482 6.7067623913753778 0.67108329448446224 -1.5149637285102635 2.6460403759358 -0.032914301709301153 -0.51248744667736357 1.5690307615481611 -0.10169861152630046 -1.6635151396187475
leaf_weight=362 515 407 292 177 176 243 484 434 711 344 59 791 458 309 86 500 424 725 56 779 162 152 111 829 515 734 167 606 897 489
leaf_count=362 515 407 292 177 176 243 484 434 711 344 59 791 458 309 86 500 424 725 56 779 162 152 111 829 515 734 167 606 897 489
internal_value=0 0.398347 0.0656217 0.595948 1.87755 -1.01699 0.222886 0.709214 -2.37096 -2.05712 -0.0021157 -2.50694 -1.58909 0.652137 0.149943 2.90722 -0.88783 0.454613 -0.200365 -0.309314 1.78422 4.65418 2.5328 -1.21337 1.18084 0.884863 1.87262 2.44103 0.404963 -0.700297
internal_weight=0 10886 8887 5965 1999 2922 5136 3572 1003 2108 2532 1764 973 1644 1335 829 1564 1249 1080 1919 524 329 167 888 1592 1416 682 1040 1140 913
internal_count=12994 10886 8887 5965 1999 2922 5136 3572 1003 2108 2532 1764 973 1644 1335 829 1564 1249 1080 1919 524 329 167 888 1592 1416 682 1040 1140 913
is_linear=0
shrinkage=0.5


Tree=2
num_leaves=31
num_cat=0
split_feature=11 19 33 28 19 34 19 19 22 1 1 26 22 26 24 1 24 22 7 0 24 36 24 26 36 0 36 11 19 36
split_gain=13164.5 11280.8 9538.05 10759.8 6079.3 8509.49 5969.35 5797.62 5005 4815.92 4401.13 4399.38 9827.71 4651.45 4233.42 4267.53 4126.47 3988.07 4243.04 3926.77 3697.6 3288.11 4108.77 3583.94 3246.46 2991.43 2986.6 3096.14 2980.28 2969.32
threshold=0.82031199350000017 859.43750000000011 489.90600600000005 0.78125000000000011 833.56250000000011 286.79840030000003 812.81250000000011 836.56250000000011 1.3515549900000001 1.0000000180025095e-35 1.0000000180025095e-35 75.171848300000008 1.3076150400000002 74.640598300000008 4795.2451200000005 1.0000000180025095e-35 4836.5600600000007 0.68066352600000013 85.30464935000002 296.34350600000005 4732.0600600000007 89.015850050000012 4785.3100600000007 75.140598300000008 79.999950400000003 296.34350600000005 85.714252450000018 0.57519447800000012 803.06250000000011 84.063449850000012
decision_type=2 2 2 2 2 2 2 2 2 2 2 2 2 2 2 2 2 2 2 2 2 2 2 2 2 2 2 2 2 2
left_child=1 2 3 4 5 9 -7 -4 10 11 20 12 -1 -14 15 -8 -9 -6 -19 -15 -3 22 25 -23 -20 28 -10 -28 -2 -11
right_child=21 8 7 -5 17 6 14 16 26 29 -12 -13 13 19 -16 -17 -18 18 24 -21 -22 23 -24 -25 -26 -27 27 -29 -30 -31
leaf_value=0.90623496709285312 3.6341322456945235 -1.0225857085350789 3.0912178917106159 -2.3738399865246858 0.68057550134501243 2.6893830973679442 1.2551419963902362 0.35939516462491927 -4.0390982940793041 1.9621130561474527 -1.7636520344646376 0.80211303183051152 1.1843430706196361 -2.2221410446941401 3.8814409972065027 -0.66276304444413536 3.8641586402512114 -2.3917585092688531 1.896259345891683 -6.4506879918118738 1.7887182321657227 -0.026300586856438952 3.7240553138287442 2.6520070693411433 -0.9295309051450874 -3.9266225503439585 -2.7678040125848433 2.8093427029010414 0.10917936127849784 -0.81217552545637106
leaf_weight=386 67 264 321 528 348 457 596 964 250 101 677 1583 54 132 90 565 92 497 115 94 210 157 95 611 875 41 76 37 571 2140
leaf_count=386 67 264 321 528 348 457 596 964 250 101 677 1583 54 132 90 565 92 497 115 94 210 157 95 611 875 41 76 37 571 2140
internal_value=0 -0.184672 0.00901967 -0.187432 -0.0437216 0.192952 1.14285 1.23039 -1.45608 -0.168388 -0.945547 0.348519 -0.729619 -2.98476 0.577884 0.321795 0.664734 -0.843124 -1.19971 -3.98092 0.222929 1.37151 0.644214 2.10449 -0.601283 0.213309 -3.07488 -0.941659 0.479355 -0.687141
internal_weight=0 11452 9938 8561 8033 6198 1708 1377 1514 4490 1151 2249 666 280 1251 1161 1056 1835 1487 226 474 1542 774 768 990 679 363 113 638 2241
internal_count=12994 11452 9938 8561 8033 6198 1708 1377 1514 4490 1151 2249 666 280 1251 1161 1056 1835 1487 226 474 1542 774 768 990 679 363 113 638 2241
is_linear=0
shrinkage=0.5


Tree=3
num_leaves=31
num_cat=0
split_feature=26 26 22 19 0 28 22 36 1 3 22 26 28 24 26 22 26 19 36 28 30 22 9 12 36 36 26 22 28 17
split_gain=4961.4 6749.62 6165.25 4866.93 4332.92 6112.53 4018.5 3727.19 5638.75 8048.32 4955.25 4735.21 4463.06 3868.58 3220.55 3493.96 3820.96 2933.63 4390.62 2933.47 3209.65 2908.58 2796.51 2464.47 3064.83 2261.24 2239.61 3359.6 2588.19 2117.26
threshold=75.390598300000008 75.578098300000008 1.6533150050000003 727.43750000000011 294.65600600000005 1.0000000180025095e-35 1.6972600250000003 79.428546900000015 1.0000000180025095e-35 51.328100250000013 0.98046800500000009 75.171848300000008 0.28125000000000006 4802.8100600000007 75.046848300000008 1.1630800350000003 74.953098300000008 855.68750000000011 94.095150000000004 0.34375000000000006 86.788997650000013 1.2109349950000003 28.4764996 338.81659925000002 93.968250250000011 85.777751900000013 75.171848300000008 2.3486299500000007 -1.0000000180025095e-35 266.500000145
decision_type=2 2 2 2 2 2 2 2 2 2 2 2 2 2 2 2 2 2 2 2 2 2 2 2 2 2 2 2 2 2
left_child=2 6 3 -1 26 23 -2 13 9 14 22 19 -13 -5 15 -9 -17 18 -16 -12 -21 -11 -10 24 -6 -8 28 -28 -4 -30
right_child=1 -3 4 7 5 -7 25 8 10 21 11 12 -14 -15 17 16 -18 -19 -20 20 -22 -23 -24 -25 -26 -27 27 -29 29 -31
leaf_value=2.8302039414540761 0.67939301987185674 -0.30346183056072973 1.9098110474922039 0.26675928729589932 2.8229896202683449 -4.9145936796408209 -2.529216043651104 0.43352715717823437 -2.4205794626374284 3.339228562262758 1.1684657201461619 -1.9793109474713726 0.44898454103677066 2.912973741286252 1.1490777987765091 -0.72323596311547744 -4.1295604187581274 -1.0544043092328144 -0.74786275330346419 -7.1484228551387785 -0.36456615288454275 -1.3999754325360865 -0.91471122047006059 -5.647902823629833 -1.8950164246408245 2.9732591019327308 0.91341725761157733 -2.0631805561653529 -4.8204175883531573 -1.3952183434618759
leaf_weight=144 2640 2060 54 513 61 167 20 239 443 259 684 463 320 189 1068 211 135 323 427 20 136 37 1014 21 79 281 343 131 50 462
leaf_count=144 2640 2060 54 513 61 167 20 239 443 259 684 463 320 189 1068 211 135 323 427 20 136 37 1014 21 79 281 343 131 50 462
internal_value=0 0.390595 -0.244385 -0.0448399 -1.21075 -2.79527 0.876742 -0.10872 -0.240874 0.286731 -0.703214 -0.10232 -0.986904 0.979202 -0.0163027 -1.03672 -2.05229 0.312049 0.607276 0.722239 -1.23429 2.74683 -1.37257 -0.596956 0.160686 2.60765 -0.711016 0.090771 -1.38248 -1.72971
internal_weight=0 5001 7993 6625 1368 328 2941 6481 5779 2699 3080 1623 783 702 2403 585 346 1818 1495 840 156 296 1457 161 140 301 1040 474 566 512
internal_count=12994 5001 7993 6625 1368 328 2941 6481 5779 2699 3080 1623 783 702 2403 585 346 1818 1495 840 156 296 1457 161 140 301 1040 474 566 512
is_linear=0
shrinkage=0.5


Tree=4
num_leaves=31
num_cat=0
split_feature=7 19 34 17 19 36 22 0 33 19 19 7 33 19 22 34 36 22 19 30 1 10 26 10 36 11 7 19 13 24
split_gain=3167.5 3990.91 4701.17 4506.99 3563.4 3383.54 3488.91 3110.98 2962.22 5880.29 3257.27 2894.6 2773.88 2962.51 3237.41 3563.96 3240.05 2569.86 2574.11 3114.95 2325.81 3150.93 3131.04 2913.31 3610.5 3101.9 2280.8 2155.8 2499.96 2081.81
threshold=86.413997650000013 814.93750000000011 287.82964985000007 293.49999940000004 886.81250000000011 89.142848950000015 1.4355450250000004 291.84350600000005 411.28100600000005 758.93750000000011 712.93750000000011 87.913997650000013 428.34350600000005 792.18750000000011 0.97558552050000003 280.82968511500002 87.047550200000003 0.70312449350000017 771.31250000000011 84.288997650000013 1.0000000180025095e-35 1.0000000180025095e-35 74.859348300000008 1.0000000180025095e-35 81.587249750000012 0.32324150200000007 83.476497650000013 856.56250000000011 1.0000000180025095e-35 4736.0600600000007
decision_type=2 2 2 2 2 2 2 2 2 2 2 2 2 2 2 2 2 2 2 2 2 2 2 2 2 2 2 2 2 2
left_child=1 3 26 8 11 6 20 -8 10 -10 -1 -2 -11 14 -14 16 -16 -12 19 -19 21 22 -4 25 -25 -22 -3 28 -28 -15
right_child=4 2 5 -5 -6 -7 7 -9 9 12 17 -13 13 29 15 -17 -18 18 -20 -21 23 -23 -24 24 -26 -27 27 -29 -30 -31
leaf_value=1.5150679332844819 0.99643932717439054 -3.4469394527572708 -1.7744166576741343 3.1082103292848093 -1.1116144027328119 0.75964167976852115 -0.57780597121335375 -2.564355284663896 2.6238367112674119 -0.55421884790992904 0.79295785112228401 3.8641607211269799 0.018801104402164964 -0.1175760910561677 5.0082859782611626 4.1424537199605824 0.80741134078560439 -2.2216845280413975 -4.3884163599747881 0.029104294556861695 0.1774582862321018 -0.77394060413334065 0.92758912639547131 2.7014820382448166 -0.22267673471415902 -1.3662485755242098 0.97888185996927468 -5.6850525954117375 -1.2021586549087797 1.6210261517122311
leaf_weight=157 604 104 117 136 174 911 702 274 273 883 167 103 403 1596 51 132 459 303 65 312 498 488 1282 141 420 939 153 24 930 193
leaf_count=157 604 104 117 136 174 911 702 274 273 883 167 103 403 1596 51 132 459 303 65 312 498 488 1282 141 420 939 153 24 930 193
internal_value=0 -0.0665761 -0.312566 0.268268 0.915365 -0.124652 -0.290377 -1.13551 0.190928 0.384096 -0.57674 1.41423 0.219596 0.460696 1.12957 1.82684 1.2275 -0.964478 -1.39608 -1.07982 -0.0780615 0.320021 0.701617 -0.454028 0.512272 -0.831269 -1.20823 -0.997904 -0.894034 0.0699869
internal_weight=0 12113 6983 5130 881 5772 4861 976 4994 3990 1004 707 3717 2834 1045 642 510 847 680 615 3885 1887 1399 1998 561 1437 1211 1107 1083 1789
internal_count=12994 12113 6983 5130 881 5772 4861 976 4994 3990 1004 707 3717 2834 1045 642 510 847 680 615 3885 1887 1399 1998 561 1437 1211 1107 1083 1789
is_linear=0
shrinkage=0.5


Tree=5
num_leaves=31
num_cat=0
split_feature=19 7 19 34 21 11 33 19 7 19 19 7 24 24 17 19 19 30 9 3 21 19 11 7 30 13 19 11 24 36
split_gain=2473.04 2561.06 2353.78 1942.76 1717.57 1606.76 1582.56 1177.66 1119.24 3423.48 2259.98 1466.92 1391.25 1374.14 1426.35 1916.28 1667.04 1617.66 1252.04 1987.21 1527.42 1873.14 1483.32 1414.07 1236 2163.9 1484.01 1331.34 1217.27 1222.38
threshold=872.06250000000011 86.24214935000002 841.31250000000011 292.65780010000003 12.472222111111114 0.87792950900000011 506.84350600000005 922.62500000000011 82.24214935000002 769.06250000000011 777.56250000000011 80.945301050000012 4617.8100600000007 4726.4350600000007 268.19999995000006 751.06250000000011 736.81250000000011 83.49214935000002 1.0000000180025095e-35 7.6679651750000009 6.4722222777777789 809.93750000000011 0.44824150200000007 84.05464935000002 87.320301050000012 1.0000000180025095e-35 792.18750000000011 0.36621049050000004 4771.3100600000007 88.380947100000014
decision_type=2 2 2 2 2 2 2 2 2 2 2 2 2 2 2 2 2 2 2 2 2 2 2 2 2 2 2 2 2 2
left_child=1 2 4 -4 5 8 -2 -8 10 -10 13 -12 -13 14 16 -16 17 -1 19 20 21 23 -22 -11 25 26 -20 -27 29 -26
right_child=6 -3 3 -5 -6 -7 7 -9 9 18 11 12 -14 -15 15 -17 -18 -19 24 -21 22 -23 -24 -25 28 27 -28 -29 -30 -31
leaf_value=-1.0891275510342944 -1.2841733214911073 0.73691150007745554 -1.1974926033838893 -0.19083569869786912 1.5156592609111272 0.7669563509581605 1.4941470692960583 -2.1826735184128796 1.9286754697019264 -0.8177446528499186 -5.5243869164715642 -0.7997153382007014 -3.9638331363953294 4.0034358501434326 3.4035316213684261 0.18099103939949712 -1.1584974861860646 0.99350602593686843 2.4005559559532061 -1.2611184655795997 1.0905334869091543 -1.6915313487594588 -0.27201589654722913 1.267335151565955 0.03280278434492187 -1.1511849881155496 0.23523831792880553 -0.057572570324488093 1.5433958828227505 0.82152820864132503
leaf_weight=148 560 1227 647 1849 209 742 98 28 244 179 23 201 42 20 53 356 481 252 108 434 402 248 397 149 1537 493 296 639 210 722
leaf_count=148 560 1227 647 1849 209 742 98 28 244 179 23 201 42 20 53 356 481 252 108 434 402 248 397 149 1537 493 296 639 210 722
internal_value=0 0.051497 -0.024399 -0.451776 0.0998565 0.064529 -0.923944 0.677076 -0.0037446 0.0939046 -0.379099 -1.70784 -1.3466 -0.109295 -0.173058 0.598582 -0.531288 0.222932 0.0169036 -0.328339 -0.0339193 -0.654589 0.413522 0.129441 0.172844 -0.179318 0.814086 -0.533854 0.39193 0.284888
internal_weight=0 12308 11081 2496 8585 8376 686 126 7634 6058 1576 266 243 1310 1290 409 881 400 5814 1809 1375 576 799 328 4005 1536 404 1132 2469 2259
internal_count=12994 12308 11081 2496 8585 8376 686 126 7634 6058 1576 266 243 1310 1290 409 881 400 5814 1809 1375 576 799 328 4005 1536 404 1132 2469 2259
is_linear=0
shrinkage=0.5


Tree=6
num_leaves=31
num_cat=0
split_feature=22 22 0 22 24 19 19 7 36 0 26 26 28 1 22 22 24 1 23 36 19 24 36 7 19 26 1 24 19 26
split_gain=1274.46 1262.94 1466.74 1828.33 2699.35 1947.56 1532.6 1437.85 1421.39 1370.62 1359.28 1404.66 2058.94 2678.67 3066.26 2176.06 1788.29 1670.7 2606.36 1415.52 2665.59 1309.52 1180.57 1164.7 1098.87 1068.36 1248.66 2056.73 1482.39 1454.55
threshold=0.39257749900000005 0.6396479905000001 294.15600600000005 1.2363250250000002 4650.4350600000007 814.93750000000011 792.81250000000011 82.89839935000002 78.793602000000007 296.46850600000005 75.609348300000008 75.421848300000008 0.15625000000000003 1.0000000180025095e-35 1.0478450050000003 1.3408150050000003 4594.8100600000007 1.0000000180025095e-35 85.695301050000012 78.539649950000026 879.93750000000011 4644.1850600000007 95.492050150000026 84.42964935000002 727.43750000000011 74.890598300000008 1.0000000180025095e-35 4667.5600600000007 839.18750000000011 75.109348300000008
decision_type=2 2 2 2 2 2 2 2 2 2 2 2 2 2 2 2 2 2 2 2 2 2 2 2 2 2 2 2 2 2
left_child=-1 8 10 24 5 9 22 -8 -2 -5 11 19 17 15 16 21 -15 -13 -19 -3 -21 -14 -6 -17 -4 -10 27 29 -28 -27
right_child=1 2 3 4 6 -7 7 -9 25 -11 -12 12 13 14 -16 23 -18 18 -20 20 -22 -23 -24 -25 -26 26 28 -29 -30 -31
leaf_value=-0.81463705642414375 -1.2806727942414917 0.94199014919805313 2.1730655806890704 -0.095104028881691838 3.5345828456934107 -3.4334342709863965 -4.4525302160869948 -0.34189031374958373 3.6334219178450957 -1.8757996184904187 -0.5240992032073557 0.49524543831745782 0.14912930390016102 1.5092542622652318 2.2364555769845058 0.31337054767038514 -1.5348003662836094 -2.8638378644594922 1.7126195315449011 0.007361568208019361 -2.9962582818232475 2.285699544192032 0.35541552874249416 -1.7543653921631281 -0.057979496174490337 2.2708061645612303 0.68343651488496548 1.7652428000251832 -1.1628199274829423 0.0076735859109169765
leaf_weight=463 111 398 57 187 43 115 22 644 28 256 817 195 174 90 475 115 104 120 42 4885 75 122 91 167 1739 81 229 367 207 575
leaf_count=463 111 398 57 187 43 115 22 644 28 256 817 195 174 90 475 115 104 120 42 4885 75 122 91 167 1739 81 229 367 207 575
internal_value=0 0.0300995 -0.0305862 -0.318199 -0.755992 -1.60006 -0.167254 -0.477677 0.445292 -1.12413 0.0860264 0.157626 0.568102 0.871205 1.55236 0.082807 -0.12261 -0.490638 -1.67735 0.0347432 -0.0380561 1.02974 1.3756 -0.91114 0.0128276 0.57413 0.515418 0.817392 -0.193112 0.287115
internal_weight=0 12531 10933 3154 1358 558 800 666 1598 443 7779 6962 1604 1247 669 578 194 357 162 5358 4960 296 134 282 1796 1487 1459 1023 436 656
internal_count=12994 12531 10933 3154 1358 558 800 666 1598 443 7779 6962 1604 1247 669 578 194 357 162 5358 4960 296 134 282 1796 1487 1459 1023 436 656
is_linear=0
shrinkage=0.5


Tree=7
num_leaves=31
num_cat=0
split_feature=33 19 7 24 0 36 11 19 36 13 11 12 3 19 26 26 22 21 11 30 12 24 28 26 17 24 1 22 0 28
split_gain=971.084 1524.12 1359.35 1351.28 1066.29 1001.87 856.792 1189.64 816.716 1347.16 1196.2 1622.78 1145.89 1090.78 1048.37 1043.75 1031.7 951.766 903.422 1552.24 1086.14 941.552 1134.04 1179.75 973.867 1190.93 1107.62 924.596 873.09 808.714
threshold=496.84350600000005 839.18750000000011 86.42964935000002 4579.1850600000007 289.78100600000005 84.634853350000014 0.45312450850000002 850.81250000000011 96.507846850000007 1.0000000180025095e-35 0.46777300550000006 324.63105045000003 49.874950450000007 718.62500000000011 75.453098300000008 75.015598300000008 0.76855400200000001 -1.3055555694444443 0.35253849650000008 88.49214935000002 320.47474895000005 4752.9350600000007 0.28125000000000006 75.015598300000008 289.40000000000003 4605.3100600000007 1.0000000180025095e-35 0.75097650300000007 291.53100600000005 0.34375000000000006
decision_type=2 2 2 2 2 2 2 2 2 2 2 2 2 2 2 2 2 2 2 2 2 2 2 2 2 2 2 2 2 2
left_child=1 2 8 4 -3 6 7 -2 9 -1 11 15 18 -12 -13 16 -10 -15 19 20 -11 22 24 -24 25 28 -26 -25 -20 -18
right_child=5 3 -4 -5 -6 -7 -8 -9 10 12 13 14 -14 17 -16 -17 29 -19 21 -21 -22 -23 23 27 26 -27 -28 -29 -30 -31
leaf_value=0.87663310725648336 2.0441727890931771 -0.87922287567858104 2.0729318701085591 -0.19909270881223681 -3.548416364483717 1.0894712630328949 -0.44992110677753711 0.11000749526205678 3.2512959686832295 1.3224911046615704 1.5380782895426233 -2.8859112540792791 0.72655303816312633 -0.26507860860833393 0.32069433864318964 -0.57126502844846494 0.95551811491067595 0.96775568481245189 -0.0074539608070375149 0.97219827899637956 -0.26486764301896504 0.79620333866756643 -0.96937838598291892 -0.47099195484183626 -0.33784778786731973 0.64953366397152634 -1.7075484939835599 0.4441663644930075 -1.2260251079170887 -2.5516699159687217
leaf_weight=570 106 428 84 2960 41 389 367 318 36 123 124 112 593 829 33 750 65 193 296 561 870 243 244 367 286 274 305 1113 292 22
leaf_count=570 106 428 84 2960 41 389 367 318 36 123 124 112 593 829 33 750 65 193 296 561 870 243 244 367 286 274 305 1113 292 22
internal_value=0 -0.0431986 0.0716469 -0.324032 -1.11256 0.432498 0.10941 0.593549 0.0513953 0.144526 -0.212718 -0.607141 0.0695658 0.137651 -2.15613 -0.349863 1.00015 -0.0322635 -0.0087602 0.307358 -0.0682462 -0.1524 -0.224956 0.0492893 -0.550351 -0.211408 -1.04472 0.217232 -0.612595 0.068643
internal_weight=0 11814 8385 3429 469 1180 791 424 8301 6137 2164 1018 5567 1146 145 873 123 1022 4974 1554 993 3420 3177 1724 1453 862 591 1480 588 87
internal_count=12994 11814 8385 3429 469 1180 791 424 8301 6137 2164 1018 5567 1146 145 873 123 1022 4974 1554 993 3420 3177 1724 1453 862 591 1480 588 87
is_linear=0
shrinkage=0.5


Tree=8
num_leaves=31
num_cat=0
split_feature=9 33 0 24 19 19 28 7 7 26 28 19 17 1 21 3 0 22 26 19 7 36 34 11 11 28 26 28 19 30
split_gain=975.809 863.784 800.584 898.896 1752.29 1178.02 874.815 884.591 867.682 710.571 895.504 786.431 809.06 800.458 740.947 663.901 604.605 563.198 561.241 524.294 1405.48 521.215 1684.42 1197.25 1151.26 1332.3 1079.53 951.912 903.637 1327.44
threshold=48.792900100000004 448.21850600000005 283.28100600000005 4526.4350600000007 808.93750000000011 830.81250000000011 1.1562500000000002 78.414051050000012 83.445301050000012 75.359348300000008 1.0000000180025095e-35 749.31250000000011 271.30000003500004 1.0000000180025095e-35 3.1388888083333337 40.878900550000004 285.34350600000005 0.99218702300000017 74.796848300000008 764.31250000000011 81.55464935000002 88.190448750000016 282.97031011500002 0.52148401750000006 0.64160099650000013 0.40625000000000006 75.703098300000008 0.71875000000000011 888.25000000000011 90.24214935000002
decision_type=2 2 2 2 2 2 2 2 2 2 2 2 2 2 2 2 2 2 2 2 2 2 2 2 2 2 2 2 2 2
left_child=2 -2 6 5 9 -4 7 -1 -6 10 11 -5 13 15 -12 -13 -7 -9 -16 -19 -21 23 -23 26 -24 -26 27 28 29 -10
right_child=1 -3 3 4 8 16 -8 17 21 -11 14 12 -14 -15 18 -17 -18 19 -20 20 -22 22 24 -25 25 -27 -28 -29 -30 -31
leaf_value=-1.9582575943909193 -0.15513503545968743 0.69196160760435865 -0.27893261718774393 3.33540254868567 -1.7818803020010265 -0.41736073362139553 -1.5876960804391849 0.097638789111442748 0.14191937822425943 0.086250473569512751 -0.38830973212913167 2.1978806431264908 1.7304071790768185 -0.5286023577659571 -0.79713946315459905 -0.53348513320088387 -2.5633064667495451 1.6746061845510094 1.2766171186994024 -1.2799365092502084 0.92608027047248065 -0.78292332628666605 0.074185710777590813 -0.54275684712126404 0.28714600782162353 2.0853636492570131 -1.4326827677432448 -0.62920938040097729 -1.3984383272155272 1.7862678650480051
leaf_weight=38 456 885 2100 40 79 52 57 512 2196 790 234 73 207 119 40 32 89 135 177 86 450 396 898 1654 234 184 128 435 88 130
leaf_count=38 456 885 2100 40 79 52 57 512 2196 790 234 73 207 119 40 32 89 135 177 86 450 396 898 1654 234 184 128 435 88 130
internal_value=0 0.403911 -0.0464811 -0.0924777 -0.0152276 -0.372867 0.326926 0.416307 -0.13505 0.434246 0.73242 1.21461 1.01778 0.359241 0.22885 1.36546 -1.77189 0.492582 0.894358 0.79394 0.57213 -0.114539 0.121192 -0.201685 0.393251 1.07871 -0.0121875 0.0516325 0.174319 0.233822
internal_weight=0 1341 11653 10375 8134 2241 1278 1221 6422 1712 922 471 431 224 451 105 141 1183 217 671 536 6343 1712 4631 1316 418 2977 2849 2414 2326
internal_count=12994 1341 11653 10375 8134 2241 1278 1221 6422 1712 922 471 431 224 451 105 141 1183 217 671 536 6343 1712 4631 1316 418 2977 2849 2414 2326
is_linear=0
shrinkage=0.5


Tree=9
num_leaves=31
num_cat=0
split_feature=28 19 15 33 1 7 7 25 22 0 0 36 24 11 26 21 3 30 12 7 28 26 22 28 26 11 36 23 9 23
split_gain=607.401 765.785 1345.55 828.167 738.477 1343.32 638.198 601.94 564.021 691.553 519.555 537.737 631.796 532.31 468.699 463.595 463.03 484.838 460.201 916.456 548.311 1035.34 871.397 992.889 746.572 692.173 666.307 560.324 552.247 579.837
threshold=-0.71874999999999989 878.43750000000011 904.50000000000011 505.15600600000005 1.0000000180025095e-35 90.531200400000003 85.86714935000002 164.44999700000002 1.2109349950000003 311.25000000000006 287.28100600000005 80.190448750000016 4620.3100600000007 0.95019447800000012 75.078098300000008 13.416667000000002 48.37104990000001 89.820301050000012 317.67375029999999 81.14839935000002 0.28125000000000006 75.015598300000008 1.1318300350000003 1.0000000180025095e-35 74.921848300000008 0.43456999950000003 81.904750800000002 84.945301050000012 43.347600950000007 85.195301050000012
decision_type=2 2 2 2 2 2 2 2 2 2 2 2 2 2 2 2 2 2 2 2 2 2 2 2 2 2 2 2 2 2
left_child=4 3 15 7 8 14 -4 -2 -1 -10 11 12 -9 16 -6 -3 -13 -18 19 -12 21 24 25 26 -20 27 -24 -23 -28 -30
right_child=1 2 6 -5 5 -7 -8 10 9 -11 18 13 -14 -15 -16 -17 17 -19 20 -21 -22 22 23 -25 -26 -27 28 -29 29 -31
leaf_value=0.64047803250175428 0.1762475181682587 -3.0025180229773887 2.6458935177042369 1.7925482498831116 0.86355549033920642 3.817805290931747 -0.28266009694376698 0.36984483029173559 4.0605623956882591 1.0175876856543298 -0.50797256142495351 -0.11295267402617769 2.4068508448976056 1.070653906557709 -0.76487334732982248 -1.0489651579083057 0.42036844078409535 2.8598205285227816 -0.33706670357724244 0.56128607245530782 -0.03794593700244251 0.77573299384778238 1.5251122779668647 -1.1922928095970025 1.2222111333010859 -0.47164244421469276 0.017080976464545605 -0.16063993081121761 -0.056041554407647222 -1.6736943463006322
leaf_weight=137 3177 65 21 64 59 21 163 129 33 43 304 1375 54 123 176 57 178 23 138 588 3089 256 47 622 173 933 291 425 93 137
leaf_count=137 3177 65 21 64 59 21 163 129 33 43 304 1375 54 123 176 57 178 23 138 588 3089 256 47 622 173 933 291 425 93 137
internal_value=0 -0.0209187 -0.802172 -0.00135378 0.558649 -0.0136485 0.051577 -0.0107992 1.24648 2.33888 -0.0769886 0.156568 0.970929 0.0688534 -0.356034 -2.08979 -0.00933279 0.69951 -0.138933 0.196875 -0.187214 -0.335237 -0.431238 -0.755851 0.530313 -0.1919 -0.277918 0.191359 -0.440571 -1.0196
internal_weight=0 12525 306 12219 469 256 184 12155 213 76 8978 1882 183 1699 235 122 1576 201 7096 892 6204 3115 2804 1190 311 1614 568 681 521 230
internal_count=12994 12525 306 12219 469 256 184 12155 213 76 8978 1882 183 1699 235 122 1576 201 7096 892 6204 3115 2804 1190 311 1614 568 681 521 230
is_linear=0
shrinkage=0.5


Tree=10
num_leaves=31
num_cat=0
split_feature=19 17 7 24 19 7 19 17 36 36 24 0 19 19 22 36 7 3 12 36 22 19 7 30 19 34 19 7 9 19
split_gain=476.54 1733.95 1201.03 863.752 851.553 767.192 1100.08 830.237 847.113 750.145 740.269 730.877 727.014 719.833 703.797 683.607 779.201 650.034 620.188 548.041 790.387 700.827 1447.9 908.757 531.552 689.054 718.987 636.637 751.349 542.451
threshold=779.43750000000011 274.40000000000003 83.445301050000012 4314.8100600000007 802.43750000000011 84.976497650000013 821.18750000000011 296.90000000000003 82.603153250000005 89.142848950000015 4593.1850600000007 295.78100600000005 821.93750000000011 830.43750000000011 0.95898401750000006 83.365047450000006 84.695301050000012 43.21479990000001 341.25619735000004 81.777751900000013 0.53808549050000021 861.81250000000011 87.663997650000013 89.55464935000002 762.18750000000011 264.28281488500005 739.56250000000011 81.55464935000002 39.335899350000012 727.43750000000011
decision_type=2 2 2 2 2 2 2 2 2 2 2 2 2 2 2 2 2 2 2 2 2 2 2 2 2 2 2 2 2 2
left_child=1 9 3 -2 15 10 7 -7 -9 -1 11 -6 -5 -12 -3 -4 17 -17 19 20 -8 22 -21 -23 25 29 -27 28 -26 -11
right_child=2 14 4 12 5 6 18 8 -10 24 13 -13 -14 -15 -16 16 -18 -19 -20 21 -22 23 -24 -25 27 26 -28 -29 -30 -31
leaf_value=1.8505675337380834 -2.3629872130850953 0.19696095302305391 -0.52382042990511224 -0.33874155807689849 -0.54354457145711244 0.44037441401133459 -1.1280017864818757 -0.22980235760601667 3.2237577764982626 0.40447337642593545 0.2023023306246963 -2.5525731783515462 -2.4583387322989956 -0.68384978231160509 1.7092946670462543 -0.004602853175825798 1.8666401892947424 1.0702469036313556 -0.12635530022361005 0.17953947394636272 1.3346284418931287 -1.9095549695041922 3.9452931588658919 0.10771397110337103 -0.17799796496800493 2.8805083447269033 0.49647115587211421 -0.083356769188984756 -2.2212007351547154 -0.4471175814154687
leaf_weight=54 60 113 136 1100 796 650 39 26 56 311 834 48 42 316 241 325 119 248 4200 1399 198 92 26 142 89 35 328 411 91 469
leaf_count=54 60 113 136 1100 796 650 39 26 56 311 834 48 42 316 241 325 119 248 4200 1399 198 92 26 142 89 35 328 411 91 469
internal_value=0 0.215523 -0.0425405 -0.513848 0.0161653 -0.0293381 0.0503428 0.629507 2.12873 0.0153542 -0.302187 -0.657802 -0.416695 -0.0411969 1.22654 0.500985 0.702392 0.460603 -0.0192025 0.218161 0.929385 0.116558 0.248248 -0.6854 -0.0417978 0.157265 0.726337 -0.426786 -1.21095 -0.107573
internal_weight=0 2142 10852 1202 9650 8822 6828 732 82 1788 1994 844 1142 1150 354 828 692 573 6096 1896 237 1659 1425 234 1734 1143 363 591 180 780
internal_count=12994 2142 10852 1202 9650 8822 6828 732 82 1788 1994 844 1142 1150 354 828 692 573 6096 1896 237 1659 1425 234 1734 1143 363 591 180 780
is_linear=0
shrinkage=0.5


Tree=11
num_leaves=31
num_cat=0
split_feature=9 34 3 1 24 19 7 33 22 19 25 3 36 28 1 21 5 12 0 9 19 9 9 24 26 3 22 12 22 22
split_gain=480.971 742.166 637.049 801.49 712.992 621.615 814.918 722.646 594.302 584.062 547.078 535.702 630.447 626.134 520.634 522.178 500.692 608.007 484.156 668.173 447.979 444.62 665.854 545.081 439.399 739.587 433.594 420.738 418.61 471.931
threshold=1.0000000180025095e-35 279.65781011500002 7.6679651750000009 1.0000000180025095e-35 4665.9350600000007 834.68750000000011 85.413997650000013 493.71850600000005 1.4355450250000004 837.31250000000011 176.84999850000003 42.761699700000008 85.587249750000012 0.34375000000000006 1.0000000180025095e-35 6.5833332777777782 1.0000000180025095e-35 321.64934955000007 295.28100600000005 34.61715130000001 815.93750000000011 48.27729990000001 42.738199250000001 4553.0600600000007 75.390598300000008 46.738199250000001 0.71679651750000006 316.67985000000004 0.43261650200000007 0.64453101150000014
decision_type=2 2 2 2 2 2 2 2 2 2 2 2 2 2 2 2 2 2 2 2 2 2 2 2 2 2 2 2 2 2
left_child=1 -1 5 8 -5 6 16 10 9 -4 14 12 13 -2 26 -16 -3 27 21 -20 -19 22 23 -13 25 -24 -7 -18 -9 -30
right_child=11 2 3 4 -6 7 -8 28 -10 -11 -12 18 -14 -15 15 -17 17 20 19 -21 -22 -23 24 -25 -26 -27 -28 -29 29 -31
leaf_value=-0.91534633124055831 1.0100123208275567 -0.71574523642828514 -0.59339683361935847 -1.7206590077919166 -0.40144923024772838 0.042476525055244567 0.94299298057450731 -1.150318077377354 1.8347983535140662 0.76392048885640895 -2.2283199268526266 -0.082966006067431347 0.114891194834147 -0.035110480541214698 -1.9748081745967889 0.19326234593947622 0.69342108177287243 0.49951176199269193 2.5726009551435709 -0.3398998489292353 -0.32166153471338454 0.38074776204079569 -0.62334874361580439 0.68684664060507983 0.094118264759093753 0.022600508702647036 -1.0528311223945825 3.696054834127426 1.4257040097490772 0.16785440573888238
leaf_weight=292 438 176 255 176 245 125 347 48 41 115 42 411 2467 213 30 374 28 343 20 1280 322 834 872 522 1227 901 326 20 91 413
leaf_count=292 438 176 255 176 245 125 347 48 41 115 42 411 2467 213 30 374 28 343 20 1280 322 834 872 522 1227 901 326 20 91 413
internal_value=0 -0.14938 -0.0857854 -0.468064 -0.952948 0.0326713 0.293157 -0.189523 0.0286165 -0.171528 -0.466518 0.0619476 0.230386 0.66806 -0.379974 0.032267 0.0395087 0.225939 -0.0246176 -0.295092 0.101891 0.049143 -0.0211744 0.347733 -0.135905 -0.295091 -0.749254 1.94452 0.260594 0.394966
internal_weight=0 3809 3517 832 421 2685 1236 1449 411 370 897 9185 3118 651 855 404 889 713 6067 1300 665 4767 3933 933 3000 1773 451 48 552 504
internal_count=12994 3809 3517 832 421 2685 1236 1449 411 370 897 9185 3118 651 855 404 889 713 6067 1300 665 4767 3933 933 3000 1773 451 48 552 504
is_linear=0
shrinkage=0.5


Tree=12
num_leaves=31
num_cat=0
split_feature=22 36 24 33 19 1 19 30 34 12 13 12 11 36 26 24 21 7 12 36 19 22 3 26 28 34 26 3 26 36
split_gain=362.004 492.514 488.786 423.276 712.856 504.408 394.619 954.748 635.25 847.034 606.557 564.192 582.333 936.929 787.641 622.045 567.83 541.1 478.691 461.266 510.363 453.008 664.499 627.873 584.348 598.884 499.374 493.16 452.011 753.084
threshold=0.44335900250000004 96.380947100000014 4692.8100600000007 385.34350600000005 696.00000000000011 1.0000000180025095e-35 787.93750000000011 86.61714935000002 273.07968750000003 328.06450115000001 1.0000000180025095e-35 316.31844940000002 0.71386650200000001 89.714252450000018 75.171848300000008 4763.4350600000007 14.138888777777781 82.195301050000012 332.67255055000004 91.174549100000021 811.56250000000011 0.82812449350000017 50.24604990000001 75.734348300000008 0.21875000000000003 282.42343511500002 75.453098300000008 1.0000000180025095e-35 75.015598300000008 85.904750800000002
decision_type=2 2 2 2 2 2 2 2 2 2 2 2 2 2 2 2 2 2 2 2 2 2 2 2 2 2 2 2 2 2
left_child=1 2 -1 4 -2 -6 8 10 9 -5 -8 -9 21 15 -15 16 -14 -12 -16 -19 -21 22 23 24 26 -26 -13 -27 29 -23
right_child=3 -3 -4 6 5 -7 7 11 -10 -11 17 12 13 14 18 -17 -18 19 -20 20 -22 28 -24 -25 25 27 -28 -29 -30 -31
leaf_value=-0.85389305372439672 1.0751310147737201 1.2371071097544497 0.04731813784415427 0.11917094204229231 -2.7538412362337112 -0.60503359733977247 -0.13276192472859596 0.89811514870608378 0.63494154780653744 -1.8224020813559663 -3.4200691810498633 0.091087947593581298 -0.21368663897073797 -0.76882712545876319 0.45567236937647471 0.93425454261402285 1.223640200425556 0.34871795536442235 1.5359150944864304 -1.0122947046190107 -3.5561320077289236 -0.18913235326038033 0.815970117871473 -1.322337381451963 -1.7148482738570734 0.38419769402018683 1.0462246233559385 -0.26897844229765594 -0.20564744538404495 0.79600434306927992
leaf_weight=359 38 45 259 1784 44 72 300 181 644 58 24 310 962 65 172 165 74 55 254 190 22 488 306 83 55 457 245 786 4175 322
leaf_count=359 38 45 259 1784 44 72 300 181 644 58 24 310 962 65 172 165 74 55 254 190 22 488 306 83 55 457 245 786 4175 322
internal_value=0 -0.359913 -0.476201 0.0193514 -0.804393 -1.4201 0.0297691 -0.0158193 0.207484 0.0580356 -0.631644 0.0241754 0.00643992 0.270484 0.852392 0.0325852 -0.11102 -1.14596 1.09976 -0.941541 -1.27628 -0.0553786 0.131284 0.0230645 0.0833281 -0.100274 0.512725 -0.0288324 -0.13933 0.20249
internal_weight=0 663 618 12331 154 116 12177 9691 2486 1842 591 9100 8919 1692 491 1201 1036 291 426 267 212 7227 2242 1936 1853 1298 555 1243 4985 810
internal_count=12994 663 618 12331 154 116 12177 9691 2486 1842 591 9100 8919 1692 491 1201 1036 291 426 267 212 7227 2242 1936 1853 1298 555 1243 4985 810
is_linear=0
shrinkage=0.5


Tree=13
num_leaves=31
num_cat=0
split_feature=24 19 26 24 0 7 0 19 19 0 24 19 7 0 0 22 26 1 24 26 34 0 19 34 19 17 26 19 26 30
split_gain=336.657 401.18 952.248 600.073 616.756 486.973 541.414 555.695 358.632 334.589 578.796 331.133 590.438 553.716 359.52 538.631 579.573 563.451 874.506 603.03 819.793 537.361 481.404 446.265 445.754 805.402 464.766 399.906 374.769 354.464
threshold=4505.1850600000007 776.56250000000011 75.203098300000008 4326.8100600000007 292.03100600000005 81.55464935000002 282.84350600000005 751.06250000000011 793.43750000000011 298.59350600000005 4396.1250000000009 795.18750000000011 82.288997650000013 285.09350600000005 290.09350600000005 1.0790950050000003 75.515598300000008 1.0000000180025095e-35 4712.5600600000007 75.109348300000008 291.07965030000003 284.65600600000005 850.81250000000011 299.81400050000002 835.81250000000011 291.70000020000003 74.953098300000008 818.68750000000011 75.703098300000008 90.30464935000002
decision_type=2 2 2 2 2 2 2 2 2 2 2 2 2 2 2 2 2 2 2 2 2 2 2 2 2 2 2 2 2 2
left_child=1 5 3 -3 -5 9 -7 -8 -6 -1 -11 13 -13 -2 15 17 24 18 19 20 -14 -21 23 -19 26 -26 27 -17 -16 -24
right_child=11 2 -4 4 8 6 7 -9 -10 10 -12 12 14 -15 28 16 -18 22 -20 21 -22 -23 29 -25 25 -27 -28 -29 -30 -31
leaf_value=-0.27264845351824379 2.6097614753246305 -3.1413494518824985 -0.053606866703235674 -0.54023912968907117 -1.2582333261768024 2.354253196835463 1.691645881198647 0.091162975810846744 -3.7534791946721575 -1.2708801581807758 1.7326890961882078 -2.4176107907295226 3.8220603712227033 0.23366943921811961 -0.09912645615206489 -2.3162157628685236 -0.42293558216772936 -0.16327376512921241 1.4648643138578101 0.74359070831069762 0.42524854569003367 -0.29929941935684856 -0.89270010074423678 1.3244017640245147 -1.0880299210654234 0.42193442560740335 1.0147154386307462 0.51723156417861127 0.55815257808185359 0.65936135727821332
leaf_weight=825 25 28 1050 411 36 34 62 433 24 23 53 25 23 1274 4861 20 211 505 124 153 78 641 358 56 99 818 443 33 227 41
leaf_count=825 25 28 1050 411 36 34 62 433 24 23 53 25 23 1274 4861 20 211 505 124 153 78 641 358 56 99 818 443 33 227 41
internal_value=0 -0.147565 -0.323863 -0.892537 -0.75885 0.0434039 0.424197 0.291628 -2.25633 -0.180169 0.823714 0.0438937 0.00879495 0.279399 0.0157746 0.136622 0.350032 -0.0385049 0.22045 0.0480394 1.19878 -0.0983395 -0.313375 -0.0147714 0.465457 0.258918 0.847305 -0.551994 -0.0698021 -0.733215
internal_weight=0 2979 1549 499 471 1430 529 495 60 901 76 10015 8716 1299 8691 3603 1624 1979 1019 895 101 794 960 561 1413 917 496 53 5088 399
internal_count=12994 2979 1549 499 471 1430 529 495 60 901 76 10015 8716 1299 8691 3603 1624 1979 1019 895 101 794 960 561 1413 917 496 53 5088 399
is_linear=0
shrinkage=0.5


Tree=14
num_leaves=31
num_cat=0
split_feature=19 7 19 28 19 13 0 7 9 24 1 0 5 26 11 22 26 30 19 21 19 3 22 28 11 24 36 5 30 11
split_gain=268.023 648.32 410.523 347.81 313.259 274.394 463.697 459.165 411.06 313.912 299.347 288.654 648.601 308.589 305.814 283.165 270.687 500.464 562.86 492.952 490.071 416.388 405.561 477.788 400.966 487.641 487.354 406.748 400.071 381.124
threshold=900.43750000000011 88.796848300000008 890.43750000000011 -0.40624999999999994 922.62500000000011 1.0000000180025095e-35 311.25000000000006 84.55464935000002 43.503900550000004 5057.2500000000009 1.0000000180025095e-35 295.21850600000005 1.0000000180025095e-35 75.703098300000008 0.32812450850000002 3.0751900700000006 75.109348300000008 88.195301050000012 801.68750000000011 1.3611111388888892 762.18750000000011 42.074199700000008 0.69531199350000017 0.28125000000000006 0.46777300550000006 4712.5600600000007 83.047550200000003 1.0000000180025095e-35 85.24214935000002 1.2675749650000003
decision_type=2 2 2 2 2 2 2 2 2 2 2 2 2 2 2 2 2 2 2 2 2 2 2 2 2 2 2 2 2 2
left_child=1 5 -3 4 -2 7 9 -1 -8 11 -9 15 14 -14 -13 16 17 18 19 20 22 -22 -7 -24 26 -26 27 -19 -23 -18
right_child=3 2 -4 -5 -6 6 8 10 -10 -11 -12 12 13 -15 -16 -17 29 24 -20 -21 21 28 23 -25 25 -27 -28 -29 -30 -31
leaf_value=0.1263446130162186 0.55546054934583056 2.4265818503167895 -0.069017876226168409 -2.6433574621166502 -1.6378631939490635 2.7480829201638697 -2.0140639627521688 2.0518260540546112 -0.09798836314299128 1.5986741229891777 0.39400023860590799 -2.9876109422184527 -0.16287885773673322 0.83238537784918776 -0.93701380702356496 -1.4667806641664356 -0.03505185916912805 1.7185438815000895 -0.72160743924149473 1.4995719980862405 -2.1204598335851288 -1.4625501964623346 1.3528984792384446 -0.83337414348307925 -0.33063291437338688 0.71181285278351036 0.84392111804024716 -0.014416638706906472 0.53579480179718564 1.1631492940820198
leaf_weight=1150 41 45 26 21 27 20 55 53 57 30 56 24 2024 81 75 32 7015 37 281 63 37 39 51 49 370 161 538 399 70 67
leaf_count=1150 41 45 26 21 27 20 55 53 57 30 56 24 2024 81 75 32 7015 37 281 63 37 39 51 49 370 161 538 399 70 67
internal_value=0 0.0059635 1.5127 -0.864707 -0.315418 -0.00237204 -0.0264838 0.219307 -1.03892 -0.0165917 1.2001 -0.0208302 -0.183404 -0.124581 -1.43413 0.0179945 0.0231606 0.180126 -0.20191 0.241965 -0.0558898 -0.67117 0.692701 0.281625 0.334971 -0.0145618 0.525527 0.132647 -0.179209 -0.0237162
internal_weight=0 12905 71 89 68 12834 11575 1259 112 11463 109 11433 2204 2105 99 9229 9197 2115 610 329 266 146 120 100 1505 531 974 436 109 7082
internal_count=12994 12905 71 89 68 12834 11575 1259 112 11463 109 11433 2204 2105 99 9229 9197 2115 610 329 266 146 120 100 1505 531 974 436 109 7082
is_linear=0
shrinkage=0.5


Tree=15
num_leaves=31
num_cat=0
split_feature=19 36 7 24 0 9 36 0 22 22 22 11 28 30 19 10 36 0 22 22 24 24 28 23 36 36 10 34 17 11
split_gain=281.587 613.908 567.327 411.93 754.206 386.83 377.973 571.043 451.842 472.616 398.6 341.027 415.693 417.989 467.824 367.6 339.151 336.707 316.647 313.296 301.163 300.081 314.007 324.274 275.466 266.477 829.481 509.491 1411 1030.53
threshold=850.81250000000011 78.539649950000026 87.11714935000002 4599.5600600000007 287.28100600000005 44.21479990000001 82.03170015000002 293.53100600000005 0.88085901750000006 1.3408150050000003 2.3798799500000007 0.37206999950000003 0.34375000000000006 89.55464935000002 863.68750000000011 1.0000000180025095e-35 88.317447650000005 297.34350600000005 1.2675750250000002 0.48730400200000007 4771.3100600000007 4641.9350600000007 0.15625000000000003 85.007801050000012 85.333248150000017 78.285648350000017 1.0000000180025095e-35 294.45465030000003 296.80000060000003 0.59765601150000014
decision_type=2 2 2 2 2 2 2 2 2 2 2 2 2 2 2 2 2 2 2 2 2 2 2 2 2 2 2 2 2 2
left_child=2 19 25 4 16 -4 7 20 -9 -10 11 12 13 14 -8 -15 -3 -11 -6 -2 -5 -21 23 -23 -17 26 -1 28 -27 -29
right_child=1 3 5 6 18 -7 10 8 9 17 -12 -13 -14 15 -16 24 -18 -19 -20 21 -22 22 -24 -25 -26 27 -28 29 -30 -31
leaf_value=-0.87588972533086829 -1.4216751484200358 -0.5977616097806091 0.42533882153885705 0.43679606291535961 -1.1153955803149276 2.9187123094286238 -0.23338435976593583 0.57347193360328674 -3.3042572601275011 0.66793241116517621 1.0789587552900668 -0.1026165342364392 -1.0255975356924905 0.57643846532707022 -2.2897332835765112 -2.3603747146470204 0.80981001816689968 -1.7240743675539572 -3.2125053649975195 0.038266037114311098 1.8037349948426709 -1.0205384348829587 1.5892112996288628 1.1113017523576589 0.11930307825605269 0.0083079263949098186 0.67225370822234254 0.6605798723902383 -3.9133003224497256 -0.20627554865652878
leaf_weight=267 20 266 35 251 36 28 81 51 22 28 54 874 289 163 42 21 51 31 36 129 48 30 106 44 24 8379 128 872 23 565
leaf_count=267 20 266 35 251 36 28 81 51 22 28 54 874 289 163 42 21 51 31 36 129 48 30 106 44 24 8379 128 872 23 565
internal_value=0 -0.14382 0.0376695 -0.232738 -0.703107 1.5335 -0.14028 0.273838 -0.592354 -1.32639 -0.255581 -0.303817 -0.587445 -0.204888 -0.935552 0.227187 -0.371307 -0.588885 -2.16395 0.496171 0.656238 0.620304 1.03743 0.247042 -1.03788 0.0284612 -0.374213 0.0446271 -0.00242725 0.319749
internal_weight=0 2697 10297 2368 389 63 1979 431 132 81 1548 1494 620 331 123 208 317 59 72 329 299 309 180 74 45 10234 395 9839 8402 1437
internal_count=12994 2697 10297 2368 389 63 1979 431 132 81 1548 1494 620 331 123 208 317 59 72 329 299 309 180 74 45 10234 395 9839 8402 1437
is_linear=0
shrinkage=0.5


Tree=16
num_leaves=31
num_cat=0
split_feature=12 25 36 25 7 26 1 30 19 1 36 34 22 19 26 26 3 19 22 23 24 22 19 0 33 11 30 36 28 11
split_gain=222.891 331.625 497.183 349.42 403.246 332.829 281.131 268.696 403.291 318.262 253.626 326.127 387.45 250.978 243.59 302.719 392.876 355.901 363.074 362.166 312.801 814.906 487.324 319.656 308.585 259.792 273.506 346.708 332.157 380.865
threshold=315.86670155000007 167.34999850000003 94.095150000000004 173.44999700000002 83.601497650000013 75.203098300000008 1.0000000180025095e-35 84.195301050000012 727.43750000000011 1.0000000180025095e-35 107.74549850000001 263.48593988500005 1.3740200400000002 813.43750000000011 74.640598300000008 75.078098300000008 59.58979990000001 870.81250000000011 2.3798799500000007 85.570301050000012 4455.4350600000007 1.3613250250000002 780.18750000000011 288.65600600000005 431.34350600000005 0.14453100400000005 85.55464935000002 95.492050150000026 0.15625000000000003 0.6708979905000001
decision_type=2 2 2 2 2 2 2 2 2 2 2 2 2 2 2 2 2 2 2 2 2 2 2 2 2 2 2 2 2 2
left_child=1 2 -1 13 6 -6 -5 9 -9 -2 11 12 -10 -3 -13 17 -17 18 20 -19 21 22 -16 -23 -24 -22 -27 28 -28 -30
right_child=7 3 -4 4 5 -7 -8 8 10 -11 -12 14 -14 -15 15 16 -18 19 -20 -21 25 23 24 -25 -26 26 27 -29 29 -31
leaf_value=2.1426508860154585 0.16076068868417115 -0.13273861335638243 0.37231365146360995 -0.32005744541095477 3.2304577366872267 0.51018999063450354 0.84594446344746521 1.9918578213825822 -0.15753496336803688 -1.6897866212619612 1.6775728758763184 -0.44391328636836852 -1.6744313608214725 -1.4376066382043065 1.8458192709720496 -0.045957902027842862 1.0809699209550252 -0.041000413926667534 1.4486939166901542 -1.6166523985710799 -0.96922950482949977 -0.9720052076237542 -2.1459593027830124 -3.7307832354591008 0.19167407314913967 1.8545039849621909 0.70127698838333108 -0.67389703020970859 0.2902217472253259 -0.68400837066011466
leaf_weight=44 42 468 402 118 22 23 92 25 123 52 22 316 64 40 33 9137 78 128 61 51 41 21 20 21 48 28 434 90 836 114
leaf_count=44 42 468 402 118 22 23 92 25 123 52 22 316 64 40 33 9137 78 128 61 51 41 21 20 21 48 28 434 90 836 114
internal_value=0 0.204454 0.546966 0.00424458 0.481822 1.8401 0.190762 -0.0209746 -0.0142048 -0.862946 -0.0185038 -0.0217083 -0.676687 -0.235484 -0.0110178 0.00126071 -0.0364191 0.181541 0.25034 -0.489929 0.206984 -0.500457 0.26924 -2.35139 -0.495865 0.272547 0.306443 0.277037 0.338875 0.173314
internal_weight=0 1209 446 763 255 45 210 11785 11691 94 11666 11644 187 508 11457 11141 9215 1926 1747 179 1686 143 101 42 68 1543 1502 1474 1384 950
internal_count=12994 1209 446 763 255 45 210 11785 11691 94 11666 11644 187 508 11457 11141 9215 1926 1747 179 1686 143 101 42 68 1543 1502 1474 1384 950
is_linear=0
shrinkage=0.5


Tree=17
num_leaves=31
num_cat=0
split_feature=19 7 36 7 28 23 22 26 28 23 34 33 36 12 33 24 28 15 1 23 22 26 36 36 33 36 28 26 36 22
split_gain=184.043 543.225 951.861 408.46 324.276 838.109 345.275 502.69 467.738 543.802 318.014 542.41 396.394 389.939 371.938 329.803 312.065 302.9 294.091 696.334 397.376 402.923 338.813 619.639 357.731 324.303 315.099 292.221 452.997 311.875
threshold=823.68750000000011 85.55464935000002 82.412647250000006 83.64839935000002 0.71875000000000011 84.74214935000002 1.8779249800000002 75.234348300000008 0.21875000000000003 85.11714935000002 282.73593511500002 479.40600600000005 95.492050150000026 328.78729855 475.96850600000005 5020.2451200000005 0.093750000000000014 802.50000000000011 1.0000000180025095e-35 85.52339935000002 1.3574150200000001 75.359348300000008 86.730152150000023 90.158649450000013 438.96850600000005 84.952350600000003 0.21875000000000003 75.140598300000008 89.587249750000012 1.0654250400000003
decision_type=2 2 2 2 2 2 2 2 2 2 2 2 2 2 2 2 2 2 2 2 2 2 2 2 2 2 2 2 2 2
left_child=1 4 -3 16 6 -6 10 8 9 -8 13 12 14 15 27 -1 -2 -7 20 22 21 -15 -20 -24 -25 -22 -23 29 -29 -12
right_child=3 2 -4 -5 5 17 7 -9 -10 -11 11 -13 -14 18 -16 -17 -18 -19 19 -21 25 26 23 24 -26 -27 -28 28 -30 -31
leaf_value=0.0098105197599022177 -2.6308524365778321 -0.47804062060764868 1.2062042310269943 -0.046686942024351072 0.10516351010147973 -0.82193898131686549 1.9216290358819215 1.2381878939083442 -0.80309806876285106 -0.27464965387942297 1.3106619122223564 -0.65890794497681782 2.0530130446422845 -1.0944407994371899 0.97779535985957811 1.9530359581112862 -0.20389528285998565 -2.4610804881553587 0.98256650716066363 -2.1925251862359425 2.6149824187159538 0.81385766950447158 -1.6195692910502355 -1.1405093743134354 0.30486162624154717 0.35517749306443452 -0.68296606711218832 -0.1796176124341457 0.64791729655411789 0.23354475726349855
leaf_weight=2907 27 126 251 6642 228 63 51 147 93 63 102 160 32 109 164 22 26 51 40 63 20 83 96 59 156 77 61 657 221 197
leaf_count=2907 27 126 251 6642 228 63 51 147 93 63 102 160 32 109 164 22 26 51 40 63 20 83 96 59 156 77 61 657 221 197
internal_value=0 0.0613477 0.6433 -0.057719 0.0243 -0.448304 0.0532661 0.531146 0.0290436 0.707896 0.0208954 0.212333 0.313861 -0.0585722 0.27236 0.0244063 -1.44027 -1.55524 -0.376693 -0.661924 -0.0393042 -0.369189 -0.387201 -0.563377 -0.0917751 0.821117 0.179787 0.174067 0.0286799 0.600989
internal_weight=0 6299 377 6695 5922 342 5580 354 207 114 5226 1533 1373 3693 1341 2929 53 114 764 414 350 253 351 311 215 97 144 1177 878 299
internal_count=12994 6299 377 6695 5922 342 5580 354 207 114 5226 1533 1373 3693 1341 2929 53 114 764 414 350 253 351 311 215 97 144 1177 878 299
is_linear=0
shrinkage=0.5


Tree=18
num_leaves=31
num_cat=0
split_feature=0 34 3 12 19 24 19 22 23 28 22 10 23 24 22 15 26 22 11 36 24 26 19 30 17 13 12 17 22 3
split_gain=176.184 347.064 244.622 294.472 242.244 284.846 516.579 340.805 296.262 323.539 551.88 464.406 319.746 298.221 370.854 296.216 289.314 275.337 239.495 230.296 241.834 235.274 224.645 452.931 324.849 237.469 241.702 408.064 354.01 258.789
threshold=281.09350600000005 253.65784970000001 38.660150550000004 314.60170025000002 696.00000000000011 4445.5600600000007 809.93750000000011 1.1249949950000002 86.24214935000002 0.093750000000000014 1.4062450500000001 1.0000000180025095e-35 84.42964935000002 4343.6850600000007 1.2675750250000002 1285.5000000000002 75.328098300000008 1.0341750400000003 0.31835900250000004 81.079349500000021 4546.0600600000007 75.484348300000008 730.43750000000011 84.08589935000002 258.90000000000003 1.0000000180025095e-35 329.78119885000007 277.500000145 1.4638650400000002 42.074199700000008
decision_type=2 2 2 2 2 2 2 2 2 2 2 2 2 2 2 2 2 2 2 2 2 2 2 2 2 2 2 2 2 2
left_child=1 -1 19 -4 -2 6 8 -8 9 10 15 12 -11 14 -14 -6 -16 -13 -19 -3 21 -21 24 -24 -7 26 27 29 -29 -25
right_child=4 2 3 -5 5 22 7 -9 -10 11 -12 17 13 -15 16 -17 -18 18 -20 20 -22 -23 23 25 -26 -27 -28 28 -30 -31
leaf_value=-1.6174971258640289 1.1831934680896146 1.0984327008432531 2.1800946031472885 0.46060398462868762 -0.59451374877731833 -0.07637576357676433 -0.45249039067753721 -2.4789852434542121 1.69935304636047 -0.41942971056998996 -1.8577703390802656 -0.068531671863987551 0.41682305886889948 0.20884993694902909 0.79093285501003263 0.62070088806178636 3.2808279959218845 -0.21994527249976439 -1.5760205825790763 0.32006254256028088 -1.0786223841401248 -0.52856436926211647 -1.4579746960750166 0.18879187505542899 2.0730994429904968 -0.011834596854826896 -0.33085880970954895 0.76494502528415376 3.1168377324938774 1.9451726139946417
leaf_weight=25 42 47 27 320 191 39 42 41 21 122 70 159 66 248 20 68 28 54 82 276 52 116 53 449 32 10085 125 48 24 22
leaf_count=25 42 47 27 320 191 39 42 41 21 122 70 159 66 248 20 68 28 54 82 276 52 116 53 449 32 10085 125 48 24 22
internal_value=0 0.218285 0.273052 0.594397 -0.0155288 -0.0196935 -0.249617 -1.45353 -0.16111 -0.196371 -0.612123 -0.020784 0.280613 0.516539 1.1859 -0.275461 2.24337 -0.515279 -1.03758 0.0459506 -0.0654607 0.0689383 0.0059264 0.000101878 0.892402 0.00728853 0.295996 0.4403 1.54891 0.270831
internal_weight=0 863 838 347 12131 12089 1212 83 1129 1108 329 779 484 362 114 259 48 295 136 491 444 392 10877 10806 71 10753 668 543 72 471
internal_count=12994 863 838 347 12131 12089 1212 83 1129 1108 329 779 484 362 114 259 48 295 136 491 444 392 10877 10806 71 10753 668 543 72 471
is_linear=0
shrinkage=0.5


Tree=19
num_leaves=31
num_cat=0
split_feature=0 23 26 25 19 24 1 7 21 36 24 12 19 24 11 24 26 15 0 22 23 12 23 12 10 28 11 23 26 22
split_gain=177.137 347.306 304.102 292.508 294.516 429.564 429.362 350.993 301.267 376.722 285.911 460.765 430.597 282.73 349.573 482.063 432.946 376.708 280.026 316.198 274.735 268.945 267.155 286.954 259.67 253.876 263.216 241.863 287.799 241.417
threshold=289.78100600000005 84.74214935000002 75.671848300000008 181.15000150000003 832.31250000000011 4632.4350600000007 1.0000000180025095e-35 84.17964935000002 10.583333444444447 81.777751900000013 4594.8100600000007 343.33429945000006 844.18750000000011 4497.5600600000007 0.64648401750000006 4682.6850600000007 75.578098300000008 867.50000000000011 277.90600600000005 1.4873000400000003 84.89839935000002 349.83980025000005 85.96089935000002 327.07060085000006 1.0000000180025095e-35 0.093750000000000014 0.89843702300000017 86.52339935000002 75.046848300000008 0.6396479905000001
decision_type=2 2 2 2 2 2 2 2 2 2 2 2 2 2 2 2 2 2 2 2 2 2 2 2 2 2 2 2 2 2
left_child=3 2 10 4 5 8 -7 -6 22 -10 12 -12 -2 18 27 16 17 21 19 29 -3 -16 -1 -24 -17 -19 -27 28 -15 -9
right_child=1 20 -4 -5 7 6 -8 13 9 -11 11 -13 -14 14 15 24 -18 25 -20 -21 -22 -23 23 -25 -26 26 -28 -29 -30 -31
leaf_value=0.041763990816893276 -0.46738009441610007 0.19379158261216617 0.51892511436392763 1.4165439438074827 -2.0950706899166107 2.0349416622359837 0.44093157855663884 0.94538831648727262 -0.37547538381834283 1.2152592875543051 0.15709190337030693 -0.50433266095983253 -2.5064018250063613 0.33676034976439229 0.65522946282483951 0.65707727139325522 -1.1157294512726366 -0.84883545449172904 -0.97507332651385747 1.6367697894573212 -0.053879131531887857 2.4163869957306554 0.11448391370475292 2.6216064978923117 2.2955392646115449 0.71875798434570981 -0.34252051437653386 -1.270219128665536 -0.17179292581694955 -0.93549203266531733
leaf_weight=2239 631 1521 124 40 21 56 172 24 53 125 602 468 27 348 96 57 60 66 152 25 4244 28 25 21 42 135 103 43 1387 59
leaf_count=2239 631 1521 124 40 21 56 172 24 53 125 602 468 27 348 96 57 60 66 152 25 4244 28 25 21 42 135 103 43 1387 59
internal_value=0 -0.0490491 -0.23742 0.0694825 0.0593865 0.175856 0.832443 -0.0590642 0.115076 0.741614 -0.291694 -0.132204 -0.551048 -0.0427762 0.0116318 0.346189 0.142104 0.318436 -0.537679 0.0779124 0.0114647 1.05291 0.0662693 1.25904 1.35218 0.0188473 0.259465 -0.0988209 -0.0697892 -0.391623
internal_weight=0 7617 1852 5377 5337 2691 228 2646 2463 178 1728 1070 658 2625 2365 587 488 428 260 108 5765 124 2285 46 99 304 238 1778 1735 83
internal_count=12994 7617 1852 5377 5337 2691 228 2646 2463 178 1728 1070 658 2625 2365 587 488 428 260 108 5765 124 2285 46 99 304 238 1778 1735 83
is_linear=0
shrinkage=0.5


end of trees

feature_importances:
Column_19=94
Column_22=58
Column_36=53
Column_26=52
Column_24=44
Column_7=38
Column_0=29
Column_28=29
Column_11=24
Column_1=23
Column_34=20
Column_30=19
Column_12=17
Column_33=16
Column_3=15
Column_23=14
Column_9=11
Column_17=11
Column_21=9
Column_10=6
Column_13=6
Column_25=5
Column_15=4
Column_5=3

parameters:
[boosting: gbdt]
[objective: regression]
[metric: rmse,l2]
[tree_learner: serial]
[device_type: cpu]
[data: ]
[valid: ]
[num_iterations: 20]
[learning_rate: 0.5]
[num_leaves: 31]
[num_threads: -1]
[deterministic: 0]
[force_col_wise: 0]
[force_row_wise: 0]
[histogram_pool_size: -1]
[max_depth: 20]
[min_data_in_leaf: 20]
[min_sum_hessian_in_leaf: 0.001]
[bagging_fraction: 1]
[pos_bagging_fraction: 1]
[neg_bagging_fraction: 1]
[bagging_freq: 0]
[bagging_seed: 3]
[feature_fraction: 1]
[feature_fraction_bynode: 1]
[feature_fraction_seed: 2]
[extra_trees: 0]
[extra_seed: 6]
[early_stopping_round: 1000]
[first_metric_only: 0]
[max_delta_step: 0]
[lambda_l1: 0]
[lambda_l2: 0]
[linear_lambda: 0]
[min_gain_to_split: 0]
[drop_rate: 0.1]
[max_drop: 50]
[skip_drop: 0.5]
[xgboost_dart_mode: 0]
[uniform_drop: 0]
[drop_seed: 4]
[top_rate: 0.2]
[other_rate: 0.1]
[min_data_per_group: 100]
[max_cat_threshold: 32]
[cat_l2: 10]
[cat_smooth: 10]
[max_cat_to_onehot: 4]
[top_k: 20]
[monotone_constraints: ]
[monotone_constraints_method: basic]
[monotone_penalty: 0]
[feature_contri: ]
[forcedsplits_filename: ]
[refit_decay_rate: 0.9]
[cegb_tradeoff: 1]
[cegb_penalty_split: 0]
[cegb_penalty_feature_lazy: ]
[cegb_penalty_feature_coupled: ]
[path_smooth: 0]
[interaction_constraints: ]
[verbosity: -1]
[saved_feature_importance_type: 0]
[linear_tree: 0]
[max_bin: 255]
[max_bin_by_feature: ]
[min_data_in_bin: 3]
[bin_construct_sample_cnt: 200000]
[data_random_seed: 1]
[is_enable_sparse: 1]
[enable_bundle: 1]
[use_missing: 1]
[zero_as_missing: 0]
[feature_pre_filter: 1]
[pre_partition: 0]
[two_round: 0]
[header: 0]
[label_column: ]
[weight_column: ]
[group_column: ]
[ignore_column: ]
[categorical_feature: ]
[forcedbins_filename: ]
[precise_float_parser: 0]
[objective_seed: 5]
[num_class: 1]
[is_unbalance: 0]
[scale_pos_weight: 1]
[sigmoid: 1]
[boost_from_average: 1]
[reg_sqrt: 0]
[alpha: 0.9]
[fair_c: 1]
[poisson_max_delta_step: 0.7]
[tweedie_variance_power: 1.5]
[lambdarank_truncation_level: 30]
[lambdarank_norm: 1]
[label_gain: ]
[eval_at: ]
[multi_error_top_k: 1]
[auc_mu_weights: ]
[num_machines: 1]
[local_listen_port: 12400]
[time_out: 120]
[machine_list_filename: ]
[machines: ]
[gpu_platform_id: -1]
[gpu_device_id: -1]
[gpu_use_dp: 0]
[num_gpu: 1]

end of parameters

pandas_categorical:null
