tree
version=v3
num_class=1
num_tree_per_iteration=1
label_index=0
max_feature_idx=38
objective=regression
feature_names=Column_0 Column_1 Column_2 Column_3 Column_4 Column_5 Column_6 Column_7 Column_8 Column_9 Column_10 Column_11 Column_12 Column_13 Column_14 Column_15 Column_16 Column_17 Column_18 Column_19 Column_20 Column_21 Column_22 Column_23 Column_24 Column_25 Column_26 Column_27 Column_28 Column_29 Column_30 Column_31 Column_32 Column_33 Column_34 Column_35 Column_36 Column_37 Column_38
feature_infos=[224.35000079999998:274.75000001999996] [0:1] [223.16570129999997:273.93124999999998] [497.625:918.875] [64.158698999999999:87.460296600000007] [0:102.875] [0:1] none [0:1] none [0:1] [0:475.875] [17997:39005] none [0:306.39999399999999] [0.0410160013:3.4316399099999999] [0:1] none [332.71769939999996:375.18399699999998] [0:62.953098300000001] none [-4:6.6875] none [0:154] none [43.3125:72.406196600000001] [0:1] none [0:4.0039000500000004] none [0:58.828098300000001] [0.555999994:0.79299998299999996] none none [64.781196600000001:94.6875] [75.781196600000001:89.5] [1035.75:2512.5] [-39.611112833333337:223.24444222222223] none
tree_sizes=2700 2779 2767 2785 2788 2790 2776 2782 2788 2801 2807 2801 2804 2795 2797 2814 2790 2782 2802 2823

Tree=0
num_leaves=31
num_cat=0
split_feature=30 21 21 6 4 4 14 6 15 36 23 15 3 36 6 14 19 14 4 14 36 6 14 36 3 18 4 15 4 18
split_gain=5160.3 2431.59 1617.01 1276.32 2515.45 1167.12 1067.51 817.802 810.786 775.786 646.869 620.08 617.53 500.852 451.07 421.873 394.303 352.864 328.918 365.111 729.748 309.902 302.772 359.392 281.305 266.534 258.898 256.097 253.677 289.409
threshold=30.988200200000005 -1.8437499999999998 -1.5937499999999998 1.0000000180025095e-35 71.619003300000017 68.952350600000003 261.05000300000006 1.0000000180025095e-35 1.6874950500000001 1811.4350000000002 119.71849800000001 1.4355450250000004 700.56250000000011 1912.7450000000001 1.0000000180025095e-35 251.15000150000003 42.179649350000012 244.44999700000002 78.412647250000006 251.94999700000002 1704.6850000000002 1.0000000180025095e-35 258.65000900000007 1772.4350000000002 686.06250000000011 364.11575165000005 73.714252450000018 1.0986250050000002 80.761852250000018 345.14139785000003
decision_type=2 2 2 2 2 2 2 2 2 2 2 2 2 2 2 2 2 2 2 2 2 2 2 2 2 2 2 2 2 2
left_child=2 3 10 4 -2 7 9 25 28 11 13 18 -11 15 -8 -1 22 -5 19 20 -7 -15 23 -4 -22 -3 -13 -18 29 -6
right_child=1 5 16 17 8 6 14 -9 -10 12 -12 26 -14 21 -16 -17 27 -19 -20 -21 24 -23 -24 -25 -26 -27 -28 -29 -30 -31
leaf_value=3.0491434659860968 5.803864100088175 5.5748352196067863 2.4295509602671341 3.7721482538062139 5.4709384388971145 3.253364053579245 2.7860486420801909 2.9537057939452516 2.9362538645081306 6.2612225687397496 2.4956575564889412 2.9510466868891965 3.6394180828772735 4.2129533997122275 2.1682261686103117 2.6141036448360557 1.629595348228805 3.1138624077980142 2.6364304658260669 2.9217575041447956 5.9840684322409805 2.9607364571514116 2.1369316851508957 3.392657758263617 4.2209408326599842 3.5985886606467741 2.2689267745550992 3.1168957591835262 3.2909048426937715 3.9151467803892421
leaf_weight=1348 151 76 1250 242 31 390 582 77 306 25 1253 230 221 118 600 950 303 1282 222 345 30 85 958 105 92 22 352 32 163 836
leaf_count=1348 151 76 1250 242 31 390 582 77 306 25 1253 230 221 118 600 950 303 1282 222 345 30 85 958 105 92 22 352 32 163 836
internal_value=2.89367 3.21589 2.57784 3.53995 3.86951 2.91694 2.84578 4.1731 3.65088 3.07719 2.78889 2.95446 3.90586 2.9358 2.47243 2.8693 2.27865 3.21839 3.17883 3.31933 3.58723 3.68863 2.35207 2.50418 4.6545 5.13119 2.53849 1.77167 3.86318 3.97077
internal_weight=0 6275 6402 3011 1487 3264 3089 175 1336 1907 3754 1661 246 2501 1182 2298 2648 1524 1079 857 512 203 2313 1355 122 98 582 335 1030 867
internal_count=12677 6275 6402 3011 1487 3264 3089 175 1336 1907 3754 1661 246 2501 1182 2298 2648 1524 1079 857 512 203 2313 1355 122 98 582 335 1030 867
is_linear=0
shrinkage=1


Tree=1
num_leaves=31
num_cat=0
split_feature=30 6 15 4 19 5 5 19 19 6 15 4 11 14 15 36 4 23 36 21 28 4 5 4 14 18 14 14 15 21
split_gain=1407.67 775.201 1075.8 795.497 768.121 718.805 514.995 434.309 403.969 395.01 341.462 492.816 328.03 324.672 320.544 289.284 250.524 194.479 417.283 169.687 167.436 201.654 165.057 162.82 148.535 147.773 147.647 143.543 139.778 138.244
threshold=31.824199650000004 1.0000000180025095e-35 1.6874950500000001 71.111049650000012 42.179649350000012 92.726497650000013 93.195301050000012 30.136699650000004 31.214799900000003 1.0000000180025095e-35 1.6249950500000001 76.097599050000014 343.65600600000005 270.05000300000006 1.4462800050000002 1628.3100000000002 79.174549100000021 118.65599800000001 1794.5600000000002 -2.2187499999999996 0.50585901750000006 72.698352800000023 95.695301050000012 70.158649450000013 247.55000300000003 355.80320205000004 243.34999850000003 270.34999100000005 1.1415950050000003 2.0937500000000004
decision_type=2 2 2 2 2 2 2 2 2 2 2 2 2 2 2 2 2 2 2 2 2 2 2 2 2 2 2 2 2 2
left_child=4 2 3 7 5 14 12 -2 10 -6 11 22 15 16 17 -3 20 18 24 -18 -5 25 -7 -16 -1 -22 -4 -14 -11 -9
right_child=1 6 26 13 9 8 -8 29 -10 28 -12 -13 27 -15 23 -17 19 -19 -20 -21 21 -23 -24 -25 -26 -27 -28 -29 -30 -31
leaf_value=0.0477697763206354 -0.09889929394703359 0.1163402990487061 0.57577016142507398 0.8762511701847947 -0.9168695261766171 -0.046885436379064248 0.28888860373911235 1.8347630336488547 0.44899340250365838 -0.35883607584310789 -0.33605238192380749 0.34238709840042247 -0.17668076881601108 -0.24775235014464203 0.80631531057455996 1.7486575742889392 0.51773137306096029 -0.37573993464135352 0.63919752316889222 -0.13038864169000447 2.1808504857893647 0.40470800822601499 -0.54523379158381602 -0.57437040925650673 -0.26867645463260137 0.41419817740097642 -0.20951498209185243 -0.63915846435536527 0.45550693162396305 0.51080871864475985
leaf_weight=582 40 95 66 472 435 842 990 190 618 387 588 1024 1284 148 22 38 200 746 185 204 29 598 207 726 1022 20 643 193 61 22
leaf_count=582 40 95 66 472 435 842 990 190 618 387 588 1024 1284 148 22 38 200 746 185 204 29 598 207 726 1022 20 643 193 61 22
internal_value=0 0.198752 0.390039 0.58414 -0.139673 -0.08076 0.00510975 1.41225 0.0848254 -0.577488 0.000249777 0.0956408 -0.169388 0.459254 -0.246144 0.582717 0.527959 -0.161276 -0.0718467 0.190463 0.649807 0.484612 -0.145225 -0.533762 -0.153856 1.45977 -0.136414 -0.237113 -0.247955 1.69737
internal_weight=0 5232 2632 1923 7445 6562 2600 252 3279 883 2661 2073 1610 1671 3283 133 1523 2535 1789 404 1119 647 1049 748 1604 49 709 1477 448 212
internal_count=12677 5232 2632 1923 7445 6562 2600 252 3279 883 2661 2073 1610 1671 3283 133 1523 2535 1789 404 1119 647 1049 748 1604 49 709 1477 448 212
is_linear=0
shrinkage=0.5


Tree=2
num_leaves=31
num_cat=0
split_feature=14 36 23 11 36 23 30 34 14 35 36 36 25 34 36 36 36 23 36 6 34 34 5 36 23 5 23 36 23 34
split_gain=683.758 778.032 792.62 624.269 422.847 382.253 348.654 338.309 279.874 268.312 244.095 227.009 266.088 226.212 183.96 182.878 166.235 157.457 168.535 144.109 138.257 136.187 135.265 135.997 157.922 129.335 142.51 125.851 125.83 123.995
threshold=256.55000300000006 1719.6850000000002 110.96849800000001 382.15600600000005 1854.1850000000002 122.34349800000001 29.886699650000004 83.99214935000002 242.05000300000003 82.351497650000013 1798.4350000000002 1790.0600000000002 64.578098300000008 82.570301050000012 1776.8100000000002 1784.1850000000002 2053.5600600000002 115.96849800000001 1917.3100000000002 1.0000000180025095e-35 87.726497650000013 87.070301050000012 97.17964935000002 1832.4350000000002 113.40599800000001 88.226497650000013 116.15599800000001 1725.1850000000002 127.28099800000001 83.39839935000002
decision_type=2 2 2 2 2 2 2 2 2 2 2 2 2 2 2 2 2 2 2 2 2 2 2 2 2 2 2 2 2 2
left_child=1 8 3 14 25 7 22 -6 -1 10 -8 -11 19 28 -3 -5 -15 -9 -19 -13 -20 -17 23 -4 -25 -2 27 -27 -7 -29
right_child=4 2 6 15 5 13 9 17 -10 11 -12 12 -14 16 -16 21 -18 18 20 -21 -22 -23 -24 24 -26 26 -28 29 -30 -31
leaf_value=0.12795095747501933 -0.01927953011346693 1.5793023939771824 -0.064704280461650346 0.34736138067284489 1.667841875553131 1.0969331293987732 0.54839474851122272 0.92378818621831149 -0.19550882610506815 -0.070395337154588303 2.0017904337029906 0.66484390038625607 0.06287363716482855 -0.31528650975899764 3.2055105946280738 1.7656305756257928 0.020375139831648417 -0.046467933546142266 0.69108078785567606 0.28197685160071595 0.072617857518937734 0.52032372741294763 -0.26488354058113533 1.3669108983970457 0.20049676170730593 -0.42374836383498315 -0.44318210081343523 0.86071829293440616 0.13675055388455926 -0.098394573382517253
leaf_weight=981 388 83 750 287 40 48 104 67 2101 443 40 543 570 1059 22 46 566 544 188 449 174 42 403 31 454 336 1237 36 118 527
leaf_count=981 388 83 750 287 40 48 104 67 2101 443 40 543 570 1059 22 46 566 544 188 449 174 42 403 31 454 336 1237 36 118 527
internal_value=0 0.0988738 0.237138 0.842435 -0.136378 -0.00273863 0.160417 0.242732 -0.0925516 0.292869 0.952116 0.245522 0.335119 -0.141578 1.92003 0.540708 -0.198373 0.184146 0.129448 0.49155 0.393809 1.17128 -0.0133556 0.0687219 0.275051 -0.284843 -0.333082 -0.181588 0.414394 -0.0370659
internal_weight=0 7349 4267 480 5328 2804 3787 1013 3082 2149 144 2005 1562 1791 105 375 1625 973 906 992 362 88 1638 1235 485 2524 2136 899 166 563
internal_count=12677 7349 4267 480 5328 2804 3787 1013 3082 2149 144 2005 1562 1791 105 375 1625 973 906 992 362 88 1638 1235 485 2524 2136 899 166 563
is_linear=0
shrinkage=0.5


Tree=3
num_leaves=31
num_cat=0
split_feature=19 19 4 15 15 3 35 35 2 28 21 6 15 3 34 35 15 6 4 18 6 30 15 5 2 36 3 11 36 21
split_gain=278.723 356.647 315.505 307.482 312.498 220.236 203.977 195.331 162.473 164.244 132.381 154.265 130.614 123.456 145.433 129.467 118.137 191.304 116.061 112.37 101.583 96.9392 91.8353 86.5749 82.5931 107.332 81.233 73.7866 82.7847 73.5039
threshold=42.179649350000012 31.074199650000004 78.03170015000002 0.34765599700000005 1.6562450500000001 741.68750000000011 84.33589935000002 83.695301050000012 236.56410065000003 0.93652302050000003 -2.6562499999999996 1.0000000180025095e-35 1.4550750250000002 773.68750000000011 86.851497650000013 85.851497650000013 1.5624950500000001 1.0000000180025095e-35 72.253948200000011 355.62249985 1.0000000180025095e-35 30.988200200000005 0.26367150250000004 92.570301050000012 231.32970085000002 1811.4350000000002 798.06250000000011 350.78100600000005 1758.1850000000002 -1.3437499999999998
decision_type=2 2 2 2 2 2 2 2 2 2 2 2 2 2 2 2 2 2 2 2 2 2 2 2 2 2 2 2 2 2
left_child=1 5 3 -3 8 7 -7 16 9 23 11 -6 24 14 -8 -15 22 -18 19 -10 21 -2 -1 -5 25 -4 -17 -11 -29 -26
right_child=20 2 12 4 10 6 13 -9 18 27 -12 -13 -14 15 -16 26 17 -19 -20 -21 -22 -23 -24 -25 29 -27 -28 28 -30 -31
leaf_value=-0.44887721237761002 -0.35792955942174437 -0.3767195860091902 0.1388356107038331 0.20543682744548114 1.0226965770125389 0.23535815644684727 -0.13534063083470349 -0.49023472019756614 0.80973501578816687 1.6165433479206903 -0.082551859530976129 0.024466072665798724 -0.3438275267314444 0.15072276262738715 -0.7807881076521469 -0.53708966668301195 -0.79910673365144935 -0.12832420297665198 0.14991717790910136 0.30110114927074744 -0.10129016169217962 -1.1389829855073581 -0.019315836023342029 0.6528880193228509 0.025652159193338568 1.3774732947349548 -0.066150395077465993 0.2833022588190246 1.1694626559813817 -0.32251853761690841
leaf_weight=135 409 244 73 291 62 825 494 412 127 35 1039 103 402 865 106 104 151 359 1661 749 466 44 1588 172 669 23 766 47 60 196
leaf_count=135 409 244 73 291 62 825 494 412 127 35 1039 103 402 865 106 104 151 359 1661 749 466 44 1588 172 669 23 766 47 60 196
internal_value=0 0.0207271 0.106719 0.169445 0.200108 -0.0674568 0.0216441 -0.173906 0.283105 0.515935 -0.0164819 0.399559 -0.104515 -0.0538652 -0.24937 0.0137445 -0.115542 -0.326928 0.227581 0.374841 -0.26519 -0.433793 -0.0529727 0.371661 -0.00440734 0.435593 -0.122447 0.986352 0.780215 -0.0532397
internal_weight=0 11758 5953 4590 4346 5805 3160 2645 3142 605 1204 165 1363 2335 600 1735 2233 510 2537 876 919 453 1723 463 961 96 870 142 107 865
internal_count=12677 11758 5953 4590 4346 5805 3160 2645 3142 605 1204 165 1363 2335 600 1735 2233 510 2537 876 919 453 1723 463 961 96 870 142 107 865
is_linear=0
shrinkage=0.5


Tree=4
num_leaves=31
num_cat=0
split_feature=14 36 23 36 11 23 23 14 25 36 25 34 23 34 36 34 34 30 36 23 11 36 23 23 36 34 5 36 5 25
split_gain=170.575 182.297 300.299 139.419 216.742 240.383 137.822 135.125 142.828 174.358 132.948 121.186 120.426 151.393 126.625 193.998 118.062 114.258 111.134 102.591 87.8734 87.1299 87.8529 80.276 79.8678 212.499 105.739 164.789 72.548 72.1549
threshold=247.55000300000003 1819.4350000000002 114.78099800000001 1644.9350000000002 374.71850600000005 107.46849800000001 113.90599800000001 276.84999100000005 68.812446600000015 1971.9950000000001 57.046850200000009 86.882801050000012 119.28099800000001 85.67964935000002 1878.1850000000002 87.58589935000002 88.74214935000002 37.160100950000007 1743.9350000000002 121.34349800000001 391.59350600000005 2057.3100600000002 126.90599800000001 113.59349800000001 1756.5600000000002 85.070301050000012 89.99214935000002 1678.1850000000002 89.61714935000002 59.953100200000009
decision_type=2 2 2 2 2 2 2 2 2 2 2 2 2 2 2 2 2 2 2 2 2 2 2 2 2 2 2 2 2 2
left_child=3 6 11 17 5 -5 24 8 9 10 20 -3 13 -12 -15 -16 19 -1 -7 -11 -4 -10 -23 -20 26 -26 27 -2 -8 -21
right_child=1 2 7 4 -6 18 28 -9 21 16 12 -13 -14 14 15 -17 -18 -19 23 29 -22 22 -24 -25 25 -27 -28 -29 -30 -31
leaf_value=-0.071967400501111681 0.058333058078988455 0.89405565195404102 0.74121746810124023 1.6366177917253681 0.090884434721663188 0.21119084413160299 -0.070004713604273863 -0.30283223228235284 -0.503440869491383 0.97140623985656671 0.48556406413285336 0.20861719200006268 -0.12882649525047388 -0.14423927516552623 0.53076645084880458 -0.12149237448530116 0.078570576822072608 0.95156900697786895 1.1737475617518347 0.82710354973872502 -0.018743551203182766 0.18271557653394063 -0.27094898188232719 0.31743847540750797 0.74382250180014042 -0.032795547686785227 -0.1332391428355246 1.1712825511254974 -0.25717697390500105 0.2358924093906109
leaf_weight=1040 329 131 96 41 1600 304 790 336 170 70 197 127 1442 594 229 227 581 28 62 60 63 183 256 49 119 339 1306 37 1502 369
leaf_count=1040 329 131 96 41 1600 304 790 336 170 70 197 127 1442 594 229 227 581 28 62 60 63 183 256 49 119 339 1306 37 1502 369
internal_value=0 -0.0331669 0.0309539 0.101422 0.177551 0.481645 -0.107568 0.00312105 0.0257793 0.0607106 -0.00415977 0.55665 -0.0304288 0.0833558 0.00789392 0.206067 0.231776 -0.0451331 0.367539 0.410158 0.440101 -0.199525 -0.081836 0.795737 -0.0160019 0.168989 -0.0666754 0.170844 -0.192663 0.318579
internal_weight=0 9553 5131 3124 2056 456 4422 4873 4537 3928 2848 258 2689 1247 1050 456 1080 1068 415 499 159 609 439 111 2130 458 1672 366 2292 429
internal_count=12677 9553 5131 3124 2056 456 4422 4873 4537 3928 2848 258 2689 1247 1050 456 1080 1068 415 499 159 609 439 111 2130 458 1672 366 2292 429
is_linear=0
shrinkage=0.5


Tree=5
num_leaves=31
num_cat=0
split_feature=18 2 36 23 23 36 23 34 4 6 30 28 23 36 14 36 11 36 23 34 14 35 23 23 30 36 23 5 36 34
split_gain=97.9405 123.393 83.1601 205.209 96.2941 125.665 94.6795 92.4615 76.3585 153.416 86.1909 66.8344 66.3008 61.75 58.7699 53.8235 72.3446 78.5706 117.345 74.3546 71.6405 69.4461 53.9619 53.7484 110.003 54.9738 90.0494 52.5498 50.1879 71.4515
threshold=363.03150025000008 236.87660065000003 1695.4350000000002 108.03099800000001 121.21849800000001 1860.8100000000002 116.96849800000001 80.17964935000002 69.650753000000023 1.0000000180025095e-35 36.785099050000007 1.0136650200000001 112.40599800000001 1763.0600000000002 268.94999700000005 2261.4350600000002 422.15600600000005 1748.4350000000002 112.03099800000001 77.89839935000002 270.44999700000005 84.52339935000002 106.84349800000001 109.96849800000001 35.753900550000004 1586.0600000000002 102.96849800000001 91.195301050000012 1932.5600000000002 86.788997650000013
decision_type=2 2 2 2 2 2 2 2 2 2 2 2 2 2 2 2 2 2 2 2 2 2 2 2 2 2 2 2 2 2
left_child=1 2 23 -4 5 7 -7 -5 9 10 -3 14 13 -9 -2 16 17 22 21 -20 28 -19 -10 24 25 -1 -27 -28 29 -21
right_child=11 8 3 4 -6 6 -8 12 15 -11 -12 -13 -14 -15 -16 -17 -18 18 19 20 -22 -23 -24 -25 -26 26 27 -29 -30 -31
leaf_value=-0.093231982789747855 0.16513101841857281 0.30534637681163684 1.2903360640139956 0.8831300218834689 -0.13716638796981179 1.2950145480664152 0.37279636123611665 0.15246180438715004 0.020795475094957678 -0.25625694561497753 1.259438266356786 -0.033769375942737503 0.0094240400415927395 0.68929455786742067 -0.069197987567315086 0.44303977441042663 -0.22542643951282157 0.64483200940810659 0.74677811823785301 -0.0063520893461751068 -0.23745434939678597 0.082181302749086166 -0.17722850825309741 -0.13831508422529226 1.1132286416056256 1.108008747745771 0.81696728151291609 0.048456648686337041 0.11797062305528438 -0.23037074012713737
leaf_weight=431 1746 192 38 38 304 38 104 194 435 134 27 905 721 74 316 50 734 101 30 1900 418 120 1645 605 24 24 24 304 563 438
leaf_count=431 1746 192 38 38 304 38 104 194 435 134 27 905 721 74 316 50 734 101 30 1900 418 120 1645 605 24 24 24 304 563 438
internal_value=0 -0.0242936 0.0615938 0.14312 0.113525 0.178717 0.619587 0.11776 -0.0612833 0.165136 0.422974 0.0795049 0.088352 0.300692 0.12922 -0.0737057 -0.0777529 -0.0585684 -0.0135621 -0.0368488 -0.0439319 0.33932 -0.135815 -0.0256486 0.0588163 0.0264971 0.173097 0.104689 -0.0160475 -0.0483197
internal_weight=0 9710 2923 1511 1473 1169 142 1027 6787 353 219 2967 989 268 2062 6434 6384 5650 3570 3349 3319 221 2080 1412 807 783 352 328 2901 2338
internal_count=12677 9710 2923 1511 1473 1169 142 1027 6787 353 219 2967 989 268 2062 6434 6384 5650 3570 3349 3319 221 2080 1412 807 783 352 328 2901 2338
is_linear=0
shrinkage=0.5


Tree=6
num_leaves=31
num_cat=0
split_feature=15 18 35 36 23 23 36 34 36 34 23 11 30 36 23 36 34 23 34 34 23 35 36 23 36 36 36 28 4 34
split_gain=64.8758 65.2881 71.3065 76.5037 148.995 121.04 155.345 80.313 97.1787 219.088 161.384 72.6244 100.573 72.5193 92.413 70.1889 104.672 72.7843 67.3158 66.6608 70.7818 65.8461 59.9126 66.5045 72.4908 56.363 55.0846 52.3199 57.0264 51.9944
threshold=1.7998000400000003 366.46499865000004 84.851497650000013 1879.8100000000002 125.09349800000001 115.84349800000001 1785.8100000000002 85.101497650000013 1621.8100000000002 79.61714935000002 106.59349800000001 332.65600600000005 36.08979990000001 2025.4350000000002 122.96849800000001 1704.6850000000002 82.67964935000002 109.59349800000001 88.61714935000002 85.163997650000013 116.71849800000001 87.21089935000002 1829.4350000000002 118.09349800000001 1900.4350000000002 1935.5600000000002 1653.8750000000002 0.32812450850000002 76.063449850000012 85.788997650000013
decision_type=2 2 2 2 2 2 2 2 2 2 2 2 2 2 2 2 2 2 2 2 2 2 2 2 2 2 2 2 2 2
left_child=1 2 3 5 19 6 7 8 11 -10 26 12 -1 18 21 -12 -17 -18 22 25 -21 -15 -4 24 -24 -5 -11 -2 -29 -8
right_child=27 -3 13 4 -6 -7 29 -9 9 10 15 -13 -14 14 -16 16 17 -19 -20 20 -22 -23 23 -25 -26 -27 -28 28 -30 -31
leaf_value=0.09089830159590398 0.11151986215781866 0.16425829059998687 -0.19899590009784637 0.46970063954041424 -0.056998444311604321 -0.088785901161041958 0.45969848133752056 -0.13763277738858637 1.2065744764708064 0.40233983295235098 -0.032679379921730589 -0.11750576503469275 1.2315171265297316 0.84811094333812342 -0.0017342576257933198 0.72128586738537515 0.64308583773514727 0.063231650362748831 -0.29673236674678166 0.78401905312842013 0.15305741122852126 0.068213670440018179 0.045273938640306946 -0.10580644059299212 0.53864683881600173 1.2428690036137899 1.1143374789760194 -0.02954248777982723 -0.20979576379650713 0.13256403375372433
leaf_weight=159 301 692 564 110 427 2003 290 627 46 71 902 902 22 59 765 78 59 654 399 51 346 50 358 603 94 30 44 936 826 209
leaf_count=159 301 692 564 110 427 2003 290 627 46 71 902 902 22 59 765 78 59 654 399 51 346 50 358 603 94 30 44 936 826 209
internal_value=0 0.0157693 0.00541311 0.0325998 0.163442 0.0118066 0.0613973 0.0248145 0.0594942 0.129007 0.101591 -0.0595051 0.229537 -0.0606735 0.0596368 0.0626574 0.171373 0.111214 -0.11278 0.338726 0.234113 0.49036 -0.0674454 0.00288113 0.147878 0.63538 0.674756 -0.0811321 -0.114043 0.322682
internal_weight=0 10614 9922 7030 964 6066 4063 3564 2937 1854 1808 1083 181 2892 874 1693 791 713 2018 537 397 109 1619 1055 452 140 115 2063 1762 499
internal_count=12677 10614 9922 7030 964 6066 4063 3564 2937 1854 1808 1083 181 2892 874 1693 791 713 2018 537 397 109 1619 1055 452 140 115 2063 1762 499
is_linear=0
shrinkage=0.5


Tree=7
num_leaves=31
num_cat=0
split_feature=34 36 23 36 23 5 36 23 36 36 23 34 23 36 23 34 34 36 23 36 34 36 23 5 36 34 6 3 30 35
split_gain=60.3157 100.429 74.7584 129.294 66.8176 61.9039 98.2513 119.197 71.5234 60.3071 95.5184 89.763 79.288 71.3778 115.462 77.9489 62.8776 79.4783 57.8128 54.6193 55.8369 52.1233 69.262 50.1704 51.1114 46.7872 45.3085 44.9517 43.2251 42.4948
threshold=91.64839935000002 2138.6850600000002 123.65599800000001 2053.5600600000002 139.71849800000004 87.42964935000002 1556.6850000000002 110.59349800000001 1759.6850000000002 1828.1850000000002 116.03099800000001 82.99214935000002 112.53099800000001 1678.1850000000002 109.09349800000001 84.39839935000002 87.36714935000002 1881.5600000000002 102.46849800000001 1568.0600000000002 83.64839935000002 2198.1850600000002 128.53099800000004 95.320301050000012 1947.6850000000002 85.007801050000012 1.0000000180025095e-35 606.87500000000011 30.667900100000004 85.21089935000002
decision_type=2 2 2 2 2 2 2 2 2 2 2 2 2 2 2 2 2 2 2 2 2 2 2 2 2 2 2 2 2 2
left_child=1 2 3 5 -3 6 -1 -8 27 12 16 -12 13 18 25 -16 28 -18 19 -7 -21 -2 -23 24 -13 -15 -25 -9 -11 -26
right_child=21 4 -4 -5 -6 9 7 8 -10 10 11 23 -14 14 15 -17 17 -19 -20 20 -22 22 -24 26 29 -27 -28 -29 -30 -31
leaf_value=-0.043419534776307223 -0.36560962504959982 0.43902262141722637 -0.09497449651304378 0.58421432963487774 -0.26772625627927482 0.029734297935402148 1.2978613135715327 0.83799823187291622 1.0823807340736191 0.61176162350397456 0.57773256334750089 -0.00013586068325942648 -0.08806408638816432 0.57660906387094513 0.21043784749216413 -0.059444502261193827 -0.18189022932386831 0.32644522474664783 -0.086648724768014745 1.2507018569856883 0.26496820650337372 0.87517605823051692 -0.12727976000557342 -0.2586244376707213 0.5311880958786166 0.213012942874515 0.0048755637898262759 0.12271060878914353 0.24491914024292782 0.11220435097257232
leaf_weight=310 205 204 1796 99 40 193 30 24 24 117 68 1502 2963 130 385 877 165 144 1455 20 51 21 96 318 82 277 335 259 256 231
leaf_count=310 205 204 1796 99 40 193 30 24 24 117 68 1502 2963 130 385 877 165 144 1455 20 51 21 96 318 82 277 335 259 256 231
internal_value=0 0.0055678 -0.000830768 0.0155611 0.323162 0.0100505 0.159732 0.346608 0.253652 -7.01623e-05 0.0556932 0.0110209 -0.028325 0.0239202 0.0975731 0.0228889 0.221806 0.055004 -0.0475903 0.167675 0.54264 -0.213634 0.0526482 -0.00459347 0.0381667 0.329149 -0.123444 0.183371 0.359988 0.22197
internal_weight=0 12355 12111 10315 244 10216 647 337 307 9569 3218 2536 6351 3388 1669 1262 682 309 1719 264 71 322 117 2468 1815 407 653 283 373 313
internal_count=12677 12355 12111 10315 244 10216 647 337 307 9569 3218 2536 6351 3388 1669 1262 682 309 1719 264 71 322 117 2468 1815 407 653 283 373 313
is_linear=0
shrinkage=0.5


Tree=8
num_leaves=31
num_cat=0
split_feature=30 19 5 3 37 4 28 0 6 25 36 3 35 34 15 6 3 34 3 23 19 12 19 4 36 34 3 35 36 23
split_gain=44.9709 49.1655 48.1391 41.1957 58.9334 41.166 49.5715 46.9147 38.8613 35.401 72.0637 49.7422 72.7316 58.3982 49.2836 74.7799 42.681 58.4986 38.1825 33.1815 32.7953 47.661 32.7904 31.4111 31.0606 31.0563 32.7025 30.6305 29.8539 51.5385
threshold=30.988200200000005 29.597600000000003 87.632801050000012 686.06250000000011 -21.138888472222217 74.03170015000002 0.41503849650000008 233.10000075000002 1.0000000180025095e-35 62.390600200000009 2004.6250000000002 710.06250000000011 81.96089935000002 83.74214935000002 0.45410099650000008 1.0000000180025095e-35 754.18750000000011 86.11714935000002 686.06250000000011 127.46849800000001 33.613199250000001 30998.500000000004 32.886699700000008 75.174549100000021 1878.1850000000002 84.913997650000013 726.68750000000011 84.77339935000002 1975.7450000000001 119.15599800000001
decision_type=2 2 2 2 2 2 2 2 2 2 2 2 2 2 2 2 2 2 2 2 2 2 2 2 2 2 2 2 2 2
left_child=2 -2 3 -1 -5 7 8 -3 -7 10 11 12 18 -13 15 -15 17 25 -4 -12 21 -9 -14 -18 -25 26 -16 -21 -11 -30
right_child=1 5 9 4 -6 6 -8 20 -10 28 19 13 22 14 16 -17 23 -19 -20 27 -22 -23 -24 24 -26 -27 -28 -29 29 -31
leaf_value=0.13839192752210985 -0.1842079293703715 0.39827993738410228 -0.048963090365871861 1.0731293727410958 -0.0189789344578804 0.13755310860599207 -0.083115261413577085 -0.42201898764132667 -0.11933194046152883 -0.12649077693917898 1.0512921243906022 0.22678899666683014 -0.26086912723024136 0.37603084927642177 -0.13096149450902406 -0.00066850362963394446 0.14532002325799068 -0.54556612254430847 0.20393794538108909 0.82626301143318415 0.080862350500996286 -0.012294746030461004 0.26522179977109772 -0.075432874059997768 0.17108506672673099 -0.15103450286967149 0.1001466454653208 0.10450983954099369 0.57783842077239966 -0.012139136634337215
leaf_weight=309 478 85 406 30 21 516 2721 76 206 672 20 459 398 245 227 285 648 60 236 21 1119 1074 32 481 174 392 470 49 39 728
leaf_count=309 478 85 406 30 21 516 2721 76 206 672 20 459 398 245 227 285 648 60 236 21 1119 1074 32 481 174 392 470 49 39 728
internal_value=0 -0.03008 0.0294833 0.207107 0.623438 -0.0173712 -0.0522107 0.0335857 0.064259 0.0189 0.0402992 0.0314644 -0.0625825 0.0607635 0.0352083 0.173466 0.00532387 -0.064925 0.0440036 0.483315 0.0199237 -0.0393722 -0.221718 0.0672701 -0.00994567 -0.0384434 0.024879 0.321036 -0.0495507 0.0178597
internal_weight=0 6275 6402 360 51 5797 3443 2354 722 6042 4603 4513 1072 3441 2982 530 2452 1149 642 90 2269 1150 430 1303 655 1089 697 70 1439 767
internal_count=12677 6275 6402 360 51 5797 3443 2354 722 6042 4603 4513 1072 3441 2982 530 2452 1149 642 90 2269 1150 430 1303 655 1089 697 70 1439 767
is_linear=0
shrinkage=0.5


Tree=9
num_leaves=31
num_cat=0
split_feature=1 30 23 36 36 35 5 36 35 23 34 21 36 23 34 11 35 36 34 23 23 36 25 23 36 34 34 23 23 36
split_gain=40.8184 49.9602 42.4808 77.3863 49.2619 60.6791 47.4471 45.4768 92.4126 84.5435 52.8061 45.1803 42.8018 59.2537 80.0149 52.7562 52.6493 38.7641 64.6654 62.2405 50.6447 41.394 50.1929 46.6432 38.4604 55.0749 53.5315 37.8357 37.6855 36.2666
threshold=1.0000000180025095e-35 45.64839940000001 121.53099800000001 2038.6850000000002 1794.5600000000002 81.58589935000002 88.71089935000002 1731.8100000000002 83.52339935000002 107.84349800000001 80.882801050000012 -1.5937499999999998 2082.5000000000005 127.78099800000001 92.61714935000002 434.15600600000005 85.913997650000013 1512.0600000000002 74.851497650000013 116.15599800000001 104.21849800000001 1639.4350000000002 54.015600200000009 107.84349800000001 1894.6850000000002 86.288997650000013 89.02339935000002 111.65599800000001 116.59349800000001 2181.1850600000002
decision_type=2 2 2 2 2 2 2 2 2 2 2 2 2 2 2 2 2 2 2 2 2 2 2 2 2 2 2 2 2 2
left_child=1 -1 3 7 -4 6 -6 11 10 -10 -9 -2 15 14 16 -7 -14 -13 19 -19 -20 -22 -23 -24 25 27 28 -11 -26 -16
right_child=2 -3 4 -5 5 12 -8 8 9 24 -12 17 13 -15 29 -17 -18 18 20 -21 21 22 23 -25 26 -27 -28 -29 -30 -31
leaf_value=1.0478156249737367 -0.11071540556610589 0.11539655289722278 -0.26904479685539673 0.53106438470098916 0.90175164163423083 -0.058830074490228854 0.065365915067302868 0.63709061348980123 0.60885445809547312 0.24052405512911526 0.1362957155971399 -0.15208930841630749 0.97464814444538206 -0.055196326853183562 -0.40262495965097034 -0.34500142535762279 0.28165831976004568 1.2749076463282107 0.27395977023248136 0.12836419668947829 -0.088076977697607736 0.4521296533450761 0.31095850626364924 -0.00600449464714717 0.40479953720601564 -0.10620225593051573 -0.084272611520245233 0.0016513278135656098 0.10182726130779267 0.36250074890752632
leaf_weight=20 1207 51 242 72 30 1896 39 55 57 188 1226 342 32 480 59 176 191 20 176 29 886 74 130 1083 123 1396 354 1402 620 21
leaf_count=20 1207 51 242 72 30 1896 39 55 57 188 1226 342 32 480 59 176 191 20 176 29 886 74 130 1083 123 1396 354 1402 620 21
internal_value=0 0.37805 -0.00212927 0.0146799 -0.052249 -0.0343062 0.429012 0.0107111 0.0404371 0.00412338 0.157797 -0.0301159 -0.0455037 0.0540854 0.227205 -0.0831381 0.381101 0.00538913 0.0278485 0.596341 0.0159898 -0.00490422 0.0523538 0.0279652 -0.00431886 -0.0337323 0.0757436 0.0298954 0.151983 -0.201779
internal_weight=0 71 12606 9440 3166 2924 69 9368 5421 4140 1281 3947 2855 783 303 2072 223 2740 2398 49 2349 2173 1287 1213 4083 2986 1097 1590 743 80
internal_count=12677 71 12606 9440 3166 2924 69 9368 5421 4140 1281 3947 2855 783 303 2072 223 2740 2398 49 2349 2173 1287 1213 4083 2986 1097 1590 743 80
is_linear=0
shrinkage=0.5


Tree=10
num_leaves=31
num_cat=0
split_feature=12 5 36 23 36 14 36 5 5 12 6 36 5 36 34 5 25 36 36 23 34 36 23 30 4 6 4 14 36 23
split_gain=35.8767 31.7526 47.3901 86.5892 37.1877 41.3111 34.7556 53.1608 47.749 31.9877 28.0934 27.9506 28.4967 40.6499 46.228 28.4242 25.1532 40.4395 37.9932 40.2609 50.1563 46.9588 31.3114 26.5499 24.1072 23.4782 23.4425 23.4239 23.7813 53.2197
threshold=36008.500000000007 90.038997650000013 1975.7450000000001 133.21849800000004 1639.4350000000002 253.05000300000003 1847.5600000000002 94.288997650000013 93.42964935000002 35009.500000000007 1.0000000180025095e-35 2235.2451200000005 99.070301050000012 2004.6250000000002 88.445301050000012 96.30464935000002 65.546848300000008 2157.6850600000002 1950.8100000000002 130.53099800000004 85.070301050000012 2123.0600600000002 126.90599800000001 31.160100000000003 76.380947100000014 1.0000000180025095e-35 73.523746500000001 281.34999100000005 1512.0600000000002 108.21849800000001
decision_type=2 2 2 2 2 2 2 2 2 2 2 2 2 2 2 2 2 2 2 2 2 2 2 2 2 2 2 2 2 2
left_child=1 2 27 -4 -3 6 8 -8 9 -6 26 12 13 14 -9 -15 18 -18 22 20 -20 -21 23 -7 -2 -16 -10 28 -1 -30
right_child=24 4 3 -5 5 16 7 11 10 -11 -12 -13 -14 15 25 -17 17 -19 19 21 -22 -23 -24 -25 -26 -27 -28 -29 29 -31
leaf_value=-0.096477828211198643 0.1913167036185778 -0.14374099716923472 1.0961211101462445 0.02941091487614008 -0.014323267617029518 -0.0025273799290297617 0.35870136313499007 0.12777193476194695 0.088250354543561116 0.13073669643836447 -0.011447835583121154 0.58885276767735684 -0.20369003877903408 0.67890707742481027 -0.33643695096839715 0.1749929833965117 -0.21399188907391348 0.051791938925808093 0.57695385689536727 -0.29808300671422278 0.077642924957216239 0.24082162693396145 -0.34013146095288299 -0.086474501310250668 0.024954057366644619 -0.013405356369081087 -0.24086469946179673 -0.29278868569613054 0.34272242098284716 0.035380108402680369
leaf_weight=274 384 569 30 52 846 2017 174 284 64 690 471 24 104 32 113 223 454 209 54 139 733 57 90 1767 503 112 350 54 154 1650
leaf_count=274 384 569 30 52 846 2017 174 284 64 690 471 24 104 32 113 223 454 209 54 139 733 57 90 1767 503 112 350 54 154 1650
internal_value=0 -0.0072958 0.0466684 0.419671 -0.0197725 -0.011941 0.0306636 0.105891 -0.00246002 0.0508404 -0.0949679 0.0565758 0.0418585 0.0752839 -0.00634881 0.238229 -0.0388545 -0.130208 -0.0263844 0.061405 0.111903 -0.141361 -0.0486603 -0.0417278 0.0969758 -0.175639 -0.189987 0.0323222 0.0407707 0.0616166
internal_weight=0 11790 2214 82 9576 9007 3487 1066 2421 1536 885 892 868 764 509 255 5520 663 4857 983 787 196 3874 3784 887 225 414 2132 2078 1804
internal_count=12677 11790 2214 82 9576 9007 3487 1066 2421 1536 885 892 868 764 509 255 5520 663 4857 983 787 196 3874 3784 887 225 414 2132 2078 1804
is_linear=0
shrinkage=0.5


Tree=11
num_leaves=31
num_cat=0
split_feature=37 36 23 23 5 28 35 36 18 3 36 34 36 23 34 36 34 19 15 35 6 15 23 23 36 30 36 34 11 18
split_gain=32.854 41.7755 44.0872 36.3889 35.5039 33.4589 31.4987 35.3399 34.1434 31.2463 29.9634 28.8488 79.6095 28.3429 29.6968 27.5276 46.8382 30.9135 32.7952 30.295 29.1258 37.4157 27.2487 26.9232 26.1697 28.8519 26.1058 29.3828 25.673 26.3141
threshold=-34.41666708333333 1759.6850000000002 113.59349800000001 106.09349800000001 92.757801050000012 0.83007749900000005 83.96089935000002 1922.5600000000002 356.16459885 723.06250000000011 1693.4350000000002 80.538997650000013 1502.0600000000002 133.21849800000004 83.05464935000002 1991.3100000000002 89.851497650000013 35.441400550000004 2.1581950200000004 87.21089935000002 1.0000000180025095e-35 0.41406200850000002 124.65599800000001 113.15599800000001 2061.8100600000002 32.15229990000001 1687.2450000000001 83.99214935000002 368.59350600000005 350.20125045000003
decision_type=2 2 2 2 2 2 2 2 2 2 2 2 2 2 2 2 2 2 2 2 2 2 2 2 2 2 2 2 2 2
left_child=5 3 -3 10 23 -1 7 8 28 -8 11 12 -2 14 -9 16 20 18 19 22 21 -11 24 26 -17 -26 -5 -28 29 -4
right_child=1 2 6 4 -6 -7 9 13 -10 15 -12 -13 -14 -15 -16 17 -18 -19 -20 -21 -22 -23 -24 -25 25 -27 27 -29 -30 -31
leaf_value=0.02404949179081212 0.065874604544100851 0.12455949783273793 0.036403604351529263 -0.055450461961158701 -0.17772439887635388 0.20430257674157137 -0.35363620055326517 0.73022529220907018 0.11979367708405306 0.1941280608604613 0.4703177656160622 -0.022341674633683466 1.133161698246286 -0.1126196388155222 0.22833647156533385 0.18595316625115546 -0.33176391402871086 -0.12170526832662068 -0.18535102475046492 -0.021112551599529711 0.017577033995043522 -0.10431663483528515 0.077171887253262822 -0.10633314942485329 0.85106595571019816 0.17667130217084598 0.25783774273809229 0.011111422079609388 -0.090713576705831384 0.51135257511016197
leaf_weight=868 104 804 205 1005 628 366 69 40 645 114 41 520 21 40 112 242 134 262 120 432 1567 1333 588 1103 35 29 162 473 581 34
leaf_count=868 104 804 205 1005 628 366 69 40 645 114 41 520 21 40 112 242 134 262 120 432 1567 1333 588 1103 35 29 162 473 581 34
internal_value=0 -0.0083588 0.0140314 -0.0491215 -0.0704831 0.0775119 0.0005303 0.0601623 0.0337277 -0.0195327 0.0558494 0.0295034 0.245179 0.261864 0.360412 -0.0147853 -0.0425148 0.0363226 0.0649556 0.0876078 -0.029655 -0.0808041 0.140144 -0.0459306 0.261149 0.545481 -0.00530628 0.0740558 -0.0339706 0.10397
internal_weight=0 11443 7386 4057 3371 1234 6582 1657 1465 4925 686 645 125 192 152 4856 3148 1708 1446 1326 3014 1447 894 2743 306 64 1640 635 820 239
internal_count=12677 11443 7386 4057 3371 1234 6582 1657 1465 4925 686 645 125 192 152 4856 3148 1708 1446 1326 3014 1447 894 2743 306 64 1640 635 820 239
is_linear=0
shrinkage=0.5


Tree=12
num_leaves=31
num_cat=0
split_feature=30 31 4 15 11 36 18 37 15 19 28 35 36 25 23 18 23 15 23 34 3 34 3 34 12 36 34 34 35 36
split_gain=31.808 26.4454 25.7391 31.4181 27.3434 43.7981 26.7439 26.8514 25.9183 25.1878 23.902 30.3374 22.7733 24.3926 21.824 21.7546 21.5548 21.2271 26.2462 26.103 21.0213 20.4522 21.0732 20.0825 21.5678 24.6235 37.5558 25.1296 23.1639 27.0347
threshold=30.988200200000005 0.65150001650000011 69.079349500000021 0.73437449350000017 339.96850600000005 1502.0600000000002 361.76655045000001 -21.361111527777776 0.71777302050000003 36.105400100000004 0.88769447800000012 85.663997650000013 1874.1850000000002 58.578100200000009 117.28099800000001 356.79709855000004 113.78099800000001 1.6874950500000001 110.09349800000001 86.507801050000012 624.56250000000011 79.89839935000002 670.56250000000011 81.64839935000002 35022.000000000007 2113.6850600000002 91.99214935000002 92.61714935000002 85.288997650000013 1776.8100000000002
decision_type=2 2 2 2 2 2 2 2 2 2 2 2 2 2 2 2 2 2 2 2 2 2 2 2 2 2 2 2 2 2
left_child=1 -1 8 4 5 -4 -6 -8 -2 16 12 -12 17 -14 -15 -10 -7 18 -5 -19 -3 -22 -23 -24 28 26 -26 -27 29 -25
right_child=2 20 3 10 6 9 7 -9 15 -11 11 -13 13 14 -16 -17 -18 19 -20 -21 21 22 23 24 25 27 -28 -29 -30 -31
leaf_value=0.25251947632431981 0.048483287188701513 -0.30595113658251205 -0.27328741016160502 0.033088452177763343 -0.16196117924594194 0.97786322168328543 -0.038451996384908059 0.48620787801113552 -0.74606995478920313 0.010145643188689765 0.10149783820787735 -0.062589468249361555 0.2601627245069143 0.23401661020600134 -0.013811085742092126 -0.22289337141898602 0.26066267588175834 0.046387278486705465 -0.12300114663463627 -0.28294185692952439 0.17363033646203221 -0.15994236863252528 0.16948413972705267 -0.047574246628627345 0.050178844993365911 0.77141232517632574 -0.42137889689657576 0.15878472486427719 -0.093106352165030479 0.057616817034133058
leaf_weight=125 82 49 38 353 796 22 393 26 23 26 1001 392 110 99 865 146 20 681 1136 66 217 163 223 1089 2336 22 43 70 674 1391
leaf_count=125 82 49 38 353 796 22 393 26 23 26 1001 392 110 99 865 146 20 681 1136 66 217 163 223 1089 2336 22 43 70 674 1391
internal_value=0 0.0247958 -0.0252977 -0.018761 -0.0868934 0.156652 -0.108141 -0.00589554 -0.182177 0.396912 0.000376295 0.0553225 -0.0227476 0.037094 0.0116401 -0.294095 0.636339 -0.0514908 -0.0859967 0.0172899 0.0202609 0.0228275 0.0173834 0.022326 0.016492 0.0514709 0.0416555 0.305283 -0.0109122 0.0114261
internal_weight=0 6402 6275 6024 1321 106 1215 419 251 68 4703 1393 3310 1074 964 169 42 2236 1489 747 6277 6228 6011 5848 5625 2471 2379 92 3154 2480
internal_count=12677 6402 6275 6024 1321 106 1215 419 251 68 4703 1393 3310 1074 964 169 42 2236 1489 747 6277 6228 6011 5848 5625 2471 2379 92 3154 2480
is_linear=0
shrinkage=0.5


Tree=13
num_leaves=31
num_cat=0
split_feature=36 23 35 3 34 23 18 18 25 34 35 12 12 3 34 36 23 36 36 19 36 34 23 36 34 5 23 19 23 31
split_gain=26.8443 43.0539 39.3853 32.3712 35.6527 31.9017 37.3885 30.6426 24.8019 22.074 20.2377 19.4465 30.5309 26.0626 25.9605 20.7951 24.5215 20.2953 19.4115 19.3863 20.5614 19.1273 20.5783 18.859 32.101 24.3738 23.1674 25.7962 18.4176 18.1127
threshold=1586.0600000000002 99.656250000000014 81.913997650000013 691.31250000000011 83.05464935000002 111.90599800000001 353.54434815000002 345.14139785000003 56.515600200000009 82.070301050000012 83.39839935000002 35016.500000000007 35996.500000000007 718.81250000000011 86.257801050000012 1769.8100000000002 113.71849800000001 2235.2451200000005 1561.4350000000002 51.886650100000004 1751.4350000000002 79.27339935000002 105.21849800000001 2167.8100600000002 91.99214935000002 97.27339935000002 136.74949600000002 31.535100000000003 119.15599800000001 0.62850001450000004
decision_type=2 2 2 2 2 2 2 2 2 2 2 2 2 2 2 2 2 2 2 2 2 2 2 2 2 2 2 2 2 2
left_child=1 -1 5 8 -5 21 19 -6 10 -3 -4 13 -13 -9 15 -15 -17 -14 -11 20 29 -2 -23 25 26 -16 27 -25 -8 -7
right_child=2 9 3 4 7 6 28 11 -10 18 -12 12 17 14 23 16 -18 -19 -20 -21 -22 22 -24 24 -26 -27 -28 -29 -30 -31
leaf_value=0.2335268649253614 0.68928137306301362 -0.067566016619242011 0.0050519785198213703 0.11311984853840862 -0.16804116550943274 0.40841981753086049 0.57469670363563174 -0.14264129277293161 -0.32939836439618375 -0.40437016303642331 -0.48266269854502752 0.12298809739404147 0.0020548494898484956 -0.046988351770048786 -0.057988912141558886 0.26185666385572404 0.032334752053826146 0.50728261545300479 -0.11423760809004307 -0.27066301418129696 0.14562539414541756 0.67144844237537615 0.1573270124787442 0.61758663248143753 -0.23934951881113062 -0.2983603749271746 -0.12468065249267965 0.12901856952895677 0.082911073695868254 -0.034872751045129408
leaf_weight=98 21 628 187 666 285 24 47 410 128 107 24 661 3244 845 1581 124 1891 20 125 55 286 21 266 44 56 113 40 70 32 578
leaf_count=98 21 628 187 666 285 24 47 410 128 107 24 661 3244 845 1581 124 1891 20 125 55 286 21 266 44 56 113 40 70 32 578
internal_value=0 -0.080473 0.00657847 -0.00379277 0.00133324 0.0875912 0.0450802 -0.00660046 -0.155759 -0.116254 -0.0504227 -0.0015438 0.0249953 -0.0216764 -0.0112659 0.0188497 0.0464592 0.00515061 -0.248049 0.0173998 0.0352415 0.22865 0.194946 -0.0565026 0.0848301 -0.0740231 0.202714 0.317589 0.375492 -0.0172
internal_weight=0 958 11719 10389 10050 1330 1022 9384 339 860 211 9099 3925 5174 4764 2860 2015 3264 232 943 888 308 287 1904 210 1694 154 114 79 602
internal_count=12677 958 11719 10389 10050 1330 1022 9384 339 860 211 9099 3925 5174 4764 2860 2015 3264 232 943 888 308 287 1904 210 1694 154 114 79 602
is_linear=0
shrinkage=0.5


Tree=14
num_leaves=31
num_cat=0
split_feature=37 36 34 36 23 0 23 18 34 36 36 23 36 23 36 11 36 23 5 11 14 14 18 4 15 30 5 18 4 6
split_gain=16.5228 21.7081 21.6579 19.071 26.3063 17.2145 17.5436 16.3252 23.385 22.9461 18.8537 21.1037 29.2622 22.2131 37.2451 22.4397 21.1257 18.8142 19.7614 18.0037 18.026 16.8316 16.102 15.896 26.84 23.5206 16.0417 16.8113 22.0147 16.4242
threshold=-25.083333138888886 1929.9350000000002 88.320301050000012 2304.3100600000002 134.65599800000004 264.90000000000003 117.53099800000001 359.41734925000003 84.163997650000013 1684.9350000000002 1914.9350000000002 120.65599800000001 1651.3100000000002 106.34349800000001 1599.1850000000002 332.65600600000005 1454.8700000000001 108.59349800000001 89.538997650000013 432.59350600000005 240.94999700000002 256.65000900000007 356.34530105000005 71.365047450000006 0.68066352600000013 30.855400100000004 90.67964935000002 366.37459795000001 74.158649450000013 1.0000000180025095e-35
decision_type=2 2 2 2 2 2 2 2 2 2 2 2 2 2 2 2 2 2 2 2 2 2 2 2 2 2 2 2 2 2
left_child=3 2 -2 4 7 6 -3 8 10 -10 11 12 13 14 15 16 -1 -14 22 23 -21 -13 -19 -9 25 -25 -26 29 -29 -28
right_child=1 5 -4 -5 -6 -7 -8 19 9 -11 -12 21 17 -15 -16 -17 -18 18 -20 20 -22 -23 -24 24 26 -27 27 28 -30 -31
leaf_value=0.10214784790052851 -0.070071568764587658 0.26847039273608542 -0.33225000897682339 0.4193782127726341 -0.2929398155937048 0.46643289548921441 -0.016051186277577355 -0.013664317440756003 -0.17021882810677863 -0.024883252349305971 0.24768011997129474 -0.44541105756471899 0.32784905484941318 -0.068995796415312158 0.42161946599593475 -0.041108343048658548 0.67688617154601072 0.1442258537093693 0.038919011489161048 0.36859157469800929 -0.097625795545880259 -0.054169675563929501 0.5216267136274837 0.2156512105971263 0.18450631750151625 0.0037144675340142941 -0.03102004216772189 -0.028647111813282413 0.37283202350188632 0.061404037716913863
leaf_weight=67 937 59 86 28 73 21 663 931 301 2779 89 29 73 876 63 377 21 242 1153 22 360 528 32 442 168 186 1037 62 76 896
leaf_count=67 937 59 86 28 73 21 663 931 301 2779 89 29 73 876 63 377 21 242 1153 22 360 528 32 442 168 186 1037 62 76 896
internal_value=0 -0.0448684 -0.092112 0.00726218 0.00620188 0.0201789 0.00719919 0.00822199 -0.00720629 -0.0390865 0.0204532 0.01461 0.0317093 -0.0201692 0.0608384 0.0119584 0.239301 0.0802675 0.0676022 0.0326932 -0.0707756 -0.0745395 0.188302 0.0431 0.061533 0.15288 0.0359118 0.0238577 0.192457 0.0118211
internal_weight=0 1766 1023 10911 10883 743 722 10810 6630 3080 3550 3461 2904 1404 528 465 88 1500 1427 4180 382 557 274 3798 2867 628 2239 2071 138 1933
internal_count=12677 1766 1023 10911 10883 743 722 10810 6630 3080 3550 3461 2904 1404 528 465 88 1500 1427 4180 382 557 274 3798 2867 628 2239 2071 138 1933
is_linear=0
shrinkage=0.5


Tree=15
num_leaves=31
num_cat=0
split_feature=25 36 36 34 23 30 0 34 3 34 12 1 28 37 23 36 34 23 34 3 23 36 36 34 14 5 34 3 4 6
split_gain=14.8962 16.7801 15.7657 54.3617 45.8307 21.6224 19.8339 19.4054 34.4316 21.6357 21.1917 16.7477 16.4497 16.793 16.3519 20.1131 35.3286 24.291 28.8206 24.134 19.6475 45.8605 30.6247 24.733 19.2537 20.9179 19.1575 14.9841 14.8727 14.4015
threshold=50.921850200000009 1628.3100000000002 1794.5600000000002 86.820301050000012 114.15599800000001 31.738200200000005 237.69999924999999 84.882801050000012 762.31250000000011 85.89839935000002 36010.500000000007 1.0000000180025095e-35 0.35644450800000005 -33.027778194444444 135.46849800000004 2001.1250000000002 90.08589935000002 127.15599800000001 86.820301050000012 670.56250000000011 118.40599800000001 1842.4350000000002 1932.5600000000002 84.913997650000013 255.34999850000003 89.913997650000013 84.163997650000013 789.56250000000011 74.158649450000013 1.0000000180025095e-35
decision_type=2 2 2 2 2 2 2 2 2 2 2 2 2 2 2 2 2 2 2 2 2 2 2 2 2 2 2 2 2 2
left_child=1 -1 3 5 6 7 -4 12 9 29 -10 -6 -2 -14 15 17 24 18 20 -19 21 23 26 -13 -17 -26 -22 -5 -23 -9
right_child=2 -3 4 27 11 -7 -8 8 10 -11 -12 14 13 -15 -16 16 -18 19 -20 -21 22 28 -24 -25 25 -27 -28 -29 -30 -31
leaf_value=0.07564442778006196 -0.042333459340603889 0.48628716029483698 0.43012855658634452 -0.50520353646217175 0.28710752515597088 -0.052066742606520208 0.11917140234171535 -0.1780273816140566 0.0030126135480595226 -0.34232804762693692 0.28239921156620218 0.20667802115392864 0.11709270476578014 0.021708080411212131 -0.16091679783853433 0.32127329557056516 -0.013153442250057747 0.36528141224490746 -0.057403557798941393 -0.19067847490351014 0.043684229243846316 0.092013317603726011 0.17540536930784584 -0.04888903344990761 0.55620717257261276 0.078430201907250433 -0.082421211489854609 -0.19436027125144997 0.29739335841428832 -0.0018146379194390703
leaf_weight=175 553 29 57 56 51 2145 511 217 322 98 86 117 708 1325 155 121 860 21 1533 277 483 140 200 496 24 504 800 126 238 249
leaf_count=175 553 29 57 56 51 2145 511 217 322 98 86 117 708 1325 155 121 860 21 1533 277 483 140 200 496 24 504 800 126 238 249
internal_value=0 0.13402 -0.00219194 -0.021 0.0146091 -0.0124153 0.150377 0.0114893 -0.0487403 -0.12878 0.0619029 0.00179918 0.0341278 0.0549261 -0.00063854 0.00363444 0.0533068 -0.0137768 -0.00353437 -0.1515 0.0298454 0.084353 -0.00657884 -0.00011033 0.141374 0.100147 -0.0349474 -0.290004 0.221327 -0.0838708
internal_weight=0 204 12473 5885 6588 5703 568 3558 972 564 408 6020 2586 2033 5969 5814 1509 4305 4007 298 2474 991 1483 613 649 528 1283 182 378 466
internal_count=12677 204 12473 5885 6588 5703 568 3558 972 564 408 6020 2586 2033 5969 5814 1509 4305 4007 298 2474 991 1483 613 649 528 1283 182 378 466
is_linear=0
shrinkage=0.5


Tree=16
num_leaves=31
num_cat=0
split_feature=36 23 18 25 36 5 23 36 19 23 36 34 14 36 5 23 14 15 4 23 36 28 34 36 23 34 34 6 36 23
split_gain=16.3813 23.7144 18.4425 16.3963 18.4654 25.7511 21.918 17.8937 17.1943 14.1413 32.0451 34.3937 23.8903 21.14 18.2999 25.9967 18.2717 18.3255 17.4532 16.1137 17.6328 17.8602 16.8698 20.0943 21.5153 28.2145 21.921 26.0463 25.7591 18.8017
threshold=2235.2451200000005 133.65599800000004 358.51380005000004 70.015598300000008 2094.8100600000002 93.726497650000013 127.03099800000001 1978.8100000000002 30.980400100000004 120.96849800000001 1922.5600000000002 87.413997650000013 246.44999700000002 1726.6850000000002 89.77339935000002 107.09349800000001 255.75000000000003 1.1630800350000003 71.047550200000003 104.90599800000001 1599.1850000000002 0.19824150200000004 85.33589935000002 1614.4350000000002 110.46849800000001 82.74214935000002 80.038997650000013 1.0000000180025095e-35 1667.9350000000002 114.09349800000001
decision_type=2 2 2 2 2 2 2 2 2 2 2 2 2 2 2 2 2 2 2 2 2 2 2 2 2 2 2 2 2 2
left_child=1 3 -2 4 9 -6 8 -5 -7 10 11 13 -12 19 16 -16 -15 -18 -14 20 21 -1 23 -21 25 -25 27 28 29 -26
right_child=2 -3 -4 7 5 6 -8 -9 -10 -11 12 -13 18 14 15 -17 17 -19 -20 22 -22 -23 -24 24 26 -27 -28 -29 -30 -31
leaf_value=0.38715081221113601 0.59383931561288505 -0.17666462905819563 0.091579324317367372 -0.42476600403652381 0.65966895723526942 0.55957236457051651 -0.027488726953708985 -0.064288714503973748 0.132159722912148 -0.032033089355341202 0.35018490312965395 -0.10487116258475505 -0.16373139545321463 -0.20930093535835939 0.58514831090966857 0.027331072570904297 0.43274951301730025 0.034841986292082329 0.11367612618162204 -0.087932268643676523 0.21498292913365599 -0.01096932636032151 -0.15552947949334162 0.33216489126885329 0.55302429683506493 0.036798094355083244 -0.060721125759307319 -0.080084158183910473 0.69077371825175038 -0.011738512798079423
leaf_weight=30 22 191 108 38 21 33 171 366 82 2531 96 688 65 22 21 3880 78 46 444 777 139 462 246 91 20 725 1112 87 29 56
leaf_count=30 22 191 108 38 21 33 171 366 82 2531 96 688 65 22 21 3880 78 46 444 777 139 462 246 91 20 725 1112 87 29 56
internal_value=0 -0.00182952 0.176577 0.000873091 0.00422178 0.125262 0.0860224 -0.098195 0.254809 0.00103076 0.0102127 0.00230715 0.121401 0.0117354 0.0368385 0.0303339 0.210634 0.285139 0.0782508 -0.0151834 0.0577327 0.0133063 -0.0298224 -0.0191479 0.00606225 0.0697373 -0.0337835 0.12223 0.289863 0.136883
internal_weight=0 12547 130 12356 11952 307 286 404 115 11645 9114 8509 605 7821 4047 3901 146 124 509 3774 631 492 3143 2897 2120 816 1304 192 105 76
internal_count=12677 12547 130 12356 11952 307 286 404 115 11645 9114 8509 605 7821 4047 3901 146 124 509 3774 631 492 3143 2897 2120 816 1304 192 105 76
is_linear=0
shrinkage=0.5


Tree=17
num_leaves=31
num_cat=0
split_feature=6 15 19 36 11 14 35 18 5 37 36 15 23 36 36 21 23 36 34 19 36 34 3 23 34 30 36 34 34 23
split_gain=17.4546 68.4136 26.2803 19.0227 27.7509 21.1832 18.8032 20.6422 18.2968 18.2274 17.6246 17.233 16.0534 26.6922 24.0802 25.332 24.927 19.0875 18.0492 17.7786 14.9161 24.8914 15.7957 15.0315 24.3348 15.3926 14.7943 14.7866 14.5877 14.5525
threshold=1.0000000180025095e-35 0.48730400200000007 46.210899350000012 1561.4350000000002 355.59350600000005 229.94999700000002 79.007801050000012 345.14139785000003 90.83589935000002 -33.416666472222211 2212.1250000000005 0.64160150300000007 117.90599800000001 1817.6850000000002 1842.4350000000002 -1.8437499999999998 111.65599800000001 1687.2450000000001 93.58589935000002 33.816400550000004 2099.9350600000002 90.08589935000002 830.93750000000011 128.84349800000004 86.788997650000013 31.035100000000003 1488.4350000000002 84.663997650000013 81.55464935000002 131.28099800000004
decision_type=2 2 2 2 2 2 2 2 2 2 2 2 2 2 2 2 2 2 2 2 2 2 2 2 2 2 2 2 2 2
left_child=1 2 8 5 11 -3 26 -8 9 -1 12 -5 14 27 15 -6 -16 19 20 -17 21 29 -23 25 -25 -22 -2 -14 -19 -15
right_child=6 3 -4 4 10 -7 7 -9 -10 -11 -12 -13 13 18 16 17 -18 28 -20 -21 23 22 -24 24 -26 -27 -28 -29 -30 -31
leaf_value=0.70709350425750017 0.074618810544843261 0.23208870339177309 -0.079611966507010426 0.31273056446867159 -0.10741304395052285 -0.20473618983062652 -0.07537028124285837 0.025294808853448942 0.13214885339888535 0.25165954208476288 0.17724928426836686 0.047692007597337903 -0.18553768181821928 -0.028722780069287041 0.57073534761245048 -0.13347510371759935 0.050553575334988797 0.42190274000167849 -0.44458542173278742 0.076810799178876579 0.42103421548381448 -0.43223573553912115 -0.12859078798682588 0.30199274268194004 -0.24626262120402126 0.062096644969036184 0.662612603965681 -0.62140467337199623 0.034400787039172397 -0.25243458508622724
leaf_weight=28 23 31 112 78 888 265 559 5723 376 102 93 287 265 1300 24 370 570 25 29 138 44 66 122 29 67 93 20 21 852 77
leaf_count=28 23 31 112 78 888 265 559 5723 376 102 93 287 265 1300 24 370 570 25 29 138 44 66 122 29 67 93 20 21 852 77
internal_value=0 -0.0185136 0.139546 -0.035549 -0.02883 -0.158988 0.0185927 0.0163372 0.188055 0.349753 -0.0384109 0.10433 -0.0424382 -0.0755059 -0.0180671 -0.0414921 0.071571 0.000773387 -0.0532715 -0.0763502 -0.04696 -0.0645321 -0.23519 0.0710673 -0.0806438 0.177376 0.348104 -0.217542 0.045447 -0.0412324
internal_weight=0 6352 618 5734 5438 296 6325 6282 506 130 5073 365 4980 2113 2867 2273 594 1385 1827 508 1798 1565 188 233 96 137 43 286 877 1377
internal_count=12677 6352 618 5734 5438 296 6325 6282 506 130 5073 365 4980 2113 2867 2273 594 1385 1827 508 1798 1565 188 233 96 137 43 286 877 1377
is_linear=0
shrinkage=0.5


Tree=18
num_leaves=31
num_cat=0
split_feature=30 6 4 15 30 30 19 35 28 15 4 4 15 15 28 15 15 15 36 23 11 12 5 15 14 3 28 34 14 2
split_gain=16.2896 17.8551 31.0159 27.2434 21.8469 20.4803 17.174 21.5368 19.2837 25.3682 24.1707 15.773 16.4473 15.4483 14.7644 17.7552 14.6252 14.1238 13.763 14.3826 14.0381 19.0839 15.2192 16.122 14.9184 18.3822 14.004 13.6462 13.4514 12.6628
threshold=30.988200200000005 1.0000000180025095e-35 71.745952600000024 1.6337800050000002 35.949199700000008 31.824199650000004 28.042900100000004 84.851497650000013 0.35253849650000008 1.6874950500000001 72.888851150000008 74.412647250000006 0.85937449350000017 2.6933549650000006 1.1923750050000002 1.6123000400000003 2.1044900450000004 2.1044900450000004 1944.9350000000002 119.84349800000001 335.03100600000005 31001.500000000004 90.163997650000013 2.1269450200000004 248.94999700000002 715.93750000000011 0.96093702300000017 85.49214935000002 265.25000000000006 250.01719990000001
decision_type=2 2 2 2 2 2 2 2 2 2 2 2 2 2 2 2 2 2 2 2 2 2 2 2 2 2 2 2 2 2
left_child=28 2 3 4 5 -2 7 -4 9 10 -8 -3 -13 14 18 -16 -5 -11 20 -20 -10 29 -23 24 25 -24 -27 -14 -1 -22
right_child=1 11 6 16 -6 -7 8 -9 13 17 -12 12 27 -15 15 -17 -18 -19 19 -21 21 22 23 -25 -26 26 -28 -29 -30 -31
leaf_value=0.026225242950263072 -0.029910886128033911 0.039738093843778681 -0.095774344278891616 0.20328035817171136 -0.032967180610917836 -0.39150238981207786 0.49936824824128834 -0.63908442513396346 0.19709913387066788 0.34139439043879438 -0.060703617147401835 -0.12658988640726132 0.051929439083505391 0.35668731421232225 0.16530289349745658 -0.10725590783672836 -0.10263401172207003 0.022602421208741327 0.22703878395363722 -0.017313290662863183 -0.40011994865428852 0.086183624930812844 -0.24731809201075522 0.16597119551270378 -0.14341165446273832 0.084245346658786163 -0.23511649202555418 -0.06591782638691504 -0.044194008420569093 -0.036660373104470116
leaf_weight=5631 49 1772 76 60 92 195 21 24 45 109 233 343 561 25 174 91 112 51 73 344 76 140 70 59 726 242 40 437 771 35
leaf_count=5631 49 1772 76 60 92 195 21 24 45 109 233 343 561 25 174 91 112 51 73 344 76 140 70 59 726 242 40 437 771 35
internal_value=0 -0.0181037 -0.0445676 -0.157755 -0.2406 -0.318888 -0.0229024 -0.226169 -0.0149436 0.0838345 -0.0143985 0.00877671 -0.0321357 -0.034053 -0.0386717 0.0717072 0.0040803 0.239779 -0.0544828 0.025463 -0.0777468 -0.0866575 -0.0693723 -0.088526 -0.102455 -0.0179817 0.0389458 0.000326979 0.0177446 -0.285516
internal_weight=0 6275 3162 508 336 244 2654 100 2554 414 254 3113 1341 2140 2115 265 172 160 1850 417 1433 1388 1277 1137 1078 352 282 998 6402 111
internal_count=12677 6275 3162 508 336 244 2654 100 2554 414 254 3113 1341 2140 2115 265 172 160 1850 417 1433 1388 1277 1137 1078 352 282 998 6402 111
is_linear=0
shrinkage=0.5


Tree=19
num_leaves=31
num_cat=0
split_feature=36 34 34 23 23 23 35 14 34 36 36 34 36 23 4 5 36 12 4 25 4 5 12 14 2 35 36 23 34 23
split_gain=11.7743 23.0533 22.6012 19.8125 17.945 17.2962 16.1905 14.6646 13.9031 21.4821 15.6794 18.1007 14.5897 17.0645 15.9343 13.1694 13.1586 13.0851 12.7339 12.6959 12.5839 12.4696 15.1929 12.1681 12.0573 11.1944 15.8876 20.4761 12.8337 14.6362
threshold=1868.9350000000002 86.257801050000012 88.39839935000002 114.90599800000001 115.15599800000001 121.09349800000001 81.851497650000013 264.65000900000007 76.226497650000013 1521.9350000000002 1658.9350000000002 85.788997650000013 1773.8100000000002 105.84349800000001 72.507846850000007 94.58589935000002 1801.6850000000002 35981.000000000007 76.190448750000016 57.828100200000009 70.095150000000004 92.05464935000002 35008.500000000007 256.44999700000005 247.12659970000001 83.070301050000012 1761.3100000000002 118.78099800000001 80.038997650000013 124.53099800000001
decision_type=2 2 2 2 2 2 2 2 2 2 2 2 2 2 2 2 2 2 2 2 2 2 2 2 2 2 2 2 2 2
left_child=2 5 3 8 -3 -2 -7 18 9 20 19 12 13 -12 -14 17 -13 23 -6 -10 -1 -15 -23 -5 -21 26 -25 -28 -29 -30
right_child=1 4 -4 15 7 6 -8 -9 10 -11 11 16 14 21 -16 -17 -18 -19 -20 24 -22 22 -24 25 -26 -27 27 28 29 -31
leaf_value=0.42444596197456119 0.20229313720925415 0.16365843677817649 -0.26884836243421195 -0.093492937251121899 0.038340980071670389 0.39453294015291968 0.037804419882145751 -0.10764056876312754 -0.0070130625927817261 0.60255451329673326 0.39261174066500232 -0.063853888234046446 -0.027353115882096667 0.078986004429230733 0.22226271369006784 -0.1578503532928402 0.053669145137590336 0.12371475880837622 -0.031847288127534623 -0.075519037515254447 -0.022556733553977432 -0.078281994076019573 0.041176106040919577 -0.04248990257127002 -0.33639310410711915 -0.05425476046228582 0.35208696565560754 0.24079579352733813 0.066035458493932775 -0.16406674023156845
leaf_weight=20 237 157 84 729 1282 33 880 339 1315 24 33 741 89 773 227 219 351 131 1303 388 74 424 715 509 50 1056 62 70 269 93
leaf_count=20 237 157 84 729 1282 33 880 339 1315 24 33 741 89 773 227 219 351 131 1303 388 74 424 715 509 50 1056 62 70 269 93
internal_value=0 0.0215295 -0.0107851 -0.00819278 -0.00101904 0.08194 0.0506982 -0.00986116 0.0106702 0.180348 0.00674889 0.0267829 0.0523135 0.0361243 0.15196 -0.0395949 -0.0260786 -0.0307227 0.00296175 -0.0315706 0.0725502 0.0299715 -0.00329293 -0.0379793 -0.105299 -0.0183244 0.0195046 0.0833814 0.0448172 0.00692081
internal_weight=0 4231 8446 8362 3081 1150 913 2924 5224 118 5106 3353 2261 1945 316 3138 1092 2919 2585 1753 94 1912 1139 2788 438 2059 1003 494 432 362
internal_count=12677 4231 8446 8362 3081 1150 913 2924 5224 118 5106 3353 2261 1945 316 3138 1092 2919 2585 1753 94 1912 1139 2788 438 2059 1003 494 432 362
is_linear=0
shrinkage=0.5


end of trees

feature_importances:
Column_36=123
Column_23=93
Column_34=74
Column_15=31
Column_4=29
Column_5=29
Column_14=27
Column_35=23
Column_6=22
Column_3=21
Column_30=20
Column_18=17
Column_19=17
Column_11=14
Column_25=12
Column_28=12
Column_12=10
Column_21=8
Column_37=6
Column_2=5
Column_0=3
Column_1=2
Column_31=2

parameters:
[boosting: gbdt]
[objective: regression]
[metric: rmse,l2]
[tree_learner: serial]
[device_type: cpu]
[data: ]
[valid: ]
[num_iterations: 20]
[learning_rate: 0.5]
[num_leaves: 31]
[num_threads: -1]
[deterministic: 0]
[force_col_wise: 0]
[force_row_wise: 0]
[histogram_pool_size: -1]
[max_depth: 20]
[min_data_in_leaf: 20]
[min_sum_hessian_in_leaf: 0.001]
[bagging_fraction: 1]
[pos_bagging_fraction: 1]
[neg_bagging_fraction: 1]
[bagging_freq: 0]
[bagging_seed: 3]
[feature_fraction: 1]
[feature_fraction_bynode: 1]
[feature_fraction_seed: 2]
[extra_trees: 0]
[extra_seed: 6]
[early_stopping_round: 1000]
[first_metric_only: 0]
[max_delta_step: 0]
[lambda_l1: 0]
[lambda_l2: 0]
[linear_lambda: 0]
[min_gain_to_split: 0]
[drop_rate: 0.1]
[max_drop: 50]
[skip_drop: 0.5]
[xgboost_dart_mode: 0]
[uniform_drop: 0]
[drop_seed: 4]
[top_rate: 0.2]
[other_rate: 0.1]
[min_data_per_group: 100]
[max_cat_threshold: 32]
[cat_l2: 10]
[cat_smooth: 10]
[max_cat_to_onehot: 4]
[top_k: 20]
[monotone_constraints: ]
[monotone_constraints_method: basic]
[monotone_penalty: 0]
[feature_contri: ]
[forcedsplits_filename: ]
[refit_decay_rate: 0.9]
[cegb_tradeoff: 1]
[cegb_penalty_split: 0]
[cegb_penalty_feature_lazy: ]
[cegb_penalty_feature_coupled: ]
[path_smooth: 0]
[interaction_constraints: ]
[verbosity: -1]
[saved_feature_importance_type: 0]
[linear_tree: 0]
[max_bin: 255]
[max_bin_by_feature: ]
[min_data_in_bin: 3]
[bin_construct_sample_cnt: 200000]
[data_random_seed: 1]
[is_enable_sparse: 1]
[enable_bundle: 1]
[use_missing: 1]
[zero_as_missing: 0]
[feature_pre_filter: 1]
[pre_partition: 0]
[two_round: 0]
[header: 0]
[label_column: ]
[weight_column: ]
[group_column: ]
[ignore_column: ]
[categorical_feature: ]
[forcedbins_filename: ]
[precise_float_parser: 0]
[objective_seed: 5]
[num_class: 1]
[is_unbalance: 0]
[scale_pos_weight: 1]
[sigmoid: 1]
[boost_from_average: 1]
[reg_sqrt: 0]
[alpha: 0.9]
[fair_c: 1]
[poisson_max_delta_step: 0.7]
[tweedie_variance_power: 1.5]
[lambdarank_truncation_level: 30]
[lambdarank_norm: 1]
[label_gain: ]
[eval_at: ]
[multi_error_top_k: 1]
[auc_mu_weights: ]
[num_machines: 1]
[local_listen_port: 12400]
[time_out: 120]
[machine_list_filename: ]
[machines: ]
[gpu_platform_id: -1]
[gpu_device_id: -1]
[gpu_use_dp: 0]
[num_gpu: 1]

end of parameters

pandas_categorical:null
