tree
version=v3
num_class=1
num_tree_per_iteration=1
label_index=0
max_feature_idx=41
objective=regression
feature_names=Column_0 Column_1 Column_2 Column_3 Column_4 Column_5 Column_6 Column_7 Column_8 Column_9 Column_10 Column_11 Column_12 Column_13 Column_14 Column_15 Column_16 Column_17 Column_18 Column_19 Column_20 Column_21 Column_22 Column_23 Column_24 Column_25 Column_26 Column_27 Column_28 Column_29 Column_30 Column_31 Column_32 Column_33 Column_34 Column_35 Column_36 Column_37 Column_38 Column_39 Column_40 Column_41
feature_infos=[0:351.125] [0:1] none [0:76.406196600000001] none [0:1] none [76.6875:94.140602099999995] [0:1] [0:74.273399400000002] [0:1] [0.027343999599999998:2.0957000300000002] [279.67991008999996:369.40150299999999] [0:1] [0:1] [-297:2985] none [245.35000079999998:312.44999919999998] [0:1] [657.625:970.5] [0:1] [-17.277778000000001:285.072225] [0.083984002500000002:3.6503899099999999] [81.609298699999997:91.468696600000001] [3872.37012:6123.5] [0:193.10000600000001] [73.218696600000001:82.625] [0:1] [-2.3125:1.5625] none [81.281196600000001:94.234298699999997] [0:1] none [0:555.93701199999998] [244.58749999999998:311.1030983] [0:1] [70.571403500000002:124.98400100000001] none [0.20100000500000001:0.30399999] none [0:1] none
tree_sizes=2657 2709 2722 2742 2744 2765 2777 2733 2712 2735

Tree=0
num_leaves=31
num_cat=0
split_feature=9 10 7 14 7 9 11 7 7 7 7 7 7 26 7 12 24 0 7 24 7 7 7 7 7 7 5 30 24 7
split_gain=141173 198301 33774.8 6622.06 6085.62 4932.59 4858.02 4177.1 2228.84 935.226 866.068 653.008 451.266 928.007 433.06 390.615 362.385 1229.77 311.984 385.065 237.478 184.656 157.419 129.818 110.218 97.1968 78.7073 510.304 975.26 71.2152
threshold=58.074199700000008 1.0000000180025095e-35 84.21089935000002 1.0000000180025095e-35 81.86714935000002 55.949199700000008 0.51074150200000012 86.913997650000013 85.46089935000002 82.99214935000002 80.382801050000012 88.796848300000008 84.17964935000002 75.295597100000023 86.11714935000002 320.11329875000007 4911.8750000000009 292.15600600000005 84.820301050000012 4911.8750000000009 83.413997650000013 79.078098300000008 83.601497650000013 81.195301050000012 82.42964935000002 90.531200400000003 1.0000000180025095e-35 89.976497650000013 4641.9350600000007 85.80464935000002
decision_type=2 2 2 2 2 2 2 2 2 2 2 2 2 2 2 2 2 2 2 2 2 2 2 2 2 2 2 2 2 2
left_child=2 20 4 -4 10 7 -3 8 18 24 21 -9 22 -14 16 -16 26 -18 -5 -20 -2 -1 -11 -12 -6 -13 27 -10 -29 -28
right_child=1 6 3 5 9 -7 -8 11 14 12 23 25 13 -15 15 -17 17 -19 19 -21 -22 -23 -24 -25 -26 -27 29 28 -30 -31
leaf_value=85.877069601674037 87.664703612549957 53.971199653711629 82.285254515234485 89.16112474603861 87.903139261266816 82.979458531043562 44.479787831528839 90.805556603453311 89.834881882889917 88.516537139715027 87.203316105395146 91.781810838848358 88.981960571669816 84.522604086665694 87.941191814508755 90.110729487244981 85.324324517472448 89.851591496689977 89.494949378886474 87.343094149539439 89.430625737399268 86.696422656069714 88.828201568783228 87.57795891157258 88.200719360112672 92.65526723387633 89.74723649113615 89.871475193953628 85.393111520035916 89.916628567386596
leaf_weight=85 32 28 30 1293 578 27 26 342 280 775 467 91 28 20 21 1722 20 60 2076 21 47 360 849 458 674 49 1278 31 20 1206
leaf_count=85 32 28 30 1293 578 27 26 342 280 775 467 91 28 20 21 1722 20 60 2076 21 47 360 849 458 674 49 1278 31 20 1206
internal_value=88.9596 72.7532 89.1272 89.7008 87.9827 89.7269 49.4013 89.7483 89.6624 88.3901 87.1131 91.1779 88.6348 87.1239 89.8877 90.0846 89.7691 88.7198 89.3543 89.4734 88.7153 86.5399 88.6795 87.3888 88.0633 92.0875 89.799 89.5699 88.1153 89.8295
internal_weight=0 133 12861 8567 4294 8537 54 8510 8028 2924 1370 482 1672 48 4638 1743 2895 80 3390 2097 79 445 1624 925 1252 140 2815 331 51 2484
internal_count=12994 133 12861 8567 4294 8537 54 8510 8028 2924 1370 482 1672 48 4638 1743 2895 80 3390 2097 79 445 1624 925 1252 140 2815 331 51 2484
is_linear=0
shrinkage=1


Tree=1
num_leaves=31
num_cat=0
split_feature=9 3 26 7 14 7 11 7 7 7 0 7 21 24 7 12 9 7 36 15 7 7 24 5 24 24 38 7 24 0
split_gain=37190.2 68088.5 18826.9 8738.17 1671.45 1580.21 1368.76 1143.79 811.395 538.558 316.305 294.624 241.96 1077.1 283.108 220.117 180.842 134.152 125.838 235.56 119.016 105.857 180.034 94.4086 331.458 919.558 366.732 87.4001 86.2331 244.155
threshold=56.820301100000009 29.035100000000003 75.234348300000008 84.226497650000013 1.0000000180025095e-35 82.05464935000002 0.49706999950000008 87.257801050000012 84.695301050000012 85.507801050000012 296.21850600000005 80.695301050000012 5.4722221694444455 4442.6250000000009 83.288997650000013 313.06569905000003 54.847599050000007 86.17964935000002 74.03170015000002 840.50000000000011 89.55464935000002 85.007801050000012 4899.4350600000007 1.0000000180025095e-35 4680.9350600000007 4696.5600600000007 0.26449999250000006 79.624950400000003 4911.8750000000009 292.28100600000005
decision_type=2 2 2 2 2 2 2 2 2 2 2 2 2 2 2 2 2 2 2 2 2 2 2 2 2 2 2 2 2 2
left_child=3 2 -2 5 -5 11 -4 9 10 16 -3 27 14 -14 -7 -11 21 18 19 -17 -9 -6 -23 24 -20 -26 -27 -1 -25 -30
right_child=1 8 6 4 7 12 -8 20 -10 15 -12 -13 13 -15 -16 17 -18 -19 23 -21 -22 22 -24 28 25 26 -28 -29 29 -31
leaf_value=-1.462672506741115 -7.3231479099818637 -0.44985638429073893 -28.36694535754976 -3.3371598402659099 0.11897415931272338 -0.38992897380022212 -22.891325985193252 1.1005992864992837 3.549641857926662 -1.1398756191844033 1.9242284521460533 -0.71739173281516988 -4.2704630924155937 0.1105145933094157 -0.066080197599482887 -1.6949142083525657 1.5290496746221414 0.59989855004948389 0.51787814022652034 0.53559925124563024 1.7726074134602265 0.31002031669003388 -1.1987866297364236 0.44943334694717729 -3.6032222986221312 0.74103569204990682 -1.7073617666959762 -1.0418043427490162 2.4897481754422186 0.46824042701115043
leaf_weight=175 21 47 21 30 1760 1414 25 293 26 21 20 956 20 47 1291 20 26 1588 232 29 85 1726 20 2499 20 65 20 418 20 59
leaf_count=175 21 47 21 30 1760 1414 25 293 26 21 20 956 20 47 1291 20 26 1588 232 29 85 1726 20 2499 20 65 20 418 20 59
internal_value=0 -7.57589 -19.728 0.0944478 0.388382 -0.484645 -25.3911 0.401557 1.17884 0.361908 0.258826 -0.889134 -0.258616 -1.19724 -0.235368 0.475179 0.215252 0.48263 0.419802 -0.374814 1.25171 0.205509 0.292737 0.433159 0.184283 -0.552803 0.164942 -1.16601 0.465692 0.980015
internal_weight=0 160 67 12834 8513 4321 46 8483 93 8105 67 1549 2772 67 2705 4573 3532 4552 2964 49 378 3506 1746 2915 337 105 85 593 2578 79
internal_count=12994 160 67 12834 8513 4321 46 8483 93 8105 67 1549 2772 67 2705 4573 3532 4552 2964 49 378 3506 1746 2915 337 105 85 593 2578 79
is_linear=0
shrinkage=0.5


Tree=2
num_leaves=31
num_cat=0
split_feature=9 10 12 7 3 21 14 7 7 7 0 5 24 12 26 36 12 24 17 24 24 28 7 7 7 7 9 25 38 24
split_gain=9297.55 18726.9 3170.13 2262.66 1159.44 929.24 412.702 359.268 333.934 210.504 112.216 107.995 3003.41 273.705 162.244 229.142 103.674 95.4446 255.773 71.7502 96.627 67.3985 270.015 64.5039 51.2655 47.8591 41.5091 38.7405 38.6517 38.6144
threshold=56.820301100000009 1.0000000180025095e-35 340.26230085000003 83.882801050000012 40.019498850000012 10.527777666666669 1.0000000180025095e-35 81.55464935000002 87.820301050000012 85.21089935000002 296.21850600000005 1.0000000180025095e-35 4923.9350600000007 352.36974945000003 75.640598300000008 83.174549100000021 314.60170025000002 4380.8100600000007 286.90000000000003 4678.0600600000007 4696.5600600000007 0.90625000000000011 84.42964935000002 82.695301050000012 79.92964935000002 86.36714935000002 54.847599050000007 164.05000300000003 0.26549999450000006 4923.9350600000007
decision_type=2 2 2 2 2 2 2 2 2 2 2 2 2 2 2 2 2 2 2 2 2 2 2 2 2 2 2 2 2 2
left_child=3 4 -3 7 -2 -4 -5 24 9 17 27 12 13 14 19 -16 -13 18 -8 -11 -21 26 -23 -9 -1 29 -19 -6 -22 -18
right_child=1 2 5 6 10 -7 8 23 -10 11 -12 16 -14 -15 15 -17 25 21 -20 20 28 22 -24 -25 -26 -27 -28 -29 -30 -31
leaf_value=-0.70520811683778073 3.8071612890809776 -5.6315415620803835 -15.751194477081299 -1.6685799439748128 -0.65479010041980512 -10.93134036064148 -1.9912509549641981 -0.26886707793587522 0.74965512221173725 0.24634383067593066 -1.474848860502243 1.1778432801365852 -5.8469441760154002 -1.5771432802081109 0.50154547606195721 -1.8632282676175236 0.21912169762576478 0.08416011255424867 0.40768341188202611 1.3575191013514996 0.3432284774829264 -1.9217171649492921 0.087680651332115431 -0.11006342181044448 -0.45372046083043144 0.36683283346197143 0.74454059265553951 0.18754778582698259 1.0935649156570435 0.51645740978918708
leaf_weight=263 20 20 20 30 21 20 20 1094 258 339 20 30 21 20 21 20 4357 2793 25 37 121 21 82 1539 883 704 24 39 20 112
leaf_count=263 20 20 20 30 21 20 20 1094 258 339 20 30 21 20 21 20 4357 2793 25 37 121 21 82 1539 883 704 24 39 20 112
internal_value=0 -3.78795 -10.7714 0.0472239 0.4021 -13.3413 0.18285 -0.277754 0.189004 0.172505 -0.449165 0.227891 0.0268446 0.240252 0.305392 -0.652003 0.251036 0.0641244 -0.65851 0.381317 0.638372 0.0752609 -0.322002 -0.176046 -0.511435 0.245661 0.0897864 -0.10727 0.449659 0.226573
internal_weight=0 160 60 12834 100 40 9055 3779 9025 8767 80 5802 599 578 558 41 5203 2965 45 517 178 2920 103 2633 1146 5173 2817 60 141 4469
internal_count=12994 160 60 12834 100 40 9055 3779 9025 8767 80 5802 599 578 558 41 5203 2965 45 517 178 2920 103 2633 1146 5173 2817 60 141 4469
is_linear=0
shrinkage=0.5


Tree=3
num_leaves=31
num_cat=0
split_feature=9 3 24 7 9 25 22 5 0 14 12 24 24 10 5 7 7 7 23 20 19 34 34 24 7 7 7 7 7 36
split_gain=2339.24 5312.5 852.923 539.792 592.527 1019.08 448.627 2436.8 2950.04 2285.77 156.184 150.064 210.644 1099.69 182.079 132.772 74.1329 125.281 180.389 63.9549 236.972 50.2571 245.58 139.461 42.111 29.4944 28.1541 27.6514 26.4667 25.9133
threshold=60.15229990000001 40.58979990000001 4597.6850600000007 84.52339935000002 56.820301100000009 168.25000000000003 2.0966750400000005 1.0000000180025095e-35 288.09350600000005 1.0000000180025095e-35 309.99365085000005 4957.4350600000007 4911.8750000000009 1.0000000180025095e-35 1.0000000180025095e-35 81.413997650000013 85.976497650000013 85.96089935000002 84.788997650000013 1.0000000180025095e-35 804.31250000000011 286.04840030000003 285.84530010000003 4419.1850600000007 83.77339935000002 85.55464935000002 78.414051050000012 88.195301050000012 85.71089935000002 74.03170015000002
decision_type=2 2 2 2 2 2 2 2 2 2 2 2 2 2 2 2 2 2 2 2 2 2 2 2 2 2 2 2 2 2
left_child=3 2 -2 15 6 -6 9 8 -8 -5 -11 12 16 -14 -13 26 17 28 -19 21 -21 22 24 -23 -17 -16 -1 -27 -12 -30
right_child=1 -3 -4 4 5 -7 7 -9 -10 10 11 14 13 -15 25 19 -18 18 -20 20 -22 23 -24 -25 -26 27 -28 -29 29 -31
leaf_value=-0.66634679325791291 -8.6610924516405383 1.9642357714474201 -4.2537410570227578 4.9034361267089848 0.80719618797302251 -4.1242248212749306 0.55449133304646236 0.10843154069023049 -7.6677442562552942 -1.1330696626007557 0.063278620678164726 1.6931723276009927 0.3411046899917502 -3.2300296059070992 0.91727033937349911 -0.098544482493433533 0.18499314307429651 -1.8700996843632312 0.20468646321784367 0.072858406552807134 -1.9474339374296723 1.4428026258945466 -1.7398642769337378 0.039355255748627575 0.020315904092483836 0.17609559700030378 -0.25329175442603863 0.45475472872713946 0.67743649422798469 0.14101942294883571
leaf_weight=43 21 34 23 25 20 22 20 247 24 25 3562 26 84 29 20 2585 2361 20 22 47 21 20 22 154 1047 211 1016 154 23 1066
leaf_count=43 21 34 23 25 20 22 20 247 24 25 3562 26 84 29 20 2585 2361 20 22 47 21 20 22 154 1047 211 1016 154 23 1066
internal_value=0 -2.72994 -6.35725 0.0164861 0.0971274 -1.77593 0.107062 -0.502246 -3.93036 0.130306 0.114611 0.118727 0.101878 -0.575381 0.412546 -0.113077 0.112727 0.0763706 -0.783307 -0.0704052 -0.551055 -0.061867 -0.0743688 0.200671 -0.0642805 0.326062 -0.270064 0.293667 0.0841338 0.152349
internal_weight=0 78 44 12916 7961 42 7919 291 44 7628 7603 7578 7167 113 411 4955 7054 4693 42 3896 68 3828 3654 174 3632 385 1059 365 4651 1089
internal_count=12994 78 44 12916 7961 42 7919 291 44 7628 7603 7578 7167 113 411 4955 7054 4693 42 3896 68 3828 3654 174 3632 385 1059 365 4651 1089
is_linear=0
shrinkage=0.5


Tree=4
num_leaves=31
num_cat=0
split_feature=9 23 14 24 9 0 9 0 10 30 7 22 5 30 34 7 12 12 7 24 26 36 10 22 25 9 21 21 33 5
split_gain=843.087 1515.15 569.223 162.465 348.566 120.793 114.027 1263.87 1138.78 375.308 79.0421 91.8605 503.18 62.3644 936.474 65.6325 52.4513 226.532 48.4739 47.8766 618.335 2179.28 153.252 34.7831 230.029 24.7051 24.2249 98.4142 216.774 74.864
threshold=61.351499600000004 84.945301050000012 1.0000000180025095e-35 4458.9951200000005 55.949199700000008 328.34350600000005 55.949199700000008 296.15600600000005 1.0000000180025095e-35 88.96089935000002 83.96089935000002 2.2431600100000004 1.0000000180025095e-35 87.882801050000012 284.23590030000003 84.226497650000013 308.27694935000005 310.53579945000007 86.42964935000002 4911.8750000000009 75.140598300000008 88.571350100000004 1.0000000180025095e-35 2.0966750400000005 171.44999700000002 58.074199700000008 13.249999666666669 13.138889222222224 495.65600600000005 1.0000000180025095e-35
decision_type=2 2 2 2 2 2 2 2 2 2 2 2 2 2 2 2 2 2 2 2 2 2 2 2 2 2 2 2 2 2
left_child=2 -2 -1 4 13 6 10 8 9 25 -5 16 -13 14 -4 -15 -12 -18 19 23 22 -22 -21 26 -25 -8 27 -19 -29 -28
right_child=1 -3 3 5 -6 -7 7 -9 -10 -11 11 12 -14 15 -16 -17 17 18 -20 20 21 -23 -24 24 -26 -27 29 28 -30 -31
leaf_value=-2.0982012222521007 -4.4989347245012015 0.97803088893061096 -0.0924617066959003 -0.04847465137905542 -2.0536390141300531 -1.1333217096768997 0.35975360013544561 3.7576027948913784 -3.2729777271548905 2.5615713477134703 0.74370328350967074 2.2081429086392745 0.06249773286670237 0.8083401142309109 -3.4530897955631925 0.032335122209566573 -1.5944370121358675 0.044242698790620281 0.16938848921124458 0.1291132126134471 -5.7969117296393957 0.32849799347865694 1.3835338277476175 0.17605559684528524 -1.7138847248750695 -0.39268172565304366 0.59070835884340345 -1.9436932954704389 0.048789314557473325 0.077948864186884528
leaf_weight=32 28 23 1611 2278 23 22 20 24 24 20 27 32 187 30 21 297 21 6414 769 80 20 53 35 69 21 24 80 20 43 646
leaf_count=32 28 23 1611 2278 23 22 20 24 24 20 27 32 187 30 21 297 21 6414 769 80 20 53 35 69 21 24 80 20 43 646
internal_value=0 -2.02893 0.0079947 0.0132149 -0.118492 0.0371002 0.039461 0.541367 -0.335788 0.765658 0.0342537 0.0563806 0.376017 -0.0957718 -0.135705 0.103528 0.0479448 0.0456736 0.0498484 0.0375604 -0.21157 -1.3497 0.510893 0.0439825 -0.26493 -0.0506657 0.0478423 0.0381344 -0.583745 0.134451
internal_weight=0 51 12943 12911 1982 10929 10907 112 88 64 10795 8517 219 1959 1632 327 8298 8271 8250 7481 188 73 115 7293 90 44 7203 6477 63 726
internal_count=12994 51 12943 12911 1982 10929 10907 112 88 64 10795 8517 219 1959 1632 327 8298 8271 8250 7481 188 73 115 7293 90 44 7203 6477 63 726
is_linear=0
shrinkage=0.5


Tree=5
num_leaves=31
num_cat=0
split_feature=9 5 22 11 10 22 0 28 19 30 10 22 14 5 24 7 22 7 7 24 10 7 28 23 25 25 24 7 12 24
split_gain=263.474 1521.05 1578.27 588.848 626.055 207.044 112.155 95.9976 77.1137 321.263 1977.05 193.83 2536.66 930.438 58.6992 93.7456 119.427 48.6704 148.128 63.7192 100.741 40.5346 27.5919 25.948 31.6307 683.105 26.6026 198.13 21.5526 20.2556
threshold=56.820301100000009 1.0000000180025095e-35 1.4550750250000002 0.38574150200000007 1.0000000180025095e-35 3.2275350100000004 328.34350600000005 0.093750000000000014 838.81250000000011 90.08589935000002 1.0000000180025095e-35 2.0966750400000005 1.0000000180025095e-35 1.0000000180025095e-35 4899.4350600000007 86.14839935000002 1.0068300350000003 85.913997650000013 85.882801050000012 4877.6850600000007 1.0000000180025095e-35 82.61714935000002 0.15625000000000003 83.86714935000002 161.84999850000003 161.65000150000003 4923.9350600000007 85.445301050000012 317.94479985000004 4899.4350600000007
decision_type=2 2 2 2 2 2 2 2 2 2 2 2 2 2 2 2 2 2 2 2 2 2 2 2 2 2 2 2 2 2
left_child=5 -2 3 -3 7 6 8 -5 9 17 -11 12 -10 -13 28 16 -16 18 21 -19 -21 -1 -17 -23 25 -25 29 -28 -14 -26
right_child=1 2 -4 4 -6 -7 -8 -9 11 10 -12 13 14 -15 15 22 -18 19 -20 20 -22 23 -24 24 26 -27 27 -29 -30 -31
leaf_value=-0.070078655137718909 -4.2201007795333858 0.81955444717254389 3.7983371414568112 -1.3668700620532035 -3.6158719950914384 -1.4908644216610929 1.1937522083520888 0.06738640833646059 5.3216257924618926 0.021705836770819616 -5.0103072537635658 -2.8447918815143183 0.45145621357650889 0.059231850326677021 1.8007470410317183 0.086597303873210449 0.33230392905469569 0.073249468630057615 -1.0898267849042895 0.1033947578731126 1.3413131119752373 0.44638494934256684 0.53644786098677866 0.017093892049650731 0.025942875634922077 -2.3856688619200743 0.13919532765465278 -1.489770198861758 0.032822844459531465 0.50684332134815946
leaf_weight=2147 25 39 23 20 25 23 20 28 23 129 23 33 31 168 20 331 45 470 32 42 27 34 38 646 4655 31 84 24 3736 22
leaf_count=2147 25 39 23 20 25 23 20 28 23 129 23 33 31 168 20 331 45 470 32 42 27 34 38 646 4655 31 84 24 3736 22
internal_value=0 -0.63766 0.0257555 -0.748971 -1.58695 0.00794963 0.0106405 -0.53022 0.00879058 -0.019444 -0.739717 0.0621715 0.0849991 -0.417548 0.0563291 0.230455 0.784133 -0.00611535 -0.0163149 0.139119 0.587798 -0.0118203 0.132923 0.0109382 0.00822766 -0.0929292 0.0225397 -0.222797 0.0362679 0.028205
internal_weight=0 160 135 112 73 12834 12811 48 12791 8366 152 4425 4224 201 4201 434 65 8214 7675 539 69 7643 369 5496 5462 677 4785 108 3767 4677
internal_count=12994 160 135 112 73 12834 12811 48 12791 8366 152 4425 4224 201 4201 434 65 8214 7675 539 69 7643 369 5496 5462 677 4785 108 3767 4677
is_linear=0
shrinkage=0.5


Tree=6
num_leaves=31
num_cat=0
split_feature=14 9 9 25 9 15 24 22 9 22 5 22 34 17 34 5 36 36 28 7 24 7 7 33 12 5 24 24 26 7
split_gain=921.888 101.429 106.099 779.422 203.35 469.904 460.058 83.3822 58.3476 44.8215 435.773 85.5578 28.6143 274.101 129.604 49.6897 84.3003 53.9193 187.631 30.0523 45.8788 29.4636 52.7651 137.545 48.365 40.3079 98.5173 27.05 50.7168 16.0561
threshold=1.0000000180025095e-35 63.550750750000006 60.15229990000001 171.55000300000003 56.820301100000009 728.50000000000011 4653.4350600000007 3.1435500400000005 55.949199700000008 2.1142550700000005 1.0000000180025095e-35 2.0966750400000005 297.86090030000003 299.99999940000004 297.75150050000002 1.0000000180025095e-35 79.999950400000003 74.03170015000002 0.34375000000000006 86.11714935000002 4616.6850600000007 85.913997650000013 85.89839935000002 487.65600600000005 318.30625000000003 1.0000000180025095e-35 4899.4350600000007 4911.8750000000009 75.484348300000008 80.945301050000012
decision_type=2 2 2 2 2 2 2 2 2 2 2 2 2 2 2 2 2 2 2 2 2 2 2 2 2 2 2 2 2 2
left_child=-1 2 4 -4 7 -6 -7 8 9 11 -11 12 13 14 21 16 -14 18 -17 20 -18 22 29 -24 -23 26 -26 -19 -29 -2
right_child=1 -3 3 -5 5 6 -8 -9 -10 10 -12 -13 15 -15 -16 17 19 27 -20 -21 -22 24 23 -25 25 -27 -28 28 -30 -31
leaf_value=-2.6803948655724525 -0.082576223558724307 -0.99952837944030759 2.393435623248418 -1.4753061597761901 -2.3144385957669829 -1.102475036183993 1.9488699858387311 0.79265429990140124 0.72958663984068806 1.8307346544331975 0.015284006695107771 -0.92262548953294754 0.99906678563759976 -1.8557803943986073 -0.9127923076291784 -1.5546560887368801 0.071834462732580068 0.036402659385738299 0.24596502329698594 -0.072426169122724482 0.99712752870150978 0.81487500525656198 0.18128218991997919 -1.5355163569416619 0.13839409683391246 0.025620268118046814 1.2976448731053443 0.099620201659362612 0.94038174635109806 -0.0021883888185259314
leaf_weight=32 673 25 30 23 31 30 21 34 28 36 404 25 36 20 39 23 37 1414 39 75 21 21 28 20 144 1506 21 71 24 8063
leaf_count=32 673 25 30 23 31 30 21 34 28 36 404 25 36 20 39 23 37 1414 39 75 21 21 28 20 144 1506 21 71 24 8063
internal_value=0 0.00661724 0.00856156 0.714548 0.00565739 -0.779214 0.153961 0.0106847 0.00860238 0.0070178 0.163821 0.00140858 0.00329052 -0.00652035 -0.00300298 0.0626914 0.320308 0.0349784 -0.422007 0.136583 0.406854 0.000383981 -0.0112538 -0.534051 0.0608013 0.0513246 0.285935 0.0537545 0.312023 -0.00838127
internal_weight=0 12962 12937 53 12884 82 51 12802 12768 12740 440 12300 12275 10535 10515 1740 169 1571 62 133 58 10476 8784 48 1692 1671 165 1509 95 8736
internal_count=12994 12962 12937 53 12884 82 51 12802 12768 12740 440 12300 12275 10535 10515 1740 169 1571 62 133 58 10476 8784 48 1692 1671 165 1509 95 8736
is_linear=0
shrinkage=0.5


Tree=7
num_leaves=31
num_cat=0
split_feature=14 0 5 24 9 24 24 22 30 9 10 3 7 21 25 7 30 24 22 26 7 9 12 28 7 33 9 36 12 28
split_gain=230.472 86.2571 68.9585 604.002 297.09 174.213 723.914 215.381 132.479 77.6467 654.855 263.554 96.6126 49.4156 28.0159 22.1147 21.1738 19.4531 40.8457 17.18 17.0626 63.074 50.5489 23.2861 17.487 58.4375 16.8145 149.539 47.9395 15.8837
threshold=1.0000000180025095e-35 328.34350600000005 1.0000000180025095e-35 4923.9350600000007 56.820301100000009 4686.0600600000007 4678.0600600000007 1.7998000400000003 87.632801050000012 58.074199700000008 1.0000000180025095e-35 40.878900550000004 84.14839935000002 13.138889222222224 173.65000150000003 84.52339935000002 90.08589935000002 4669.9350600000007 1.9794899850000003 75.265598300000008 85.30464935000002 55.49604990000001 313.06569905000003 0.90625000000000011 84.52339935000002 447.46850600000005 54.847599050000007 88.888851150000008 323.27570000000003 -1.0312499999999998
decision_type=2 2 2 2 2 2 2 2 2 2 2 2 2 2 2 2 2 2 2 2 2 2 2 2 2 2 2 2 2 2
left_child=-1 2 3 4 5 6 8 13 -2 20 11 -11 -13 14 -7 -10 17 18 -17 -18 23 22 -22 26 25 -25 29 -28 -29 -4
right_child=1 -3 9 -5 -6 7 -8 -9 15 10 -12 12 -14 -15 -16 16 19 -19 -20 -21 21 -23 -24 24 -26 -27 27 28 -30 -31
leaf_value=-1.3401976898312569 -0.93850432426945585 -0.98589836230332206 0.30291745407370535 -2.1670403489044734 -1.7776749534532428 0.025237692965357196 -3.0857227753847836 1.9272958372852631 0.47284036582069738 1.2371066012885421 2.3802590523996661 -0.40498727552879316 -1.756641591899097 0.81850687693804502 0.64902392007587917 -0.0091300712422401654 0.034105936955061873 0.44900534079005455 -0.74140645460574883 0.59309293681548703 0.7685972633569137 0.87748030996458093 0.025665550373392191 -0.060162807343294843 0.032464030089222336 0.81793191538761478 -1.4208998238667845 0.58948731034873958 -0.31308707726670298 -0.0092558362577345558
leaf_weight=32 37 22 41 35 24 126 20 21 28 20 31 39 20 30 21 398 28 21 20 27 23 22 5048 40 93 36 20 31 28 6612
leaf_count=32 37 22 41 35 24 126 20 21 28 20 31 39 20 30 21 398 28 21 20 27 23 22 5048 40 93 36 20 31 28 6612
internal_value=0 0.00330862 0.00499042 -0.133895 -0.0450565 0.00846071 -0.129989 0.413323 -0.0242387 0.014583 0.432753 -0.331458 -0.863175 0.233699 0.11435 0.0405656 0.0160642 -0.0205758 -0.0441672 0.308518 0.0107479 0.0327002 0.0290352 -0.00545314 0.177859 0.355777 -0.010055 -0.239371 0.161147 -0.00733203
internal_weight=0 12962 12940 836 801 777 579 198 559 12104 110 79 59 177 147 522 494 439 418 55 11994 5093 5071 6901 169 76 6732 79 59 6653
internal_count=12994 12962 12940 836 801 777 579 198 559 12104 110 79 59 177 147 522 494 439 418 55 11994 5093 5071 6901 169 76 6732 79 59 6653
is_linear=0
shrinkage=0.5


Tree=8
num_leaves=31
num_cat=0
split_feature=3 14 9 10 7 3 25 9 25 22 24 11 9 25 25 5 24 22 26 36 9 25 9 7 33 10 24 19 33 38
split_gain=103.973 1979.49 568.453 1085.45 1488.7 473.714 369.51 169.562 128.422 913.145 287.43 1585.79 92.2129 68.583 614.591 74.9362 238.26 126.106 38.8159 35.9858 32.6123 225.484 95.8666 27.7715 15.5828 23.9031 37.5048 33.5482 56.4533 11.6123
threshold=11.433549900000001 1.0000000180025095e-35 7.0273401750000009 1.0000000180025095e-35 85.61714935000002 11.136700150000001 169.15000150000003 60.15229990000001 171.44999700000002 2.0966750400000005 4911.8750000000009 0.54492148750000013 8.2929649350000023 161.75000000000003 161.55000300000003 1.0000000180025095e-35 4887.3100600000007 2.0400350100000004 75.609348300000008 84.634853350000014 55.949199700000008 172.15000150000003 58.074199700000008 84.42964935000002 488.65600600000005 1.0000000180025095e-35 4911.8750000000009 834.31250000000011 493.53100600000005 0.26850000050000006
decision_type=2 2 2 2 2 2 2 2 2 2 2 2 2 2 2 2 2 2 2 2 2 2 2 2 2 2 2 2 2 2
left_child=2 -2 5 12 -5 8 -6 20 13 10 -10 29 -4 14 -1 16 17 18 23 -20 24 22 -22 -15 -3 -26 27 28 -27 -12
right_child=1 7 3 4 6 -7 -8 -9 9 -11 11 -13 -14 15 -16 -17 -18 -19 19 -21 21 -23 -24 -25 25 26 -28 -29 -30 -31
leaf_value=0.013009517557264807 4.6599401494731074 -0.0013265752318860893 0.054150994922965767 -5.1418589044057219 1.0713734541088342 -1.7685543488418587 -1.898114301264286 1.1303680918782073 0.022286063732869163 -2.583195767206091 0.91890315553173418 -4.7662457743193958 1.4577188721716745 0.49953099362777942 -2.3622659059514386 0.029686899786797942 1.9496693663299083 1.4068273514509202 0.0665233213454485 0.97463933968295657 0.41253513418551946 1.7435087809960048 -0.7976831508179506 0.017274377285595836 0.015374472929743074 0.081678211206214171 0.61307894907449967 0.054990387208574298 1.1403396974375937 0.39248825287954375
leaf_weight=447 23 7481 25 29 20 39 22 34 687 38 20 20 22 33 29 1618 20 20 20 24 36 21 30 313 1390 34 39 418 20 22
leaf_count=447 23 7481 25 29 20 39 22 34 687 38 20 20 22 33 29 1618 20 20 20 24 36 21 30 313 1390 34 39 418 20 22
internal_value=0 0.0269863 -0.0741268 -1.15272 -2.38655 -0.0361345 -0.484073 0.0157733 -0.0157285 -0.192075 -0.0707631 -1.10181 0.71114 0.0392576 -0.131703 0.0789925 0.264519 0.182316 0.119521 0.561859 0.0117711 0.316488 -0.137564 0.06327 0.00894546 0.049369 0.141839 0.102902 0.473775 0.643162
internal_weight=0 9526 3468 118 71 3350 42 9503 3311 787 749 62 47 2524 476 2048 430 410 390 44 9469 87 66 346 9382 1901 511 472 54 42
internal_count=12994 9526 3468 118 71 3350 42 9503 3311 787 749 62 47 2524 476 2048 430 410 390 44 9469 87 66 346 9382 1901 511 472 54 42
is_linear=0
shrinkage=0.5


Tree=9
num_leaves=31
num_cat=0
split_feature=14 23 23 15 22 3 25 9 0 26 10 11 5 22 15 24 26 26 28 9 30 24 24 24 22 9 25 7 22 22
split_gain=603.306 150.974 61.4863 110.635 54.4461 146.144 311.634 59.7413 449.146 548.563 411.719 82.3239 52.704 224.618 403.699 274.394 52.3532 229.672 28.5322 19.3062 17.7641 18.0697 15.1474 66.0029 14.3546 13.2226 143.678 37.3309 13.1227 23.7233
threshold=1.0000000180025095e-35 89.851497650000013 89.46089935000002 1185.5000000000002 2.1806600100000004 10.011700150000001 171.44999700000002 58.074199700000008 294.84350600000005 75.265598300000008 1.0000000180025095e-35 0.48242150250000004 1.0000000180025095e-35 1.7832000250000004 764.50000000000011 4923.9350600000007 75.640598300000008 75.671848300000008 0.21875000000000003 6.6484351150000007 87.632801050000012 4849.7451200000005 4678.0600600000007 4696.5600600000007 2.3486299500000007 55.49604990000001 170.75000000000003 84.288997650000013 2.0966750400000005 2.1142550700000005
decision_type=2 2 2 2 2 2 2 2 2 2 2 2 2 2 2 2 2 2 2 2 2 2 2 2 2 2 2 2 2 2
left_child=-1 2 4 -4 7 6 18 12 9 -9 11 -11 13 15 -15 16 19 -18 -6 20 -2 22 -22 -24 -20 28 27 -27 -14 -30
right_child=1 -3 3 -5 5 -7 -8 8 -10 10 -12 -13 25 14 -16 -17 17 -19 24 -21 21 -23 23 -25 -26 26 -28 -29 29 -31
leaf_value=-2.1683443654328585 0.40783810230592887 1.3449037289690404 -1.4589910678681917 0.092570839794697587 -0.41204934939742088 -0.0085706758047087318 1.8304657608172612 -2.3533581427552481 2.1511686400130943 -1.2314694588598998 1.6886589782866273 0.15556796118617058 0.0042757308693859306 0.28123883605966793 -2.3141046679548678 -1.5589861227520581 -1.803151878566132 0.34413232389047288 0.54991013203754036 0.46484810229459844 -0.018703224999324714 -0.44207948153572424 0.79078825285206689 -0.01379200434062763 0.075642009982122824 -0.065034863115711647 -1.1640269005527863 0.78773968808707739 0.65092470564625482 0.029737680401726096
leaf_weight=32 30 21 20 27 20 296 38 22 27 23 37 20 11417 29 31 29 20 33 27 27 410 21 33 112 39 33 26 21 22 51
leaf_count=32 30 21 20 27 20 296 38 22 27 23 37 20 11417 29 31 29 20 33 27 27 410 21 33 112 39 33 26 21 22 51
internal_value=0 0.00535311 0.00317936 -0.567668 0.00526016 0.182327 0.638019 -0.000701695 0.337795 -0.142215 0.465849 -0.586336 -0.00423885 -0.130469 -1.05969 -0.0524922 0.0111934 -0.466164 0.111124 0.0511617 0.0327301 0.0131933 0.0304198 0.169319 0.269661 0.00421648 -0.198354 0.2666 0.00562689 0.216945
internal_weight=0 12962 12941 47 12894 420 124 12474 129 102 80 43 12345 775 60 715 686 53 86 633 606 576 555 145 66 11570 80 54 11490 73
internal_count=12994 12962 12941 47 12894 420 124 12474 129 102 80 43 12345 775 60 715 686 53 86 633 606 576 555 145 66 11570 80 54 11490 73
is_linear=0
shrinkage=0.5


end of trees

feature_importances:
Column_7=64
Column_24=38
Column_9=29
Column_22=19
Column_5=15
Column_25=14
Column_10=12
Column_12=12
Column_0=10
Column_14=10
Column_26=10
Column_36=8
Column_3=7
Column_28=7
Column_30=7
Column_11=5
Column_21=5
Column_23=5
Column_33=5
Column_34=5
Column_15=4
Column_19=3
Column_38=3
Column_17=2
Column_20=1

parameters:
[boosting: gbdt]
[objective: regression]
[metric: rmse,l2]
[tree_learner: serial]
[device_type: cpu]
[data: ]
[valid: ]
[num_iterations: 20]
[learning_rate: 0.5]
[num_leaves: 31]
[num_threads: -1]
[deterministic: 0]
[force_col_wise: 0]
[force_row_wise: 0]
[histogram_pool_size: -1]
[max_depth: 20]
[min_data_in_leaf: 20]
[min_sum_hessian_in_leaf: 0.001]
[bagging_fraction: 1]
[pos_bagging_fraction: 1]
[neg_bagging_fraction: 1]
[bagging_freq: 0]
[bagging_seed: 3]
[feature_fraction: 1]
[feature_fraction_bynode: 1]
[feature_fraction_seed: 2]
[extra_trees: 0]
[extra_seed: 6]
[early_stopping_round: 1000]
[first_metric_only: 0]
[max_delta_step: 0]
[lambda_l1: 0]
[lambda_l2: 0]
[linear_lambda: 0]
[min_gain_to_split: 0]
[drop_rate: 0.1]
[max_drop: 50]
[skip_drop: 0.5]
[xgboost_dart_mode: 0]
[uniform_drop: 0]
[drop_seed: 4]
[top_rate: 0.2]
[other_rate: 0.1]
[min_data_per_group: 100]
[max_cat_threshold: 32]
[cat_l2: 10]
[cat_smooth: 10]
[max_cat_to_onehot: 4]
[top_k: 20]
[monotone_constraints: ]
[monotone_constraints_method: basic]
[monotone_penalty: 0]
[feature_contri: ]
[forcedsplits_filename: ]
[refit_decay_rate: 0.9]
[cegb_tradeoff: 1]
[cegb_penalty_split: 0]
[cegb_penalty_feature_lazy: ]
[cegb_penalty_feature_coupled: ]
[path_smooth: 0]
[interaction_constraints: ]
[verbosity: -1]
[saved_feature_importance_type: 0]
[linear_tree: 0]
[max_bin: 255]
[max_bin_by_feature: ]
[min_data_in_bin: 3]
[bin_construct_sample_cnt: 200000]
[data_random_seed: 1]
[is_enable_sparse: 1]
[enable_bundle: 1]
[use_missing: 1]
[zero_as_missing: 0]
[feature_pre_filter: 1]
[pre_partition: 0]
[two_round: 0]
[header: 0]
[label_column: ]
[weight_column: ]
[group_column: ]
[ignore_column: ]
[categorical_feature: ]
[forcedbins_filename: ]
[precise_float_parser: 0]
[objective_seed: 5]
[num_class: 1]
[is_unbalance: 0]
[scale_pos_weight: 1]
[sigmoid: 1]
[boost_from_average: 1]
[reg_sqrt: 0]
[alpha: 0.9]
[fair_c: 1]
[poisson_max_delta_step: 0.7]
[tweedie_variance_power: 1.5]
[lambdarank_truncation_level: 30]
[lambdarank_norm: 1]
[label_gain: ]
[eval_at: ]
[multi_error_top_k: 1]
[auc_mu_weights: ]
[num_machines: 1]
[local_listen_port: 12400]
[time_out: 120]
[machine_list_filename: ]
[machines: ]
[gpu_platform_id: -1]
[gpu_device_id: -1]
[gpu_use_dp: 0]
[num_gpu: 1]

end of parameters

pandas_categorical:null
