tree
version=v3
num_class=1
num_tree_per_iteration=1
label_index=0
max_feature_idx=41
objective=regression
feature_names=Column_0 Column_1 Column_2 Column_3 Column_4 Column_5 Column_6 Column_7 Column_8 Column_9 Column_10 Column_11 Column_12 Column_13 Column_14 Column_15 Column_16 Column_17 Column_18 Column_19 Column_20 Column_21 Column_22 Column_23 Column_24 Column_25 Column_26 Column_27 Column_28 Column_29 Column_30 Column_31 Column_32 Column_33 Column_34 Column_35 Column_36 Column_37 Column_38 Column_39 Column_40 Column_41
feature_infos=[0:351.125] [0:1] none [0:76.406196600000001] none [0:1] none [76.6875:94.140602099999995] [0:1] [0:74.273399400000002] [0:1] [0.027343999599999998:2.0957000300000002] [279.67991008999996:369.40150299999999] [0:1] [0:1] [-297:2985] none [245.35000079999998:312.44999919999998] [0:1] [657.625:970.5] [0:1] [-17.277778000000001:285.072225] [0.083984002500000002:3.6503899099999999] [81.609298699999997:91.468696600000001] [3872.37012:6123.5] [0:193.10000600000001] [73.218696600000001:82.625] [0:1] [-2.3125:1.5625] none [81.281196600000001:94.234298699999997] [0:1] none [0:555.93701199999998] [244.58749999999998:311.1030983] [0:1] [70.571403500000002:124.98400100000001] none [0.20100000500000001:0.30399999] none [0:1] none
tree_sizes=2699 2779 2766 2785 2763 2758 2756 2780 2776 2782 2816 2764 2790 2808 2810 2755 2781 2773 2806 2775

Tree=0
num_leaves=31
num_cat=0
split_feature=21 9 19 10 33 19 19 34 19 17 7 19 19 33 19 30 19 19 33 19 19 21 30 19 19 7 30 19 30 19
split_gain=50920.7 53504.8 44213.8 33289.8 27783.5 22950 12408.5 11056.1 10252.6 9571.21 8946.93 8831.62 6438.1 5977.22 7902.69 5764.62 5078.42 3923.85 3610.44 3060.18 2756.37 2417.52 2256.36 2818.41 2020.13 2118.22 1981.58 2462.51 1733.87 1732.7
threshold=1.5277777777777781 56.820301100000009 850.81250000000011 1.0000000180025095e-35 480.40600600000005 818.68750000000011 788.56250000000011 286.04840030000003 829.18750000000011 271.90000000000003 84.851497650000013 792.81250000000011 733.68750000000011 488.15600600000005 863.68750000000011 84.476497650000013 834.68750000000011 764.31250000000011 487.90600600000005 806.18750000000011 775.93750000000011 3.3055555833333341 90.67964935000002 878.43750000000011 863.18750000000011 85.52339935000002 86.570301050000012 816.93750000000011 85.24214935000002 807.68750000000011
decision_type=2 2 2 2 2 2 2 2 2 2 2 2 2 2 2 2 2 2 2 2 2 2 2 2 2 2 2 2 2 2
left_child=6 2 4 -3 5 7 9 11 -6 12 -7 -2 -1 24 -15 -14 -12 -17 -10 -9 -11 -13 23 -16 25 -4 -8 -28 -19 -23
right_child=1 3 13 -5 8 10 26 19 18 20 16 21 15 14 22 17 -18 28 -20 -21 -22 29 -24 -25 -26 -27 27 -29 -30 -31
leaf_value=40.787748940263043 43.738158326558612 39.810193048825184 37.806659809482078 21.582749870523791 45.075494150507623 38.724858601790501 37.05830542354505 45.329318572707685 41.95055304179926 42.181949276989137 41.776373588351007 39.669484006943918 36.533535011297687 41.424451073431605 39.549259392475413 40.073293019257406 39.914664759374318 36.655839960905723 43.406711613585813 43.28096834926702 40.304464733622858 42.240427508128292 41.013389051176439 37.498223383455098 37.473911029548432 39.802071021058666 39.213814425370849 37.151517195111616 38.698693709862795 40.471095274092079
leaf_weight=419 353 46 199 55 707 684 537 288 710 372 790 316 282 784 577 506 683 147 1063 497 412 292 159 236 261 401 358 243 354 263
leaf_count=419 353 46 199 55 707 684 537 288 710 372 790 316 282 784 577 506 683 147 1063 497 412 292 159 236 261 401 358 243 354 263
internal_value=40.714 41.3303 41.4551 29.8844 42.1406 41.3518 39.1243 42.5678 43.4656 39.749 40.2192 41.6285 39.0851 39.7143 40.2434 38.5316 40.9131 39.0912 42.8236 44.0325 41.1953 40.7734 39.2908 38.9539 38.6351 39.1403 37.7563 38.38 38.0993 41.402
internal_weight=0 9364 9263 101 6646 4166 3630 2009 2480 2492 2157 1224 1708 2617 1756 1289 1473 1007 1773 785 784 871 972 813 861 600 1138 601 501 555
internal_count=12994 9364 9263 101 6646 4166 3630 2009 2480 2492 2157 1224 1708 2617 1756 1289 1473 1007 1773 785 784 871 972 813 861 600 1138 601 501 555
is_linear=0
shrinkage=1


Tree=1
num_leaves=31
num_cat=0
split_feature=21 19 9 33 19 21 19 10 10 19 33 19 7 19 19 19 3 7 7 30 19 13 33 19 22 10 9 10 19 10
split_gain=14142.2 18871.1 8801.04 8199.59 6203.29 6019.92 5827.22 5780.94 4071.75 3479.76 3288.41 2774.5 2398.42 2397.75 2345.2 2320.06 2317.04 2294.62 2123.69 1819.46 1909.37 1527.9 1506.29 1469.07 1383.66 1377.62 1284.84 1187.32 1153.68 1087.26
threshold=4.0833334138888899 841.68750000000011 59.023399350000005 473.71850600000005 803.68750000000011 -0.8055555499999999 803.68750000000011 1.0000000180025095e-35 1.0000000180025095e-35 822.31250000000011 492.21850600000005 867.68750000000011 85.64839935000002 826.31250000000011 780.93750000000011 752.56250000000011 29.035100000000003 81.61714935000002 83.67964935000002 83.632801050000012 696.00000000000011 1.0000000180025095e-35 475.65600600000005 772.06250000000011 2.0966750400000005 1.0000000180025095e-35 53.71479990000001 1.0000000180025095e-35 857.93750000000011 1.0000000180025095e-35
decision_type=2 2 2 2 2 2 2 2 2 2 2 2 2 2 2 2 2 2 2 2 2 2 2 2 2 2 2 2 2 2
left_child=4 3 7 6 5 8 -2 10 15 29 22 -12 -11 26 -7 19 24 -17 -6 20 -1 -10 -3 -19 -9 -16 27 -8 -24 -5
right_child=1 2 -4 9 18 14 13 16 21 12 11 -13 -14 -15 25 17 -18 23 -20 -21 -22 -23 28 -25 -26 -27 -28 -29 -30 -31
leaf_value=1.4307763873289028 2.0393275521601302 -2.2250784161560078 -7.888222437304182 2.2205648422949826 -2.7890149489539104 1.71561872150196 0.16257053696400214 -0.01320266871849393 -0.29662654938021799 0.63716572918389092 0.45033119537936861 -1.0397858022066553 1.8091267219078326 -0.91343382526090044 -0.32214598677712203 -3.2878940404959058 1.2648954900078662 -0.57795975425374047 -1.2653419683654019 -0.018856715793567909 -3.0782372736268573 1.3602595571854286 -0.59996524653513505 -1.9450391945238301 -3.457689025439322 1.1837359393077298 -3.25435900548473 1.5029025351362568 -1.5710531252339328 3.5862942754921288
leaf_weight=30 395 282 39 552 362 320 775 328 679 776 827 502 998 583 542 199 643 329 621 443 108 175 843 488 32 211 24 210 480 198
leaf_count=30 395 282 39 552 362 320 775 328 679 776 827 502 998 583 542 199 643 329 621 443 108 175 843 488 32 211 24 210 480 198
internal_value=0 0.380123 -0.414031 1.08009 -0.715798 -0.405987 0.320332 -0.339991 -0.838377 1.6782 -0.694239 -0.112527 1.29648 -0.106178 0.581699 -1.30964 0.696262 -1.76537 -1.82645 -0.512702 -2.09802 0.0428993 -1.17592 -1.39453 -0.319379 0.0998209 0.360255 0.448327 -0.952287 2.58112
internal_weight=0 8487 3976 4511 4507 3524 1987 3937 2451 2524 2934 1329 1774 1592 1073 1597 1003 1016 983 581 138 854 1605 817 360 753 1009 985 1323 750
internal_count=12994 8487 3976 4511 4507 3524 1987 3937 2451 2524 2934 1329 1774 1592 1073 1597 1003 1016 983 581 138 854 1605 817 360 753 1009 985 1323 750
is_linear=0
shrinkage=0.5


Tree=2
num_leaves=31
num_cat=0
split_feature=36 9 10 10 14 19 21 9 19 7 19 17 7 19 19 19 30 19 34 17 10 19 19 7 19 33 19 19 7 7
split_gain=4624.58 5058.09 5849 4770.76 3343.38 2926.21 2592.48 2258.42 2083.06 1655.57 1627.17 1690.2 1428.74 1918.3 1787.25 1396.96 1691.9 1348.32 1140.82 1092.96 1073.4 920.796 817.615 754.761 811.427 749.537 717.97 658.281 628.845 604.246
threshold=91.428546900000015 56.820301100000009 1.0000000180025095e-35 1.0000000180025095e-35 1.0000000180025095e-35 835.06250000000011 10.861111222222224 40.93354990000001 853.68750000000011 85.27339935000002 712.93750000000011 259.59999980000003 84.320301050000012 812.81250000000011 799.06250000000011 758.93750000000011 85.71089935000002 857.93750000000011 265.11093988500005 298.90000000000003 1.0000000180025095e-35 777.56250000000011 808.31250000000011 86.663997650000013 883.18750000000011 376.40600600000005 893.18750000000011 739.56250000000011 83.36714935000002 82.99214935000002
decision_type=2 2 2 2 2 2 2 2 2 2 2 2 2 2 2 2 2 2 2 2 2 2 2 2 2 2 2 2 2 2
left_child=1 3 -3 5 -5 6 12 -6 -9 -7 25 -12 14 -14 28 18 21 19 27 -11 -18 -17 29 24 -19 -2 -25 -13 -1 -22
right_child=10 2 -4 4 7 9 -8 8 -10 17 11 15 13 -15 -16 16 20 23 -20 -21 22 -23 -24 26 -26 -27 -28 -29 -30 -31
leaf_value=-0.238373148713656 -0.98398329097438941 0.56534562183886161 -7.08406142393748 -4.4790152054408505 0.38320733506068644 -1.1570931043171762 1.7302023442059111 1.7509269797103728 0.25167109087402872 -0.15772737452878796 -1.8108042251859975 0.44975269029014991 1.1837715041599037 0.11814320173733119 -1.03319041798662 -0.86522756764456077 -0.61072936769400299 -0.60420849602260229 1.1690625767985527 0.7082990103517659 -0.013622113671728168 -2.1796008622012852 -0.48601135233428305 0.88378133090583633 -2.0782820383707681 1.697336558658149 -0.90441360852021846 -0.8103893096599597 0.82733919724975669 1.1617076991672191
leaf_weight=264 33 49 51 29 1049 490 312 935 308 1083 234 190 626 1298 435 374 1655 842 220 549 227 207 334 152 105 124 89 228 291 211
leaf_count=264 33 49 51 29 1049 490 312 935 308 1083 234 190 626 1298 435 374 1655 842 220 549 227 207 334 152 105 124 89 228 291 211
internal_value=0 0.200255 -3.33585 0.240179 0.855978 0.0215027 0.360385 0.92348 1.37943 -0.308779 -0.44431 -0.508165 0.213719 0.46486 -0.274356 -0.424562 -0.567097 -0.161377 0.247458 0.133601 -0.383625 -1.33352 0.103239 -0.5666 -0.767649 1.13375 0.223411 -0.237597 0.320406 0.552576
internal_weight=0 8957 100 8857 2321 6536 3226 2292 1243 3310 4037 3880 2914 1924 990 3646 3008 2820 638 1632 2427 581 772 1188 947 157 241 418 555 438
internal_count=12994 8957 100 8857 2321 6536 3226 2292 1243 3310 4037 3880 2914 1924 990 3646 3008 2820 638 1632 2427 581 772 1188 947 157 241 418 555 438
is_linear=0
shrinkage=0.5


Tree=3
num_leaves=31
num_cat=0
split_feature=7 19 19 17 19 9 34 7 19 19 19 7 7 10 28 7 19 28 19 19 21 19 19 7 7 23 10 19 30 19
split_gain=1987.8 2249.6 2066.69 2461.55 2225.95 1483.06 1324.91 1269.34 2034.64 1784.66 1087.3 979.103 921.591 930.403 884.946 680.795 698.79 643.938 614.517 590.301 502.206 497.393 495.395 676.872 580.081 472.68 580.12 465.184 438.453 394.299
threshold=85.976497650000013 856.56250000000011 844.93750000000011 289.49999940000004 823.18750000000011 56.820301100000009 286.47030010000003 83.257801050000012 786.43750000000011 781.68750000000011 811.06250000000011 83.96089935000002 82.14839935000002 1.0000000180025095e-35 0.40625000000000006 87.11714935000002 830.81250000000011 0.65625000000000011 742.81250000000011 766.81250000000011 -6.3611109999999993 768.06250000000011 872.68750000000011 87.257801050000012 87.820301050000012 84.601497650000013 1.0000000180025095e-35 872.06250000000011 82.726497650000013 888.25000000000011
decision_type=2 2 2 2 2 2 2 2 2 2 2 2 2 2 2 2 2 2 2 2 2 2 2 2 2 2 2 2 2 2
left_child=2 15 3 4 7 10 -4 9 -9 12 -5 -6 13 18 27 16 -2 -12 28 -14 -20 -15 23 -3 -24 -10 -27 -8 -1 -26
right_child=1 22 6 5 11 -7 14 8 25 -11 17 -13 19 21 -16 -17 -18 -19 20 -21 -22 -23 24 -25 29 26 -28 -29 -30 -31
leaf_value=-2.0343756661922843 1.371367382836107 -0.030682672170779583 -3.1203238047086277 1.294562315169083 -2.5266858234393355 -3.7050689905881882 -0.84234073705925605 1.3444914439203517 -0.77231513562075038 -0.91320697628480851 0.16477750166142718 -0.80956728763320496 1.1386486277739816 0.52432075209721707 -0.18483698721388522 2.0491256436119634 0.51075308926328755 0.7950096926373218 -1.4719435973345991 0.10618955919514399 -0.50076380338375392 -0.59385136519878645 -0.89635097644759576 1.4700391780858073 1.2432688518266763 -0.078404416922557674 0.61050907789025188 -2.3825870021334232 0.053503937136300438 -0.29203066816973616
leaf_weight=27 292 712 52 312 98 22 653 331 179 845 1863 543 212 413 778 96 1227 518 230 399 316 131 334 84 61 1316 398 53 366 133
leaf_count=27 292 712 52 312 98 22 653 331 179 845 1863 543 212 413 778 96 1227 518 230 399 316 131 334 84 61 1316 398 53 366 133
internal_value=0 0.361723 -0.105729 -0.00947518 -0.193299 0.383494 -0.639574 -0.0841945 0.200802 -0.299857 0.416895 -1.07209 -0.0523501 -0.265262 -0.552647 0.757801 0.67619 0.301888 -0.566703 0.464424 -0.909869 0.255055 -0.121408 0.127685 -0.496935 0.000823027 0.081565 -0.957968 -0.0899382 0.190718
internal_weight=0 2939 10055 8519 5804 2715 1536 5163 2224 2939 2693 641 2094 1483 1484 1615 1519 2381 939 611 546 544 1324 796 528 1893 1714 706 393 194
internal_count=12994 2939 10055 8519 5804 2715 1536 5163 2224 2939 2693 641 2094 1483 1484 1615 1519 2381 939 611 546 544 1324 796 528 1893 1714 706 393 194
is_linear=0
shrinkage=0.5


Tree=4
num_leaves=31
num_cat=0
split_feature=21 10 9 9 28 19 7 17 19 19 17 7 19 7 19 19 20 36 26 19 7 7 19 7 34 19 19 7 7 28
split_gain=997.561 801.123 2494.09 1270.77 991.978 517.677 567.982 516.384 977.425 945.506 644.592 454.788 419.31 463.566 434.835 417.42 494.207 422.275 491.526 349.729 343.619 332.848 322.932 360.214 316.499 363.099 313.8 519.41 491.025 428.465
threshold=13.638889000000002 1.0000000180025095e-35 56.820301100000009 39.93354990000001 0.40625000000000006 842.81250000000011 84.382801050000012 280.90000000000003 825.81250000000011 798.43750000000011 285.90000000000003 82.757801050000012 756.18750000000011 81.02339935000002 718.62500000000011 856.81250000000011 1.0000000180025095e-35 78.285648350000017 75.140598300000008 769.06250000000011 86.14839935000002 85.726497650000013 778.68750000000011 85.24214935000002 257.90785015 706.43750000000011 796.43750000000011 84.21089935000002 81.80464935000002 0.53125000000000011
decision_type=2 2 2 2 2 2 2 2 2 2 2 2 2 2 2 2 2 2 2 2 2 2 2 2 2 2 2 2 2 2
left_child=1 7 3 15 -4 6 -5 9 22 11 -10 12 13 14 -1 17 -17 18 -3 -13 -12 -7 -9 -24 25 -19 28 29 -26 -28
right_child=-2 2 4 5 -6 21 -8 8 10 -11 20 19 -14 -15 -16 16 -18 24 -20 -21 -22 -23 23 -25 26 -27 27 -29 -30 -31
leaf_value=0.35061549297361461 0.55122738187705356 0.54654038012959061 -0.42940740234085489 0.30621435171587402 -4.776224899291992 -0.52836039565829895 1.0441306294531432 1.3200328577023286 -1.2766497515029076 -0.97153043673619666 -0.25593094018943996 1.0782060416143697 -0.57795598442281537 0.48490325478580604 -0.75989641161180854 -2.6445822412929227 -0.39924484967755586 1.0930531933194114 -2.6132246879860759 0.034038753282755435 0.064192505585859316 0.36835921408274036 0.070641529864086991 0.53562486982089674 -0.056523544918204618 -1.2208489828467877 -0.48437983329067863 0.16136194944315294 0.81607455640310811 -2.8887249782681463
leaf_weight=135 772 20 21 442 35 137 636 65 132 445 2605 96 739 263 254 31 117 21 32 487 1236 423 1634 559 327 88 252 652 318 20
leaf_count=135 772 20 21 442 35 137 636 65 132 445 2605 96 739 263 254 31 117 21 32 487 1236 423 1634 559 327 88 252 652 318 20
internal_value=0 -0.0348182 0.164387 0.217115 -3.14617 0.538977 0.741571 -0.11708 -0.0409615 -0.313149 -0.190253 -0.164729 -0.320101 -0.027839 -0.3745 -0.0636147 -0.869552 0.00533255 -1.39793 0.205977 -0.152918 0.148983 0.22172 0.189167 0.0488186 -0.775051 0.106054 -0.0807686 0.373688 -0.66117
internal_weight=0 12222 3572 3516 56 1638 1078 8650 6231 2419 3973 1974 1391 652 389 1878 148 1730 52 583 3841 560 2258 2193 1678 109 1569 924 645 272
internal_count=12994 12222 3572 3516 56 1638 1078 8650 6231 2419 3973 1974 1391 652 389 1878 148 1730 52 583 3841 560 2258 2193 1678 109 1569 924 645 272
is_linear=0
shrinkage=0.5


Tree=5
num_leaves=31
num_cat=0
split_feature=28 9 26 7 19 7 19 5 12 34 11 34 19 7 7 19 33 26 25 19 0 0 7 19 19 7 19 34 7 34
split_gain=511.22 514.316 351.496 314.027 321.343 285.697 307.609 275.921 580.528 778.577 660.704 272.256 239.119 376.915 265.542 217.343 217.078 215.226 207.854 189.745 188.322 178.32 176.001 420.345 257.889 252.487 180.823 212.18 207.81 173.007
threshold=0.34375000000000006 58.074199700000008 75.295597100000023 86.913997650000013 890.43750000000011 86.351497650000013 875.93750000000011 1.0000000180025095e-35 343.51505125000006 291.70465030000003 0.46288999900000005 253.65784970000001 814.43750000000011 84.382801050000012 83.74214935000002 727.43750000000011 395.90600600000005 74.578098300000008 170.05000300000003 869.56250000000011 302.28100600000005 300.03100600000005 85.11714935000002 838.43750000000011 795.18750000000011 83.71089935000002 766.81250000000011 265.87656488500005 80.570301050000012 267.12656488500005
decision_type=2 2 2 2 2 2 2 2 2 2 2 2 2 2 2 2 2 2 2 2 2 2 2 2 2 2 2 2 2 2
left_child=2 5 7 12 -5 6 11 8 9 -1 -11 -2 14 -14 15 16 -4 20 -3 -15 -9 -16 24 -24 25 26 28 -28 -13 -19
right_child=1 18 3 4 -6 -7 -8 17 -10 10 -12 22 13 19 21 -17 -18 29 -20 -21 -22 -23 23 -25 -26 -27 27 -29 -30 -31
leaf_value=-0.15292035679643354 -1.459934532366417 -0.59950418714433906 0.16560310417627719 0.89917376854092534 -0.44180770886083276 0.63746601932639768 -0.65814573505474616 0.18092042082432835 0.046660599637437954 -1.3259635343216361 -5.3901474040001629 -0.077585838292855452 -0.86054288396148904 -0.02793457800131157 0.30888822968387286 -0.08729334272342619 1.5443631533715056 -0.45818802734778036 -2.5344339813227239 -0.82010195555631071 1.7333606254930298 1.266834287662749 0.45962677325051243 0.06281832110690895 -0.11848981204402281 0.74225041828058813 -1.4725770466029644 -0.043657902943798239 0.63747426795951545 -0.1418340286693793
leaf_weight=36 27 35 94 184 59 264 129 105 88 20 20 179 169 1372 484 1118 41 506 23 80 24 54 1085 1734 1291 188 28 360 235 2962
leaf_count=36 27 35 94 184 59 264 129 105 88 20 20 179 169 1372 484 1118 41 506 23 80 24 54 1085 1734 1291 188 28 360 235 2962
internal_value=0 0.114353 -0.0860116 0.0244098 0.573586 0.129916 0.104423 -0.193321 -0.827568 -1.83983 -3.35806 0.12361 -0.0147021 -0.153835 0.111224 -0.0149309 0.584338 -0.164403 -1.3668 -0.0715802 0.469747 0.405039 0.131993 0.215545 0.028734 0.22072 0.0984658 -0.146776 0.328306 -0.187992
internal_weight=0 5578 7416 3655 243 5520 5256 3761 164 76 40 5127 3412 1621 1791 1253 135 3597 58 1452 129 538 5100 2819 2281 990 802 388 414 3468
internal_count=12994 5578 7416 3655 243 5520 5256 3761 164 76 40 5127 3412 1621 1791 1253 135 3597 58 1452 129 538 5100 2819 2281 990 802 388 414 3468
is_linear=0
shrinkage=0.5


Tree=6
num_leaves=31
num_cat=0
split_feature=10 3 9 9 17 17 13 30 24 24 26 22 0 3 17 19 7 33 7 9 19 34 19 21 19 7 19 7 0 19
split_gain=336.949 398.502 1117.91 559.401 482.222 348.415 306.372 331.759 364.262 306.355 288.747 282.293 451.011 300.288 198.921 201.254 325.874 273.652 173.72 211.006 202.21 282.235 193.117 164.297 334.263 230.189 211.243 174.425 180.481 157.95
threshold=1.0000000180025095e-35 11.433549900000001 56.820301100000009 54.335849800000005 298.99999940000004 295.40000000000003 1.0000000180025095e-35 87.882801050000012 4911.8750000000009 4442.6250000000009 75.484348300000008 2.0400350100000004 288.09350600000005 8.2382750500000004 304.99999940000004 854.56250000000011 86.476497650000013 472.78100600000005 85.49214935000002 54.335849800000005 831.18750000000011 282.20468511500002 818.68750000000011 -4.3611111916666658 770.31250000000011 82.476497650000013 747.56250000000011 79.80464935000002 288.03100600000005 845.68750000000011
decision_type=2 2 2 2 2 2 2 2 2 2 2 2 2 2 2 2 2 2 2 2 2 2 2 2 2 2 2 2 2 2
left_child=14 2 6 4 10 -4 -2 9 11 -8 -3 13 -13 -9 15 16 18 -17 20 22 23 -22 -20 26 -25 -26 27 28 -1 -6
right_child=1 3 5 -5 29 -7 7 8 -10 -11 -12 12 -14 -15 -16 17 -18 -19 19 -21 21 -23 -24 24 25 -27 -28 -29 -30 -31
leaf_value=-1.2979483779004597 0.7929114597290754 0.027526862706797689 -3.6162466811282292 2.4409633044685637 1.59352690818017 -1.0200631148181856 -2.8927686449140309 0.20379716112221757 -1.6649072626887849 -0.39820910361595452 0.4005225086710979 0.34621731422763941 -2.787974599410187 -1.7221178543709574 0.59404969719727918 -1.5846322538952033 0.70165362843121126 -0.19006567569989638 0.59167651103656149 1.7062522470019759 -1.734070857365926 -0.24505953163219865 0.023548924110062094 0.48533906892124606 -0.54571459818513357 -0.008811226901875132 -0.48371297197759261 0.15909062572930341 0.080460176871080577 0.6439528831246274
leaf_weight=47 100 1864 28 28 57 24 20 559 33 32 719 24 22 21 118 36 151 1539 164 20 33 893 1701 329 213 3181 436 365 48 189
leaf_count=47 100 1864 28 28 57 24 20 559 33 32 719 24 22 21 118 36 151 1539 164 20 33 893 1701 329 213 3181 436 365 48 189
internal_value=0 0.127128 -0.17063 0.217071 0.19506 -2.41801 -0.0265314 -0.141784 -0.0458422 -1.35766 0.131353 0.0395078 -1.15274 0.134066 -0.0509939 -0.0593071 -0.0255187 -0.221941 -0.0402971 0.0908311 -0.0848736 -0.298124 0.0735076 -0.042122 0.00413936 -0.0425061 -0.234344 0.00201433 -0.601489 0.863976
internal_weight=0 3720 863 2857 2829 52 811 711 659 52 2583 626 46 580 9274 9156 7581 1575 7430 1885 5545 926 1865 4619 3723 3394 896 460 95 246
internal_count=12994 3720 863 2857 2829 52 811 711 659 52 2583 626 46 580 9274 9156 7581 1575 7430 1885 5545 926 1865 4619 3723 3394 896 460 95 246
is_linear=0
shrinkage=0.5


Tree=7
num_leaves=31
num_cat=0
split_feature=30 19 19 7 19 7 19 33 33 19 7 7 17 3 19 17 7 19 19 19 24 26 0 19 28 19 19 28 19 7
split_gain=258.132 389.716 250.443 258.605 226.545 327.076 227.442 451.331 223.253 213.472 478.533 319.785 305.273 201.385 194.952 247.345 186.555 177.644 173.592 168.477 164.392 242.076 393.593 155.023 153.809 170.908 153.166 144.604 142.844 140.013
threshold=90.30464935000002 871.56250000000011 885.06250000000011 88.05464935000002 706.43750000000011 80.382801050000012 775.06250000000011 428.34350600000005 518.93750000000011 809.93750000000011 84.42964935000002 84.67964935000002 282.40000000000003 38.660150550000004 754.31250000000011 263.59999981000004 86.195301050000012 837.68750000000011 837.68750000000011 799.06250000000011 4911.8750000000009 75.140598300000008 295.90600600000005 908.81250000000011 1.0000000180025095e-35 838.81250000000011 796.43750000000011 0.093750000000000014 745.18750000000011 81.67964935000002
decision_type=2 2 2 2 2 2 2 2 2 2 2 2 2 2 2 2 2 2 2 2 2 2 2 2 2 2 2 2 2 2
left_child=1 4 3 -2 -1 14 13 19 23 11 18 -9 -13 -7 15 -6 20 -18 -11 29 24 -22 -23 -4 -12 -26 -14 -3 -17 -8
right_child=2 27 8 -5 5 6 7 9 -10 10 16 12 26 -15 -16 28 17 -19 -20 -21 21 22 -24 -25 25 -27 -28 -29 -30 -31
leaf_value=0.73703700157168961 0.39881227269907366 -0.96377586781441626 -0.1421319152982462 1.658600122222434 -0.5625031408199922 0.54044646178131595 -0.80664143289865575 0.052092528599450308 1.1286034986928657 -0.35306538967521445 -0.2494394998901644 2.192698847215909 1.0595887664602706 0.094485960504913133 -1.3507113383600005 1.2239837933863913 0.57297053627516559 0.093163842817058057 -1.3667129019896189 -1.0976325419528046 -0.049317318870610485 -3.1775313943624495 -0.22719860922258633 -1.3705362677574158 0.11100613672250004 -0.082742998551909031 0.27575746132203288 -0.30858836295970454 -0.22600373535445242 -0.1735422353917134
leaf_weight=104 356 111 105 46 235 329 118 1800 27 688 627 26 77 1098 54 35 237 1037 45 87 74 20 26 34 2290 2263 327 349 33 336
leaf_count=104 356 111 105 46 235 329 118 1800 27 688 627 26 77 1098 54 35 237 1037 45 87 74 20 26 34 2290 2263 327 349 33 336
internal_value=0 -0.015067 0.329618 0.542967 0.00229429 -0.00414756 0.0104778 -0.0159759 -0.187047 0.00922538 -0.0321001 0.144636 0.532026 0.197304 -0.475477 -0.319495 0.0106261 0.182421 -0.415295 -0.460236 -0.0306697 -0.609227 -1.50995 -0.442605 -0.0172668 0.0147061 0.425151 -0.466688 0.520313 -0.338092
internal_weight=0 12426 568 402 11966 11862 11505 10078 166 9537 7307 2230 430 1427 357 303 6574 1274 733 541 5300 120 46 139 5180 4553 404 460 68 454
internal_count=12994 12426 568 402 11966 11862 11505 10078 166 9537 7307 2230 430 1427 357 303 6574 1274 733 541 5300 120 46 139 5180 4553 404 460 68 454
is_linear=0
shrinkage=0.5


Tree=8
num_leaves=31
num_cat=0
split_feature=14 7 19 19 17 7 19 19 9 19 10 3 17 9 23 19 30 33 33 19 0 28 19 19 34 19 25 36 33 17
split_gain=206.571 139.925 280.272 235.513 140.515 137.779 139.769 114.268 238.371 173.314 128.889 153.715 197.908 190.298 160.47 154.184 213.751 166.151 128.26 120.596 117.057 114.016 116.713 111.984 105.872 105.37 104.125 218.304 97.5546 88.715
threshold=1.0000000180025095e-35 89.27339935000002 896.31250000000011 922.62500000000011 300.70000020000003 86.788997650000013 847.06250000000011 846.81250000000011 59.023399350000005 850.81250000000011 1.0000000180025095e-35 1.0000000180025095e-35 276.19999995000006 7.0273401750000009 86.070301050000012 749.31250000000011 83.882801050000012 411.28100600000005 456.46850600000005 825.06250000000011 281.71850600000005 0.65625000000000011 853.31250000000011 780.93750000000011 255.82969990000001 838.06250000000011 161.75000000000003 88.190448750000016 510.87451200000004 296.20000020000003
decision_type=2 2 2 2 2 2 2 2 2 2 2 2 2 2 2 2 2 2 2 2 2 2 2 2 2 2 2 2 2 2
left_child=-1 2 4 28 7 6 -6 10 9 -9 -2 13 15 26 25 16 20 23 -11 -16 24 22 -20 -17 -13 29 27 -12 -3 -14
right_child=1 3 -4 -5 5 -7 -8 8 -10 18 11 12 14 -15 19 17 -18 -19 21 -21 -22 -23 -24 -25 -26 -27 -28 -29 -30 -31
leaf_value=-1.2688032080186531 -0.025617211839911218 0.56045205167074708 -1.1951568390869973 -0.74137296040470779 0.42656553997979341 0.93572240879987933 0.012077010853886851 -0.39280734754606217 1.5271634139459243 -1.0822102814912795 -0.018663729452306314 -1.438385461497566 0.26922848593142507 -1.2683530207191194 1.5490690237019471 -0.39544392905396514 0.88655319575106128 0.0068443321101605932 0.24897362638277257 0.37163578244772827 0.41685597350200015 0.31236031520472585 -0.13841380732453124 -1.6210158480839296 -0.040945016144012865 -0.067588178753008973 0.027835702573520825 -2.02570738485083 1.6851474493741989 0.78063316898126356
leaf_weight=32 6652 51 49 26 290 57 681 484 22 30 42 23 790 35 43 122 106 703 226 44 54 204 1392 22 33 213 422 20 31 95
leaf_count=32 6652 51 49 26 290 57 681 484 22 30 42 23 790 35 43 122 106 703 226 44 54 204 1392 22 33 213 422 20 31 95
internal_value=0 0.00313236 -0.00162947 0.569879 0.00293772 0.180219 0.135869 -0.0125369 -0.110971 -0.126399 0.0121056 0.102793 0.159418 -0.142473 0.299929 0.00278068 0.379865 -0.0933825 -0.0567758 0.953586 -0.108398 -0.0398916 -0.0843041 -0.582684 -0.614894 0.248137 -0.0610565 -0.666097 0.985642 0.324125
internal_weight=0 12962 12854 108 12805 1028 971 11777 2358 2336 9419 2767 2248 519 1185 1063 216 847 1852 87 110 1822 1618 144 56 1098 484 62 82 885
internal_count=12994 12962 12854 108 12805 1028 971 11777 2358 2336 9419 2767 2248 519 1185 1063 216 847 1852 87 110 1822 1618 144 56 1098 484 62 82 885
is_linear=0
shrinkage=0.5


Tree=9
num_leaves=31
num_cat=0
split_feature=22 22 7 19 7 34 19 24 11 19 25 33 19 19 21 19 23 3 0 10 21 17 22 22 33 0 23 0 5 30
split_gain=117.494 116.603 96.4706 98.191 140.91 120.803 106.366 88.7546 82.4035 85.2786 113.247 90.5772 245.167 76.5786 76.212 81.5206 109.506 71.9969 70.9 70.4846 69.0071 71.2951 71.3356 73.2796 66.6495 64.1927 59.798 57.7842 57.6272 224.821
threshold=3.2275350100000004 0.91308552050000003 86.11714935000002 718.62500000000011 81.195301050000012 257.35314980000004 749.31250000000011 4911.8750000000009 0.41015599700000005 878.43750000000011 171.44999700000002 445.71850600000005 795.81250000000011 808.31250000000011 15.138888888888891 908.81250000000011 88.601497650000013 40.761699700000008 298.84350600000005 1.0000000180025095e-35 12.305555888888891 298.90000000000003 2.3486299500000007 0.93066352600000013 442.03100600000005 305.34350600000005 86.320301050000012 287.65600600000005 1.0000000180025095e-35 89.976497650000013
decision_type=2 2 2 2 2 2 2 2 2 2 2 2 2 2 2 2 2 2 2 2 2 2 2 2 2 2 2 2 2 2
left_child=1 2 3 5 -5 -1 -6 28 9 11 -11 12 26 27 15 16 -4 -14 -12 -10 21 22 23 -21 -19 -15 -3 -13 29 -8
right_child=-2 8 14 4 6 -7 7 -9 19 10 18 13 17 25 -16 -17 -18 24 -20 20 -22 -23 -24 -25 -26 -27 -28 -29 -30 -31
leaf_value=-0.054231059202855383 -1.1290909456008154 -0.026670722981138775 0.041075403974189059 -0.46076814436755986 0.63910648413002491 1.1185910454070247 -0.14655882299991038 -0.97476184561050361 0.040415568379967792 -0.046377340023620768 -1.781118355691433 0.75136132112571175 -0.30782493202820083 0.00046889403396011101 0.94471656989306207 -0.93845560476183887 0.79427904644798419 -1.1071284870746769 -0.48037511279637163 -0.68810944755872094 0.47947737950971991 -0.80213225425686685 -0.33830215105401396 0.19417841781232306 -0.29395509629535516 0.56945691279628696 0.53806179817765953 0.18376116070741166 -0.065562600888770542 -1.7420493940263986
leaf_weight=54 23 750 897 257 51 37 189 28 3139 65 20 56 132 1768 25 20 51 79 22 24 163 20 71 1213 37 51 50 225 3452 25
leaf_count=54 23 750 897 257 51 37 189 28 3139 65 20 56 132 1768 25 20 51 79 22 24 163 20 71 1213 37 51 50 225 3452 25
internal_value=0 0.00200209 -0.0570248 -0.090943 -0.102621 0.422631 -0.0780432 -0.0879443 0.0400758 -0.0208859 -0.459861 -0.00596523 -0.126023 0.0539494 0.0827811 0.0605204 0.0815959 -0.560373 -1.09978 0.0829333 0.172446 0.13476 0.149086 0.17706 -0.847754 0.0164218 0.00862506 0.296877 -0.081171 -0.332948
internal_weight=0 12971 5086 4093 4002 91 3745 3694 7885 3255 107 3148 1048 2100 993 968 948 248 42 4630 1491 1328 1308 1237 116 1819 800 281 3666 214
internal_count=12994 12971 5086 4093 4002 91 3745 3694 7885 3255 107 3148 1048 2100 993 968 948 248 42 4630 1491 1328 1308 1237 116 1819 800 281 3666 214
is_linear=0
shrinkage=0.5


Tree=10
num_leaves=31
num_cat=0
split_feature=23 19 17 33 19 19 7 30 9 7 9 21 33 19 33 10 36 23 19 19 7 17 7 19 12 34 12 7 10 26
split_gain=86.7322 77.9491 76.8001 217.916 137.143 109.648 180.492 112.596 100.893 96.8147 92.0794 87.8611 71.7146 161.949 95.035 133.955 70.9789 74.6884 106.833 128.989 69.9453 233.381 66.6611 62.1425 123.973 72.6555 61.6556 65.7638 65.2046 60.7488
threshold=89.67964935000002 886.81250000000011 294.80000060000003 480.40600600000005 815.43750000000011 830.06250000000011 85.46089935000002 88.007801050000012 59.023399350000005 85.445301050000012 53.355400100000004 8.6388890000000007 488.15600600000005 829.68750000000011 499.40600600000005 1.0000000180025095e-35 111.61850000000001 85.070301050000012 818.68750000000011 816.43750000000011 84.851497650000013 287.59999980000003 85.851497650000013 761.31250000000011 323.00465045000004 263.09535015 324.63105045000003 86.11714935000002 1.0000000180025095e-35 75.640598300000008
decision_type=2 2 2 2 2 2 2 2 2 2 2 2 2 2 2 2 2 2 2 2 2 2 2 2 2 2 2 2 2 2
left_child=1 2 3 5 -4 6 16 -7 12 11 -11 -5 13 -6 26 -16 17 18 19 23 21 -20 -15 24 -1 -25 -14 29 -29 -28
right_child=-2 -3 4 9 8 7 -8 -9 -10 10 -12 -13 14 22 15 -17 -18 -19 20 -21 -22 -23 -24 25 -26 -27 27 28 -30 -31
leaf_value=0.014657308658579048 0.74451798601792407 -0.29265954320848253 0.71350615815837171 -1.4663376093197327 -0.2913735302816538 -0.46166433476979229 0.4928958057293884 -0.064216961183684987 0.96126130583385627 -0.15368227523226891 -1.2172961923338117 -0.45541861513629556 -0.87959892668930639 0.12084301290293006 0.063233533768743203 0.70232525016226377 -0.33591378896547081 0.1001480268878927 -0.017865278905040576 -0.52559086993215198 -0.0070620116509305334 0.81526857987046242 0.39873119591709016 -0.95433187225590577 0.61647111244236275 -0.061485133983932329 -0.095111583710924041 -0.033219851332480309 0.22448965443590788 -0.53027035465559247
leaf_weight=631 39 227 79 26 173 205 205 1363 30 656 21 124 22 514 402 103 140 2113 206 138 301 142 372 23 99 2441 905 863 343 88
leaf_count=631 39 227 79 26 173 205 205 1363 30 656 21 124 22 514 402 103 140 2113 206 138 301 142 372 23 99 2441 905 863 343 88
internal_value=0 -0.00224131 0.00293821 -0.0228482 0.0614376 0.00238976 0.0312632 -0.116179 0.0479348 -0.267201 -0.186675 -0.630645 0.0406957 0.151118 -0.00220116 0.193583 0.0160828 0.0241694 -0.0161579 -0.052307 0.169433 0.322092 0.237518 -0.0318583 0.0962732 -0.0698193 -0.0467176 -0.038385 0.0400756 -0.133676
internal_weight=0 12955 12728 8834 3894 8007 6439 1568 3815 827 677 150 3785 1059 2726 505 6234 6094 3981 3332 649 348 886 3194 730 2464 2221 2199 1206 993
internal_count=12994 12955 12728 8834 3894 8007 6439 1568 3815 827 677 150 3785 1059 2726 505 6234 6094 3981 3332 649 348 886 3194 730 2464 2221 2199 1206 993
is_linear=0
shrinkage=0.5


Tree=11
num_leaves=31
num_cat=0
split_feature=19 7 17 7 28 19 19 21 7 19 19 10 9 23 30 24 9 19 5 36 36 19 33 28 9 15 19 9 26 25
split_gain=73.2962 100.908 70.1708 58.5709 75.0275 72.4424 65.9591 93.1672 59.4269 57.8058 57.795 56.6145 62.9352 48.3259 48.644 59.1209 48.2534 45.6888 42.1682 238.941 168.134 99.3426 107.723 57.4005 75.9161 100.42 52.288 53.421 58.0048 188.951
threshold=696.00000000000011 79.078098300000008 256.30000060000003 88.195301050000012 1.0000000180025095e-35 838.06250000000011 747.56250000000011 -4.5277778305555545 86.61714935000002 875.93750000000011 838.81250000000011 1.0000000180025095e-35 48.980400100000004 84.99214935000002 89.945301050000012 4592.0600600000007 47.081998850000012 886.81250000000011 1.0000000180025095e-35 77.079349500000021 78.539649950000026 872.06250000000011 495.40600600000005 0.90625000000000011 56.820301100000009 788.50000000000011 862.81250000000011 7.0273401750000009 75.578098300000008 166.65000150000003
decision_type=2 2 2 2 2 2 2 2 2 2 2 2 2 2 2 2 2 2 2 2 2 2 2 2 2 2 2 2 2 2
left_child=-1 2 -2 4 5 8 7 -6 11 -5 -7 -3 -13 18 -15 -16 -11 -12 19 -8 -21 22 26 24 -20 -26 27 28 -22 -30
right_child=1 3 -4 9 6 10 13 -9 -10 16 17 12 -14 14 15 -17 -18 -19 23 20 21 -23 -24 -25 25 -27 -28 -29 29 -31
leaf_value=0.59243164451506281 -1.2569665530553231 -0.098485356246600958 -0.20692401065877297 0.76048646774142981 0.14371800860785727 -0.96852640416473146 1.1697187336782615 0.99407773175173331 0.56422385900485805 0.2412522483165517 -0.15954679827570267 0.046175059577109684 0.92458794904606678 0.054519237272999607 1.1715679231565446 0.22213068116804238 -0.52948054609199369 -0.75604612522703762 -0.017305431704678999 -1.5694520793516527 -0.10682332664289083 -1.0143962885777 0.52323149257960422 0.18796127432571721 -0.10038067448627332 1.2154407472959881 0.54491739720106125 -0.95372662087902427 -1.8955886580049992 -0.021014708525887351
leaf_weight=52 26 1506 41 46 306 25 33 36 41 132 575 703 21 2363 20 91 24 34 5910 22 346 32 60 383 29 29 23 24 20 41
leaf_count=52 26 1506 41 46 306 25 33 36 41 132 575 703 21 2363 20 91 24 34 5910 22 346 32 60 383 29 29 23 24 20 41
internal_value=0 -0.00238035 -0.614403 0.000804549 -0.00345313 -0.0739988 0.0175271 0.23323 -0.0322802 0.267921 -0.223436 -0.0432473 0.0716539 0.00970087 0.0697147 0.3932 0.122678 -0.192849 -0.0116562 -0.138244 -0.214235 -0.159629 -0.106414 0.000322911 -0.0117189 0.55753 -0.189627 -0.228825 -0.186079 -0.635629
internal_weight=0 12942 67 12875 12673 2905 9768 342 2271 202 634 2230 724 9426 2474 111 156 609 6952 601 568 546 514 6351 5968 58 454 431 407 61
internal_count=12994 12942 67 12875 12673 2905 9768 342 2271 202 634 2230 724 9426 2474 111 156 609 6952 601 568 546 514 6351 5968 58 454 431 407 61
is_linear=0
shrinkage=0.5


Tree=12
num_leaves=31
num_cat=0
split_feature=17 13 19 7 9 36 19 30 21 17 21 17 17 19 23 19 19 9 19 23 21 33 19 33 19 33 19 9 3 23
split_gain=43.0823 246.358 164.974 89.3348 79.7352 78.7072 66.6264 66.2019 62.2849 54.2286 48.4688 73.2606 67.8694 61.9132 52.439 49.0593 60.312 48.0914 55.697 46.7464 44.92 85.6549 82.9449 84.4022 70.4182 69.4597 68.8438 67.8811 182.999 70.1742
threshold=277.29999985500007 1.0000000180025095e-35 792.81250000000011 82.570301050000012 8.2929649350000023 91.555553450000005 722.68750000000011 84.195301050000012 -0.8055555499999999 267.40000000000003 -7.3611111111111098 271.90000000000003 270.19999995000006 760.18750000000011 84.257801050000012 788.56250000000011 762.18750000000011 39.335899350000012 800.43750000000011 84.132801050000012 8.6944445000000012 480.40600600000005 816.43750000000011 483.34350600000005 829.18750000000011 473.71850600000005 832.68750000000011 54.035100950000007 41.097600950000007 89.406200400000003
decision_type=2 2 2 2 2 2 2 2 2 2 2 2 2 2 2 2 2 2 2 2 2 2 2 2 2 2 2 2 2 2
left_child=2 4 3 6 -2 20 7 -1 -5 -4 13 12 -12 14 -8 16 -13 -11 -19 -7 25 -22 -23 24 -24 -3 -26 29 -29 -25
right_child=1 5 9 8 -6 19 10 -9 -10 17 11 15 -14 -15 -16 -17 -18 18 -20 -21 21 22 23 27 26 -27 -28 28 -30 -31
leaf_value=0.097961532498416284 0.9606499770712672 -0.017167479480865097 -0.99059695578538454 0.28799645147246478 0.33096726259941639 -0.37156803217595036 -0.64558318494395772 0.87632168420860845 -0.08928707373461113 -0.10941445744046528 -0.029866480358733651 0.11948825679209134 0.29731883748676269 -0.61890307132062716 -0.062516055601195261 0.31195674970363957 -0.39595063926067714 -0.11674534052459372 -0.56613461260177234 0.14244557177172779 0.18465184287157391 0.35712537394474014 -0.55113357289616638 0.0065983554205109726 0.50934946639463308 -0.1834459966612012 -0.18579834995074915 -1.1659420255482906 0.38209543664540563 0.8826326475195263
leaf_weight=230 66 2438 26 397 211 46 44 31 151 293 666 73 208 81 312 39 255 111 182 1151 649 149 120 3754 40 846 325 42 35 23
leaf_count=230 66 2438 26 397 211 46 44 31 151 293 666 73 208 81 312 39 255 111 182 1151 649 149 120 3754 40 846 325 42 35 23
internal_value=0 0.0161121 -0.0514453 0.0057822 0.481 0.00272321 -0.0445961 0.19041 0.184037 -0.284002 -0.0811496 -0.030723 0.0479991 -0.224352 -0.134581 -0.218197 -0.281234 -0.252651 -0.395888 0.122692 -0.0143298 0.0148684 -0.00968366 -0.0222798 -0.218859 -0.0600029 -0.109618 0.00245837 -0.462289 0.011933
internal_weight=0 9895 3099 2487 277 9618 1939 261 548 612 1678 1241 874 437 356 367 328 586 293 1197 8421 5137 4488 4339 485 3284 365 3854 77 3777
internal_count=12994 9895 3099 2487 277 9618 1939 261 548 612 1678 1241 874 437 356 367 328 586 293 1197 8421 5137 4488 4339 485 3284 365 3854 77 3777
is_linear=0
shrinkage=0.5


Tree=13
num_leaves=31
num_cat=0
split_feature=21 19 33 9 11 19 30 34 13 7 19 9 23 36 7 19 0 19 17 13 12 7 19 9 10 30 26 1 14 19
split_gain=46.0874 44.4754 54.9741 39.402 169.379 35.2834 123.534 120.379 51.2033 103.223 56.26 49.1474 46.1967 39.2801 60.7387 81.4681 76.945 58.4447 52.7073 49.5335 47.1487 41.3666 92.2314 48.8108 131.326 41.0499 50.4532 41.046 57.1985 41.8588
threshold=-12.861111444444443 922.62500000000011 510.87451200000004 60.15229990000001 0.37206999950000003 784.81250000000011 87.71089935000002 270.34531500500003 1.0000000180025095e-35 82.382801050000012 774.06250000000011 41.33979990000001 84.257801050000012 91.301548000000011 84.39839935000002 827.81250000000011 300.34350600000005 808.31250000000011 293.20000020000003 1.0000000180025095e-35 311.25860065000001 85.035598750000005 798.43750000000011 54.335849800000005 1.0000000180025095e-35 87.663997650000013 75.578098300000008 1.0000000180025095e-35 1.0000000180025095e-35 870.18750000000011
decision_type=2 2 2 2 2 2 2 2 2 2 2 2 2 2 2 2 2 2 2 2 2 2 2 2 2 2 2 2 2 2
left_child=-1 2 3 5 -5 6 8 11 9 -2 -11 -7 -10 20 17 16 -16 -15 -17 -19 -9 -22 -23 27 -25 26 -21 29 -29 -24
right_child=1 -3 -4 4 -6 7 -8 13 12 10 -12 -13 -14 14 15 18 -18 19 -20 25 21 22 23 24 -26 -27 -28 28 -30 -31
leaf_value=-0.46530275067911958 0.083167893578287078 -0.62757212362651316 0.4483743641471517 1.492924330027207 -0.13189171276600012 -0.17250413340570958 0.77367038106353114 -0.74881423315541307 -0.32282406048573276 1.3638463344262994 0.42469656861458832 -0.56718733101846286 0.014309963572741762 0.068356203503218291 0.28306797453689031 -0.069349108939346524 1.0430485361255706 0.1721929032355547 0.24130041684419651 -0.34705700493388164 -0.07442770536897389 0.73521753677795099 -0.015405475179377383 0.11859173964449139 -1.3048827559328997 0.0041734559107309494 -1.1952852305024861 0.83290390735087183 0.041276135340043076 -0.20668562074934016
leaf_weight=53 494 28 69 23 53 256 58 22 108 23 52 114 1718 579 199 324 40 68 236 142 2208 43 2693 43 26 71 20 23 2888 320
leaf_count=53 494 28 69 23 53 256 58 22 108 23 52 114 1718 579 199 324 40 68 236 142 2208 43 2693 43 26 71 20 23 2888 320
internal_value=0 0.00190565 0.00327058 0.000879417 0.359829 -0.00125719 0.0526417 -0.0140748 0.0351804 0.166147 0.712702 -0.294109 -0.00563006 -0.00365625 0.0660668 0.16587 0.410261 -0.0245501 0.0615675 -0.203264 -0.0178185 -0.0158677 0.00555381 0.000318441 -0.41779 -0.312839 -0.451777 0.00518837 0.0475308 -0.0357207
internal_weight=0 12941 12913 12844 76 12768 2453 10315 2395 569 75 370 1826 9945 1679 799 239 880 560 301 8266 8244 6036 5993 69 233 162 5924 2911 3013
internal_count=12994 12941 12913 12844 76 12768 2453 10315 2395 569 75 370 1826 9945 1679 799 239 880 560 301 8266 8244 6036 5993 69 233 162 5924 2911 3013
is_linear=0
shrinkage=0.5


Tree=14
num_leaves=31
num_cat=0
split_feature=14 25 9 24 15 19 19 33 33 17 24 10 23 33 33 26 17 25 25 19 19 19 10 19 36 9 19 28 13 15
split_gain=77.0158 36.169 38.1003 69.8097 87.3521 23.8425 94.6977 48.0407 53.1128 46.1349 72.4487 237.948 52.9207 52.8172 44.9636 43.7489 39.9317 35.4767 213.389 32.4913 32.4685 32.468 56.1131 47.7245 45.0418 37.0712 31.6753 33.7926 49.3152 34.4914
threshold=1.0000000180025095e-35 172.84999850000003 59.023399350000005 4579.1850600000007 898.50000000000011 847.81250000000011 850.81250000000011 480.15600600000005 488.15600600000005 290.99999940000004 4911.8750000000009 1.0000000180025095e-35 84.64839935000002 473.71850600000005 473.71850600000005 75.640598300000008 299.99999940000004 162.05000300000003 161.65000150000003 839.18750000000011 706.43750000000011 841.68750000000011 1.0000000180025095e-35 813.93750000000011 78.285648350000017 41.93354990000001 814.43750000000011 -0.84374999999999989 1.0000000180025095e-35 1956.5000000000002
decision_type=2 2 2 2 2 2 2 2 2 2 2 2 2 2 2 2 2 2 2 2 2 2 2 2 2 2 2 2 2 2
left_child=-1 2 5 -4 -5 9 15 -8 -9 12 13 -12 17 -11 26 -7 21 18 -2 -16 -19 22 -15 -24 25 -25 27 -14 -29 -30
right_child=1 -3 3 4 -6 6 7 8 -10 10 11 -13 14 16 19 -17 -18 20 -20 -21 -22 -23 23 24 -26 -27 -28 28 29 -31
leaf_value=-0.77472852473147213 -0.14618792999489846 0.05533504563608084 -0.19102605648667498 0.051659884552160897 1.493814813638372 -0.25081029328934712 -0.24133123514989693 0.15165901561634793 -0.039796598650512202 0.29813572523628618 0.21185559541918336 -1.900377004686743 -0.32749430335997071 -0.07699102277566848 -0.40413580380311798 -0.96430960945461108 0.19887865703772564 0.47238198860927866 -1.6948282929758232 0.19970394414849579 -0.084229542667241614 0.13489622376756882 0.53797065719651682 1.0438945051282644 0.014836004135907967 0.15903896009870644 -0.062894725083555855 0.26785930859633428 0.017854671725941882 0.42969699360233232
leaf_weight=32 304 2546 34 21 21 326 215 482 1458 220 40 20 61 1157 109 23 352 27 24 28 884 462 60 20 440 29 1038 234 2275 52
leaf_count=32 304 2546 34 21 21 326 215 482 1458 220 40 20 61 1157 109 23 352 27 24 28 884 462 60 20 440 29 1038 234 2275 52
internal_value=0 0.00191261 -0.0111455 0.34158 0.772737 -0.0137381 -0.0562114 -0.0170812 0.00777124 -0.00016571 0.0512862 -0.492222 -0.0287728 0.0631878 0.000506118 -0.297832 0.0426765 -0.1185 -0.259503 -0.280723 -0.0677328 0.0173153 -0.0145267 0.117115 0.0654762 0.520204 0.011033 0.0402996 0.04906 0.0270579
internal_weight=0 12962 10416 76 42 10340 2504 2155 1940 7836 2800 60 5036 2740 3797 349 2520 1239 328 137 911 2168 1706 549 489 49 3660 2622 2561 2327
internal_count=12994 12962 10416 76 42 10340 2504 2155 1940 7836 2800 60 5036 2740 3797 349 2520 1239 328 137 911 2168 1706 549 489 49 3660 2622 2561 2327
is_linear=0
shrinkage=0.5


Tree=15
num_leaves=31
num_cat=0
split_feature=23 19 10 17 19 17 19 34 9 9 11 19 28 15 28 5 38 22 36 7 11 19 19 19 7 0 7 28 24 10
split_gain=25.5944 42.3112 27.5172 35.21 38.3928 34.6844 28.5556 28.6747 23.586 31.6248 152.29 120.672 113.7 51.173 23.3215 33.983 322.97 38.8671 29.2767 25.6605 54.2885 53.6167 31.977 28.4594 35.3625 34.0399 28.0714 23.5929 40.2534 25.4325
threshold=87.14839935000002 900.43750000000011 1.0000000180025095e-35 285.90000000000003 846.81250000000011 273.30000000200005 888.25000000000011 272.20468750000003 63.550750750000006 56.820301100000009 0.44824150200000007 827.81250000000011 0.15625000000000003 709.50000000000011 0.093750000000000014 1.0000000180025095e-35 0.26549999450000006 0.95312449350000017 84.571350100000004 82.99214935000002 0.43456999950000003 796.43750000000011 812.81250000000011 727.43750000000011 81.14839935000002 298.84350600000005 83.851497650000013 -0.21874999999999997 4849.7451200000005 1.0000000180025095e-35
decision_type=2 2 2 2 2 2 2 2 2 2 2 2 2 2 2 2 2 2 2 2 2 2 2 2 2 2 2 2 2 2
left_child=1 8 3 4 5 -2 7 -4 9 14 12 -12 -11 -14 15 16 17 -1 -19 20 22 26 -17 25 -25 -22 -21 -23 -29 -30
right_child=2 -3 6 -5 -6 -7 -8 -9 -10 10 11 -13 13 -15 -16 19 -18 18 -20 21 23 27 -24 24 -26 -27 -28 28 29 -31
leaf_value=-0.33322292814652127 -0.30871176854587901 -0.69667146659710188 0.10282391677491176 0.1800137115411044 -0.67098376254240677 0.39984221612253495 -0.18020476165996946 0.65176029295706361 -0.50852846439279942 1.7668590761721135 0.41127937970062095 -0.97428017792602384 -0.26271719187498094 0.79250142750916652 0.0088403107943154473 -0.20285486363352928 -1.9658939135463342 0.9081045310944319 0.11604578008076974 0.11957720793489969 0.042603252212638443 -0.1196407941492815 -0.85046802917495368 -0.31907919236468246 0.010923189642214982 0.66651769346208312 0.50178607987860835 -0.024033380012455741 0.14476396057822663 0.66565819664467729
leaf_weight=24 39 22 39 161 30 31 23 61 23 20 30 33 20 27 9088 406 23 20 28 241 69 541 20 99 451 32 60 1206 96 31
leaf_count=24 39 22 39 161 30 31 23 61 23 20 30 33 20 27 9088 406 23 20 28 241 69 541 20 99 451 32 60 1206 96 31
internal_value=0 -0.00387239 0.127164 0.0352799 -0.197742 0.00507642 0.322137 0.437675 -0.00266159 -0.00173561 0.243596 -0.31449 0.768364 0.343472 -0.0043004 -0.0399809 -0.334753 0.186306 0.44607 -0.0313698 -0.0944872 -0.000115821 -0.233259 -0.00367787 -0.0484772 0.240279 0.195765 -0.031578 0.00416241 0.271911
internal_weight=0 12610 384 261 100 70 123 100 12588 12565 130 63 67 47 12435 3347 95 72 48 3252 1077 2175 426 651 550 101 301 1874 1333 127
internal_count=12994 12610 384 261 100 70 123 100 12588 12565 130 63 67 47 12435 3347 95 72 48 3252 1077 2175 426 651 550 101 301 1874 1333 127
is_linear=0
shrinkage=0.5


Tree=16
num_leaves=31
num_cat=0
split_feature=13 34 25 23 15 26 36 12 24 36 3 12 19 30 24 28 36 28 30 30 21 23 0 12 7 5 19 10 24 28
split_gain=24.1188 45.2972 25.3653 25.0138 25.0279 24.847 34.7412 32.141 30.2841 117.042 225.202 79.0548 32.4649 31.5636 29.6702 36.1876 31.7925 28.4489 44.8915 41.3074 224.798 34.5338 27.2849 26.1021 25.4743 25.174 26.2013 24.7371 79.4738 23.4925
threshold=1.0000000180025095e-35 274.78280999500004 162.55000300000003 84.42964935000002 630.50000000000011 75.109348300000008 80.571350100000004 352.36974945000003 4799.3100600000007 78.793602000000007 6.1054651750000009 314.60170025000002 893.18750000000011 90.101497650000013 4887.3100600000007 -0.21874999999999997 82.603153250000005 0.65625000000000011 90.08589935000002 87.945301050000012 5.4722221694444455 83.89839935000002 293.34350600000005 338.54554975000002 89.55464935000002 1.0000000180025095e-35 839.93750000000011 1.0000000180025095e-35 4911.8750000000009 -0.21874999999999997
decision_type=2 2 2 2 2 2 2 2 2 2 2 2 2 2 2 2 2 2 2 2 2 2 2 2 2 2 2 2 2 2
left_child=1 -1 -3 4 -4 6 27 -8 12 10 -10 -11 13 17 -13 16 -16 18 21 20 22 -7 -19 -17 -18 -15 -27 -2 -29 -23
right_child=5 2 3 -5 -6 8 7 -9 9 11 -12 14 -14 25 15 23 24 19 -20 -21 -22 29 -24 -25 -26 26 -28 28 -30 -31
leaf_value=0.020106995428542725 0.099841637118411 -0.070613934010591198 0.53550491078446305 0.4714241305193827 -0.13042431560529091 -0.48020868748426437 0.018750351913938736 -0.56261321172739065 -2.0135751792087988 -1.0377512488514185 -0.050068951584398745 -0.11961934644348399 -0.60412039850717003 0.41508092199053082 -0.47796864695983993 -0.19163933945819736 -0.070178482611846976 0.046022339877460829 -0.6632763734087348 -0.056613838298782242 -1.9058249570429324 -0.1198142806963883 -0.52066070772707462 0.44251712418139671 0.34817565979399517 0.26767673455618735 0.013098049613016874 0.14023189903796457 1.2096627958766792 0.0056014222873214219
leaf_weight=1023 243 46 21 127 43 38 2526 24 23 20 40 406 23 56 34 20 127 88 26 702 20 398 28 86 51 127 495 71 23 6039
leaf_count=1023 243 46 21 127 43 38 2526 24 23 20 40 406 23 56 34 20 127 88 26 702 20 398 28 86 51 127 495 71 23 6039
internal_value=0 0.0657376 0.2627 0.342975 0.0880837 -0.00705893 0.0332182 0.0132787 -0.0202024 -0.112538 -0.766905 -0.0571283 -0.0109343 -0.00923252 -0.0300392 0.0843303 -0.034937 -0.0187682 -0.00759148 -0.105475 -0.357684 -0.00495861 -0.0907632 0.322865 0.049687 0.0939867 0.0650779 0.184096 0.401901 -0.00215304
internal_weight=0 1260 237 191 64 11734 2887 2550 8847 807 63 744 8040 8017 724 318 212 7339 6501 838 136 6475 116 106 178 678 622 337 94 6437
internal_count=12994 1260 237 191 64 11734 2887 2550 8847 807 63 744 8040 8017 724 318 212 7339 6501 838 136 6475 116 106 178 678 622 337 94 6437
is_linear=0
shrinkage=0.5


Tree=17
num_leaves=31
num_cat=0
split_feature=19 7 19 10 26 5 15 19 9 7 30 17 17 7 28 17 7 17 12 19 26 7 19 7 36 30 19 15 10 30
split_gain=19.8531 64.1923 42.4556 50.1608 58.7343 47.6544 47.6231 63.1999 47.9623 42.2106 31.6419 25.9957 24.4594 30.0885 22.8072 21.1489 21.0062 19.6343 25.8142 24.7403 45.6766 37.3301 42.6966 31.122 27.1264 23.2657 22.7306 20.7877 20.3174 19.5316
threshold=859.43750000000011 85.632801050000012 863.68750000000011 1.0000000180025095e-35 75.546848300000008 1.0000000180025095e-35 1195.5000000000002 868.18750000000011 5.7539000500000013 87.913997650000013 90.67964935000002 306.60000075000005 298.99999940000004 88.413997650000013 -0.59374999999999989 299.90000000000003 85.24214935000002 256.30000060000003 304.88865035000003 754.31250000000011 75.578098300000008 81.55464935000002 742.81250000000011 80.77339935000002 94.222148900000022 84.476497650000013 722.68750000000011 124.50000000000001 1.0000000180025095e-35 84.788997650000013
decision_type=2 2 2 2 2 2 2 2 2 2 2 2 2 2 2 2 2 2 2 2 2 2 2 2 2 2 2 2 2 2
left_child=9 16 -3 10 6 -6 7 -5 -9 11 12 17 13 14 -4 -10 -2 18 -1 20 21 -19 -23 24 -21 -22 -20 28 -25 -27
right_child=1 2 3 4 5 -7 -8 8 15 -11 -12 -13 -14 -15 -16 -17 -18 19 26 23 25 22 -24 27 -26 29 -28 -29 -30 -31
leaf_value=-0.56342397686658485 -0.62882113505316817 -0.17097225276392622 -0.52758659278264353 0.20971838729456066 0.85052036238915252 -0.146739454343915 0.091971383435884485 -1.0742413235475887 -0.57611091223125366 0.64383079562909329 -0.15263215915784856 0.5370433826161467 0.20624026996651368 0.43607718320563438 0.011530947309353032 -0.035277746418224912 -0.23446726524197739 0.089408425900910513 0.064086990103453076 -0.77881980994716282 0.036609401900163839 0.88245711204680533 0.22490169671459162 -0.070568587204616048 -0.14488570345996846 -0.65683034789981321 -0.41506211730815906 0.0065318075116872661 -0.53196233160355511 -0.11996256208254232
leaf_weight=33 46 346 21 30 23 25 60 37 51 26 121 23 408 40 298 28 127 480 91 20 71 33 98 80 108 32 34 10134 34 36
leaf_count=33 46 346 21 30 23 25 60 37 51 26 121 23 408 40 298 28 127 480 91 20 71 33 98 80 108 32 34 10134 34 36
internal_value=0 -0.0510506 -0.0175349 0.0289531 -0.16698 0.331114 -0.283041 -0.437156 -0.604451 0.00748213 0.0849972 0.00601888 0.122485 0.027298 -0.0239595 -0.384423 -0.339324 0.0049365 -0.170083 0.00742195 0.0951194 0.153973 0.390545 0.00108299 -0.243938 -0.163582 -0.0662416 0.00414336 -0.208177 -0.372606
internal_weight=0 1661 1488 1142 254 48 206 146 116 11333 888 11307 767 359 319 79 173 11284 158 11126 750 611 131 10376 128 139 125 10248 114 68
internal_count=12994 1661 1488 1142 254 48 206 146 116 11333 888 11307 767 359 319 79 173 11284 158 11126 750 611 131 10376 128 139 125 10248 114 68
is_linear=0
shrinkage=0.5


Tree=18
num_leaves=31
num_cat=0
split_feature=14 7 12 10 23 9 19 30 19 19 24 33 9 9 30 33 19 19 23 13 19 19 7 30 9 19 21 21 19 33
split_gain=21.4536 20.1856 33.5224 26.4645 46.8684 40.0479 23.0732 48.1858 28.8708 49.9579 49.4502 57.8999 35.7201 62.855 23.7787 23.1305 20.1721 19.794 19.6462 23.5393 36.044 31.542 29.2722 22.1118 62.5088 62.1135 39.4139 67.9361 61.8603 53.6141
threshold=1.0000000180025095e-35 86.42964935000002 324.90210000000002 1.0000000180025095e-35 85.05464935000002 47.699199700000008 832.31250000000011 88.39839935000002 835.06250000000011 836.93750000000011 4782.9350600000007 478.59350600000005 59.023399350000005 55.49604990000001 87.11714935000002 495.90600600000005 888.25000000000011 868.81250000000011 83.21089935000002 1.0000000180025095e-35 771.31250000000011 804.31250000000011 81.476497650000013 87.05464935000002 56.820301100000009 812.18750000000011 4.0833334138888899 4.4166666944444453 790.06250000000011 456.03100600000005
decision_type=2 2 2 2 2 2 2 2 2 2 2 2 2 2 2 2 2 2 2 2 2 2 2 2 2 2 2 2 2 2
left_child=-1 6 -3 -4 -5 17 15 14 10 -10 11 -9 13 16 -8 18 -11 -6 -2 20 22 -22 -20 25 26 -21 -25 -28 -29 -30
right_child=1 2 3 4 5 -7 7 8 9 12 -12 -13 -14 -15 -16 -17 -18 -19 19 23 21 -23 -24 24 -26 -27 27 28 29 -31
leaf_value=-0.40889292024075985 -0.2413623251819185 -0.47106537926528191 0.037062473749833867 0.91527570592196472 0.36209867024639003 -0.44438123920311529 -0.64661425929516558 -0.39118327157114419 0.2292975262323623 -0.015064568858499536 -0.92526923343539236 0.064710711996596532 0.4622670000320987 -0.7850858963750027 -0.17781447633190758 0.2581762870675639 -0.32573602063019041 0.01777641890294035 0.13865528886158068 -0.020334154230332201 -0.050337807875217147 0.16221713339770388 0.50000362533673237 0.12350351453881182 0.66275853315662392 -0.43478195474265102 -0.32379403867616929 0.38219126564002148 -0.60973117355671191 0.0044561630744459095
leaf_weight=32 77 27 564 23 120 24 30 114 212 3694 20 179 38 27 275 95 53 64 231 2363 504 267 74 719 38 94 160 108 36 2732
leaf_count=32 77 27 564 23 120 24 30 114 212 3694 20 179 38 27 275 95 53 64 231 2363 504 267 74 719 38 94 160 108 36 2732
internal_value=0 0.00100946 0.0768372 0.0954452 0.23799 0.163098 -0.00412485 -0.0318283 -0.018319 -0.00694151 -0.164591 -0.112668 -0.0200797 -0.0249364 -0.223926 0.0130263 -0.0194589 0.242334 0.00988042 0.0125211 0.0808284 0.0232707 0.226327 0.000761323 0.0246974 -0.0361901 0.0182404 -0.00668856 0.0109529 -0.00353182
internal_weight=0 12962 822 795 231 208 12140 4642 4337 4024 313 293 3812 3774 305 7498 3747 184 7403 7326 1076 771 305 6250 3793 2457 3755 3036 2876 2768
internal_count=12994 12962 822 795 231 208 12140 4642 4337 4024 313 293 3812 3774 305 7498 3747 184 7403 7326 1076 771 305 6250 3793 2457 3755 3036 2876 2768
is_linear=0
shrinkage=0.5


Tree=19
num_leaves=31
num_cat=0
split_feature=33 33 22 7 19 19 20 38 36 7 7 26 26 9 10 9 26 38 20 22 12 19 28 24 26 15 28 9 9 23
split_gain=15.1131 56.2286 57.5428 53.0833 62.6408 37.2544 30.4043 59.3622 34.7679 30.0433 26.6448 24.9143 22.9341 40.2024 36.4379 28.6082 26.1897 168.235 26.3834 176.503 43.7232 55.2804 48.7863 43.5054 24.6745 22.2666 21.6384 32.0081 26.7908 26.5067
threshold=480.40600600000005 483.34350600000005 2.1806600100000004 85.36714935000002 850.06250000000011 850.81250000000011 1.0000000180025095e-35 0.24849999700000003 91.809452050000019 85.538997650000013 85.507801050000012 75.515598300000008 75.671848300000008 54.035100950000007 1.0000000180025095e-35 49.835899350000012 75.640598300000008 0.25349999950000007 1.0000000180025095e-35 2.1396449800000004 339.62980115000005 853.31250000000011 0.15625000000000003 4831.7451200000005 75.078098300000008 666.50000000000011 0.21875000000000003 58.074199700000008 59.023399350000005 83.64839935000002
decision_type=2 2 2 2 2 2 2 2 2 2 2 2 2 2 2 2 2 2 2 2 2 2 2 2 2 2 2 2 2 2
left_child=3 2 5 6 25 -2 26 -8 -9 -6 -7 -11 13 16 -15 -14 18 -18 -3 20 -20 23 -23 -22 -24 -5 28 -28 29 -1
right_child=1 12 -4 4 9 10 7 8 -10 11 -12 -13 15 14 -16 -17 17 -19 19 -21 21 22 24 -25 -26 -27 27 -29 -30 -31
leaf_value=-0.39637976263285329 -0.20138083706782603 -0.010869783199289305 -0.99128799512982368 0.46079901621810027 0.2768230295817678 0.39046385741614281 0.42596659888787303 -0.18444308483594796 -0.71915803173262827 -0.31495353530044667 -0.051143495978787541 0.27263478455798967 0.095489461635588663 -0.024150710150196746 -0.72586602496134267 0.71790633518248792 -1.5511538350954652 0.078673597506406762 -0.52488601875666063 1.3354060729699475 0.16191846329072987 0.37190885742505392 -0.78612402766942979 0.9028872869570147 -0.2052114425391397 0.16420043581359942 0.027661667854239562 0.60701322058836615 -0.44169214632558196 -0.01417290815825154
leaf_weight=46 484 3377 20 70 36 47 34 152 38 128 125 21 240 37 37 20 20 76 32 28 199 30 25 22 68 659 3587 24 38 3274
leaf_count=46 484 3377 20 70 36 47 34 152 38 128 125 21 240 37 37 20 20 76 32 28 199 30 25 22 68 659 3587 24 38 3274
internal_value=0 -0.0219626 -0.155821 0.0132393 0.126741 -0.13035 -0.00118304 -0.182502 -0.291386 -0.133098 0.0695283 -0.232139 -0.000474012 -0.00993968 -0.375008 0.143368 -0.00297164 -0.260874 0.00357653 0.124332 0.0341456 0.0861485 -0.182522 0.23568 -0.361371 0.19268 0.00464498 0.0315122 -0.0242465 -0.0194685
internal_weight=0 4887 676 8107 914 656 7193 224 190 185 172 149 4211 3951 74 260 3877 96 3781 404 376 344 123 221 93 729 6969 3611 3358 3320
internal_count=12994 4887 676 8107 914 656 7193 224 190 185 172 149 4211 3951 74 260 3877 96 3781 404 376 344 123 221 93 729 6969 3611 3358 3320
is_linear=0
shrinkage=0.5


end of trees

feature_importances:
Column_19=169
Column_7=73
Column_9=39
Column_33=33
Column_17=31
Column_10=28
Column_30=25
Column_28=20
Column_21=19
Column_23=18
Column_26=16
Column_34=15
Column_36=15
Column_24=13
Column_0=12
Column_12=10
Column_22=9
Column_3=8
Column_13=8
Column_15=8
Column_25=8
Column_5=6
Column_11=5
Column_14=5
Column_20=3
Column_38=3
Column_1=1

parameters:
[boosting: gbdt]
[objective: regression]
[metric: rmse,l2]
[tree_learner: serial]
[device_type: cpu]
[data: ]
[valid: ]
[num_iterations: 20]
[learning_rate: 0.5]
[num_leaves: 31]
[num_threads: -1]
[deterministic: 0]
[force_col_wise: 0]
[force_row_wise: 0]
[histogram_pool_size: -1]
[max_depth: 20]
[min_data_in_leaf: 20]
[min_sum_hessian_in_leaf: 0.001]
[bagging_fraction: 1]
[pos_bagging_fraction: 1]
[neg_bagging_fraction: 1]
[bagging_freq: 0]
[bagging_seed: 3]
[feature_fraction: 1]
[feature_fraction_bynode: 1]
[feature_fraction_seed: 2]
[extra_trees: 0]
[extra_seed: 6]
[early_stopping_round: 1000]
[first_metric_only: 0]
[max_delta_step: 0]
[lambda_l1: 0]
[lambda_l2: 0]
[linear_lambda: 0]
[min_gain_to_split: 0]
[drop_rate: 0.1]
[max_drop: 50]
[skip_drop: 0.5]
[xgboost_dart_mode: 0]
[uniform_drop: 0]
[drop_seed: 4]
[top_rate: 0.2]
[other_rate: 0.1]
[min_data_per_group: 100]
[max_cat_threshold: 32]
[cat_l2: 10]
[cat_smooth: 10]
[max_cat_to_onehot: 4]
[top_k: 20]
[monotone_constraints: ]
[monotone_constraints_method: basic]
[monotone_penalty: 0]
[feature_contri: ]
[forcedsplits_filename: ]
[refit_decay_rate: 0.9]
[cegb_tradeoff: 1]
[cegb_penalty_split: 0]
[cegb_penalty_feature_lazy: ]
[cegb_penalty_feature_coupled: ]
[path_smooth: 0]
[interaction_constraints: ]
[verbosity: -1]
[saved_feature_importance_type: 0]
[linear_tree: 0]
[max_bin: 255]
[max_bin_by_feature: ]
[min_data_in_bin: 3]
[bin_construct_sample_cnt: 200000]
[data_random_seed: 1]
[is_enable_sparse: 1]
[enable_bundle: 1]
[use_missing: 1]
[zero_as_missing: 0]
[feature_pre_filter: 1]
[pre_partition: 0]
[two_round: 0]
[header: 0]
[label_column: ]
[weight_column: ]
[group_column: ]
[ignore_column: ]
[categorical_feature: ]
[forcedbins_filename: ]
[precise_float_parser: 0]
[objective_seed: 5]
[num_class: 1]
[is_unbalance: 0]
[scale_pos_weight: 1]
[sigmoid: 1]
[boost_from_average: 1]
[reg_sqrt: 0]
[alpha: 0.9]
[fair_c: 1]
[poisson_max_delta_step: 0.7]
[tweedie_variance_power: 1.5]
[lambdarank_truncation_level: 30]
[lambdarank_norm: 1]
[label_gain: ]
[eval_at: ]
[multi_error_top_k: 1]
[auc_mu_weights: ]
[num_machines: 1]
[local_listen_port: 12400]
[time_out: 120]
[machine_list_filename: ]
[machines: ]
[gpu_platform_id: -1]
[gpu_device_id: -1]
[gpu_use_dp: 0]
[num_gpu: 1]

end of parameters

pandas_categorical:null
