tree
version=v3
num_class=1
num_tree_per_iteration=1
label_index=0
max_feature_idx=41
objective=regression
feature_names=Column_0 Column_1 Column_2 Column_3 Column_4 Column_5 Column_6 Column_7 Column_8 Column_9 Column_10 Column_11 Column_12 Column_13 Column_14 Column_15 Column_16 Column_17 Column_18 Column_19 Column_20 Column_21 Column_22 Column_23 Column_24 Column_25 Column_26 Column_27 Column_28 Column_29 Column_30 Column_31 Column_32 Column_33 Column_34 Column_35 Column_36 Column_37 Column_38 Column_39 Column_40 Column_41
feature_infos=[0:351.125] [0:1] none [0:76.406196600000001] none [0:1] none [76.6875:94.140602099999995] [0:1] [0:74.273399400000002] [0:1] [0.027343999599999998:2.0957000300000002] [279.67991008999996:369.40150299999999] [0:1] [0:1] [-297:2985] none [245.35000079999998:312.44999919999998] [0:1] [657.625:970.5] [0:1] [-17.277778000000001:285.072225] [0.083984002500000002:3.6503899099999999] [81.609298699999997:91.468696600000001] [3872.37012:6123.5] [0:193.10000600000001] [73.218696600000001:82.625] [0:1] [-2.3125:1.5625] none [81.281196600000001:94.234298699999997] [0:1] none [0:555.93701199999998] [244.58749999999998:311.1030983] [0:1] [70.571403500000002:124.98400100000001] none [0.20100000500000001:0.30399999] none [0:1] none
tree_sizes=2782 2788 2795 2797 2798 2791 2819 2821 2796 2786 2799 2810 2795 2810 2796 2805 2782 2761 2767

Tree=0
num_leaves=31
num_cat=0
split_feature=19 33 19 34 19 26 1 19 7 22 30 22 19 26 33 22 19 34 26 22 36 26 19 28 19 22 22 36 33 19
split_gain=10742.3 5952.9 4732.31 3742.98 2935.39 2898.86 2795.17 1605.05 1426.33 1410.73 1523.59 1241.43 1112.48 1115.91 1047.82 929.172 928.087 1974.86 927.176 693.008 635.112 1132.89 723.253 577.613 527.019 538.353 502.363 482.665 476.112 612.574
threshold=846.81250000000011 479.40600600000005 818.68750000000011 284.45464985000007 826.31250000000011 75.078098300000008 1.0000000180025095e-35 804.31250000000011 84.382801050000012 1.3613250250000002 89.663997650000013 2.3173799500000007 829.68750000000011 75.109348300000008 486.40600600000005 2.2431600100000004 783.18750000000011 277.59531011500002 75.295597100000023 1.5927700400000002 90.857051850000019 75.046848300000008 706.43750000000011 0.65625000000000011 797.81250000000011 1.0068300350000003 1.3408150050000003 87.809452050000019 492.71850600000005 867.68750000000011
decision_type=2 2 2 2 2 2 2 2 2 2 2 2 2 2 2 2 2 2 2 2 2 2 2 2 2 2 2 2 2 2
left_child=1 2 3 6 -3 9 11 -5 -4 10 -2 20 -10 27 -6 16 17 -8 19 -7 21 26 -22 -18 25 -23 -1 -14 -20 -30
right_child=5 4 8 7 14 18 15 -9 12 -11 -12 -13 13 -15 -16 -17 23 -19 28 -21 22 24 -24 -25 -26 -27 -28 -29 29 -31
leaf_value=0.69049428524556267 -1.9841378407842838 1.9526838454050162 -1.4522218139977618 2.0924656149396705 0.15145428082283649 -0.66011869509117049 -0.075482422172171798 0.73999218285037005 0.088793004376144319 -2.5639102765475927 -0.18234975423826336 -1.2893622737289714 -1.9747980421468398 -0.38665271274887369 0.97023147637116691 -2.7988979931705233 -0.48411591414949479 2.9228974840309037 -0.52450771947881814 -1.6678912243494208 2.0220054513284516 1.158640789829368 0.34092304579199201 -2.0705434431749321 0.61217276891097583 2.4131515964457417 -1.4927192585708513 -0.52910273584830947 0.41040757159716063 -0.55797548541647179
leaf_weight=49 244 594 370 338 633 909 1033 625 750 263 226 91 201 722 1021 36 966 58 729 210 67 215 1420 61 182 142 57 81 442 259
leaf_count=49 244 594 370 338 633 909 1033 625 750 263 226 91 201 722 1021 36 966 58 729 210 67 215 1420 61 182 142 57 81 442 259
internal_value=0.0217046 0.285983 0.0711541 0.322243 0.999275 -0.76034 0.125892 1.21469 -0.560114 -1.63663 -1.11775 0.519205 -0.371927 -0.716091 0.656878 -0.280021 -0.237207 0.0839182 -0.508351 -0.849245 0.5964 1.01076 0.416668 -0.578344 1.30462 1.65763 -0.483498 -1.55955 -0.241596 0.052617
internal_weight=0 9712 7464 5340 2248 3282 4377 963 2124 733 470 2223 1754 1004 1654 2154 2118 1091 2549 1119 2132 645 1487 1027 539 357 106 282 1430 701
internal_count=12994 9712 7464 5340 2248 3282 4377 963 2124 733 470 2223 1754 1004 1654 2154 2118 1091 2549 1119 2132 645 1487 1027 539 357 106 282 1430 701
is_linear=0
shrinkage=1


Tree=1
num_leaves=31
num_cat=0
split_feature=19 7 19 34 19 1 30 28 7 26 36 19 19 34 19 19 34 36 36 1 22 36 22 24 26 26 1 24 0 11
split_gain=3510.58 1802.81 1688.33 1769.35 1331.11 857.399 856.324 772.21 751.589 743.021 599.921 590.021 589.06 587.218 480.679 394.194 1078.35 393.922 376.03 415.614 423.752 361.808 355.759 350.386 335.105 297.875 291.022 283.485 275.13 269.955
threshold=855.31250000000011 85.820301050000012 822.31250000000011 288.43900005000006 830.43750000000011 1.0000000180025095e-35 88.61714935000002 0.71875000000000011 87.11714935000002 75.109348300000008 84.317447650000005 865.93750000000011 811.56250000000011 296.90780010000003 841.31250000000011 792.18750000000011 280.56406011500002 84.571350100000004 78.539649950000026 1.0000000180025095e-35 1.2861250050000002 82.285648350000017 2.2431600100000004 4684.3100600000007 75.109348300000008 74.859348300000008 1.0000000180025095e-35 4795.2451200000005 295.34350600000005 0.65624949350000017
decision_type=2 2 2 2 2 2 2 2 2 2 2 2 2 2 2 2 2 2 2 2 2 2 2 2 2 2 2 2 2 2
left_child=1 2 3 5 -3 22 9 10 11 -4 23 13 17 -2 21 16 25 -5 26 20 -20 -8 29 -7 -13 -12 -6 -14 -16 -1
right_child=8 4 6 12 18 7 14 -9 -10 -11 15 24 27 -15 28 -17 -18 -19 19 -21 -22 -23 -24 -25 -26 -27 -28 -29 -30 -31
leaf_value=0.19364736330333343 -0.82801047499174052 1.3503360622957192 -1.3394422960304899 0.86078308972051254 0.46584229756612333 0.07308621967211365 0.65022196178516156 -1.3230479050314787 0.085484413798292011 -0.39212674533479364 -1.4283331579122789 -1.5275494549272022 0.41993874716520002 -0.049812925646516723 -0.30939798835721233 -0.38517602518022653 1.9474724661026681 1.9581828905195977 0.75687386685421743 -0.0096937449389183014 -0.15967608625515403 -0.037578343796857074 -0.63848387989259903 1.8585654764634665 -0.82450443544177288 -0.025112051809276455 1.7638661833970171 2.1473809313774108 -1.3692137203665811 0.55328883775084292
leaf_weight=1747 515 407 292 177 100 50 243 132 344 711 39 246 475 458 712 938 70 152 515 734 167 897 105 61 545 1250 76 25 67 744
leaf_count=1747 515 407 292 177 100 50 243 132 344 711 39 246 475 458 712 938 70 152 515 734 167 897 105 61 545 1250 76 25 67 744
internal_value=0 0.114364 0.0178611 0.170391 0.543389 0.0609863 -0.293515 -0.145544 -0.590591 -0.667916 -0.0809968 -0.722433 0.8482 -0.461706 -0.0978283 -0.135859 0.0362237 1.36779 0.33709 0.251419 0.53244 0.109032 0.263062 1.0543 -1.04315 -0.0675679 1.02635 0.506311 -0.40055 0.301063
internal_weight=0 10886 8887 5965 1999 5136 2922 2540 2108 1003 2408 1764 829 973 1919 2297 1359 329 1592 1416 682 1140 2596 111 791 1289 176 500 779 2491
internal_count=12994 10886 8887 5965 1999 5136 2922 2540 2108 1003 2408 1764 829 973 1919 2297 1359 329 1592 1416 682 1140 2596 111 791 1289 176 500 779 2491
is_linear=0
shrinkage=0.5


Tree=2
num_leaves=31
num_cat=0
split_feature=19 33 28 11 19 34 19 19 7 19 34 19 22 36 7 7 7 11 19 7 36 24 1 19 33 22 33 19 22 11
split_gain=975.137 779.102 846.337 585.626 475.893 696.147 511.489 457.179 761.432 485.699 481.595 386.321 385.33 504.126 367.978 325.311 305.314 301.439 290.005 248.101 259.91 244.929 399.129 240.369 418.025 362.69 312.518 238.402 230.854 223.72
threshold=857.93750000000011 491.09350600000005 0.78125000000000011 0.83007749900000005 833.56250000000011 286.79840030000003 812.81250000000011 799.68750000000011 83.05464935000002 773.06250000000011 269.54844000500003 836.56250000000011 1.4804599900000002 88.380947100000014 83.476497650000013 81.67964935000002 85.30464935000002 0.46288999900000005 778.68750000000011 87.570301050000012 80.317447650000005 4745.9350600000007 1.0000000180025095e-35 742.81250000000011 403.71850600000005 1.1943299800000002 411.28100600000005 761.31250000000011 1.7275350100000002 0.32812450850000002
decision_type=2 2 2 2 2 2 2 2 2 2 2 2 2 2 2 2 2 2 2 2 2 2 2 2 2 2 2 2 2 2
left_child=1 2 3 4 5 7 -7 8 9 10 23 29 21 -14 -9 -11 -6 -15 -10 20 -18 -2 -23 24 25 -1 28 -12 -25 -3
right_child=12 11 -4 -5 16 6 -8 14 18 15 27 -13 13 17 -16 -17 19 -19 -20 -21 -22 22 -24 26 -26 -27 -28 -29 -30 -31
leaf_value=0.45640236552479974 -0.40441968526021099 1.6308283002732635 -0.57456555054601977 0.38857295856418111 -0.51166272352495024 0.78337958435446997 0.17009341884677368 -0.76088974899146711 1.0217971650883555 -1.1226822424338747 1.3168156525234178 0.26049828620622056 -1.1324124154820363 -1.0249583057748775 -0.14202641203463509 -0.25832762424799727 0.49193761424901777 0.93914405053614503 0.31639980988639987 1.5813691802322865 -0.1974241863284176 0.52156602476334457 -0.30692692109531639 -0.43931704122341159 1.1495958149607759 -0.53979407136582513 0.091669253043543827 0.33224281574401893 -1.6984968541988306 0.65518162585841866
leaf_weight=190 820 77 590 1083 615 460 1303 300 185 131 98 1022 276 30 1205 644 156 56 686 22 1107 237 376 273 96 176 325 165 42 248
leaf_count=190 820 77 590 1083 615 460 1303 300 185 131 98 1022 276 30 1205 644 156 56 686 22 1107 237 376 273 96 176 325 165 42 248
internal_value=0 0.054837 0.00607308 0.0430604 -0.00268967 0.063655 0.330111 -0.0403668 0.0721064 -0.0883039 0.0911824 0.411498 -0.342128 -0.803046 -0.265388 -0.404431 -0.221941 0.253992 0.466226 -0.0832811 -0.112277 -0.225693 0.0133876 -0.0539056 0.220939 -0.0226429 -0.252309 0.699118 -0.607208 0.886335
internal_weight=0 11199 9852 9262 8179 6279 1763 4516 3011 2140 1365 1347 1795 362 1505 775 1900 86 871 1285 1263 1433 613 1102 462 366 640 263 315 325
internal_count=12994 11199 9852 9262 8179 6279 1763 4516 3011 2140 1365 1347 1795 362 1505 775 1900 86 871 1285 1263 1433 613 1102 462 366 640 263 315 325
is_linear=0
shrinkage=0.5


Tree=3
num_leaves=31
num_cat=0
split_feature=26 22 26 28 1 11 3 5 26 28 22 36 24 24 23 19 33 24 26 19 28 0 22 26 19 24 33 19 10 0
split_gain=427.051 574.572 939.357 567.446 488.629 734.465 462.563 369.356 359.266 678.284 701.767 594.989 354.963 292.768 292.524 266.459 305.356 258.234 246.84 238.716 231.721 216.209 560.729 432.859 239.474 173.634 166.173 158.903 176.902 142.503
threshold=75.046848300000008 1.3408150050000003 75.015598300000008 0.34375000000000006 1.0000000180025095e-35 0.87304651750000006 51.632799150000004 1.0000000180025095e-35 75.390598300000008 0.28125000000000006 1.1738250250000002 81.714252450000018 4775.3100600000007 4704.8100600000007 85.80464935000002 841.68750000000011 476.53100600000005 4732.0600600000007 75.203098300000008 873.31250000000011 0.15625000000000003 296.46850600000005 1.2333949800000001 75.265598300000008 739.56250000000011 4566.3100600000007 435.46850600000005 811.56250000000011 1.0000000180025095e-35 296.15600600000005
decision_type=2 2 2 2 2 2 2 2 2 2 2 2 2 2 2 2 2 2 2 2 2 2 2 2 2 2 2 2 2 2
left_child=1 3 -3 -1 6 8 7 -2 11 14 15 12 -6 29 20 16 -11 19 -8 21 -10 -9 24 -24 -23 -22 -7 -5 -29 -4
right_child=4 2 13 27 5 26 18 17 9 10 -12 -13 -14 -15 -16 -17 -18 -19 -20 -21 25 22 23 -25 -26 -27 -28 28 -30 -31
leaf_value=0.33230927553492878 -0.36285468509886415 -0.19292932347412786 -1.289621477380541 0.10427295055706054 -0.067016448209402252 0.091323406531420695 1.1100297026294337 0.15501656210070336 -0.64170281483779013 -0.14056471664737039 0.84085188539495503 -0.34826565996215486 0.77447462867292549 -0.12501849280670285 0.24405542279291376 -0.39301534881346978 0.74991139137851337 0.42933191530622455 0.28079907391065967 -0.66689043196209241 0.29903364252118814 1.1669049608707427 -1.9373263351727223 -0.15976440664791666 -0.034652377796884425 -0.40757056214903115 0.75624544090150214 -0.59509540198148247 0.16193521897893082 -2.1749070021437436
leaf_weight=626 390 510 102 164 354 136 178 3613 438 214 398 2325 194 36 228 261 175 677 181 100 155 50 69 68 243 198 304 431 94 82
leaf_count=626 390 510 102 164 354 136 178 3613 438 214 398 2325 194 36 228 261 175 677 181 100 155 50 69 68 243 198 304 431 94 82
internal_value=0 -0.209739 -0.56545 -0.0122721 0.039174 -0.0682916 0.142993 0.105166 -0.123427 0.0355422 0.317973 -0.237798 0.230884 -1.42902 -0.254926 -0.00218979 0.260035 0.143035 0.69195 0.0962518 -0.398754 0.115127 -0.220034 -1.05503 0.170392 -0.0973053 0.550724 -0.325346 -0.459551 -1.68415
internal_weight=0 2045 730 1315 10949 5380 5569 5210 4940 2067 1048 2873 548 220 1019 650 389 4820 359 4143 791 4043 430 137 293 353 440 689 525 184
internal_count=12994 2045 730 1315 10949 5380 5569 5210 4940 2067 1048 2873 548 220 1019 650 389 4820 359 4143 791 4043 430 137 293 353 440 689 525 184
is_linear=0
shrinkage=0.5


Tree=4
num_leaves=31
num_cat=0
split_feature=19 7 22 15 19 34 7 36 22 36 11 34 19 36 19 33 19 34 19 26 24 36 30 7 21 19 22 21 1 22
split_gain=283.841 383.532 248.884 201.213 174.555 238.841 234.744 219.79 227.879 235.651 180.531 178.262 207.663 171.111 169.358 328.531 340.581 263.212 237.7 183.541 167.495 203.975 155.821 148.428 137.075 133.332 126.15 125.743 123.276 221.684
threshold=879.93750000000011 87.913997650000013 2.0800750250000006 828.50000000000011 839.18750000000011 288.98590030000003 86.413997650000013 88.698352800000023 1.4238250250000002 80.952350600000003 0.58398401750000006 291.61090030000003 817.43750000000011 82.539649950000026 758.93750000000011 428.34350600000005 786.43750000000011 264.28281488500005 727.43750000000011 75.546848300000008 4736.0600600000007 94.349147800000011 84.382801050000012 83.570301050000012 -9.7500001111111096 811.56250000000011 1.6123000400000003 9.3055555555555589 1.0000000180025095e-35 0.82421800500000009
decision_type=2 2 2 2 2 2 2 2 2 2 2 2 2 2 2 2 2 2 2 2 2 2 2 2 2 2 2 2 2 2
left_child=1 2 4 -2 6 -6 11 8 9 -7 -9 14 13 -13 17 -16 -17 18 19 24 27 25 -4 -23 -1 -22 -19 -18 29 -11
right_child=3 -3 22 -5 5 7 -8 10 -10 28 -12 12 -14 -15 15 16 20 26 -20 -21 21 23 -24 -25 -26 -27 -28 -29 -30 -31
leaf_value=0.32748963770288181 -1.0151430282209601 1.065084044193459 -1.1839921718073667 -0.20068689946071569 -0.50056287355215878 0.2256692796454664 0.85096120565969458 0.017868147367745897 -0.39524708098421496 0.25988942026832179 0.55315126075937937 0.075624363226055799 0.12063538703756443 0.90428025787696242 -0.26982971545922657 0.35732904154012041 -0.053830141653880489 0.41104058063776461 -0.21314940091100404 -0.293542573498562 0.90893697072425039 -0.97699652877118848 -0.24626832032773757 0.072537065254274141 1.1715725239315262 0.24857940307541365 1.1652845875424747 -1.1795568999648094 -0.23813908420924781 -0.33178131435095909
leaf_weight=141 105 86 49 273 295 664 93 402 510 423 259 98 1328 171 1056 712 3198 241 408 75 114 45 462 134 73 232 72 25 997 253
leaf_count=141 105 86 49 273 295 664 93 402 510 423 259 98 1328 171 1056 712 3198 241 408 75 114 45 462 134 73 232 72 25 997 253
internal_value=0 0.0127915 0.00556906 -0.426925 0.0200992 -0.0684672 0.0610945 -0.0321307 -0.0924354 -0.0263533 0.227608 0.0520513 0.201783 0.602391 0.0154101 -0.0190564 0.0403195 0.203645 0.0325971 0.379533 -0.0199022 0.241989 -0.336187 -0.191312 0.615424 0.466154 0.584541 -0.0625621 -0.126379 0.0384505
internal_weight=0 12616 12530 378 12019 3803 8216 3508 2847 2337 661 8123 1597 269 6526 5516 4460 1010 697 289 3748 525 511 179 214 346 313 3223 1673 676
internal_count=12994 12616 12530 378 12019 3803 8216 3508 2847 2337 661 8123 1597 269 6526 5516 4460 1010 697 289 3748 525 511 179 214 346 313 3223 1673 676
is_linear=0
shrinkage=0.5


Tree=5
num_leaves=31
num_cat=0
split_feature=7 19 19 34 24 0 24 36 19 0 22 26 28 22 26 0 22 26 28 1 36 36 30 9 36 0 24 28 26 15
split_gain=129.832 189.353 160.87 132.738 111.069 158.621 109.257 147.51 122.866 120.262 135.576 301.485 330.207 193.45 177.946 132.511 127.113 113.338 100.813 127.389 147.047 100.028 97.8935 88.1757 91.0323 86.2146 115.824 84.9823 80.0832 79.7605
threshold=86.27339935000002 870.81250000000011 843.18750000000011 294.17340030000003 4648.5600600000007 292.78100600000005 4771.3100600000007 87.047550200000003 805.56250000000011 289.40600600000005 1.1318300350000003 75.234348300000008 1.0000000180025095e-35 1.4873000400000003 75.109348300000008 294.09350600000005 1.6874950500000001 74.984348300000008 0.28125000000000006 1.0000000180025095e-35 101.96799850000001 85.142848950000015 90.67964935000002 49.956998850000012 82.158649450000013 296.21850600000005 4628.1850600000007 0.84375000000000011 75.734348300000008 1462.5000000000002
decision_type=2 2 2 2 2 2 2 2 2 2 2 2 2 2 2 2 2 2 2 2 2 2 2 2 2 2 2 2 2 2
left_child=2 22 6 4 5 -4 9 -8 -9 -1 14 12 29 -14 27 -15 18 -17 19 -13 28 23 -2 24 25 26 -5 -11 -21 -12
right_child=1 -3 3 21 -6 -7 7 8 -10 10 11 16 13 15 -16 17 -18 -19 -20 20 -22 -23 -24 -25 -26 -27 -28 -29 -30 -31
leaf_value=0.077499146726885335 0.22134240674774858 -0.14519100178806624 -0.34403838014695792 -0.22029454128277018 -0.13248307411917126 -1.2227311647634527 0.49861118278624317 0.38843607656708379 -0.18039525772180798 0.32545118556512526 0.17992103826378547 0.13456065285175678 -0.27324791021479439 -0.50767380936206552 -0.035470563960849515 -0.39970028232783078 0.32136617289244163 -1.3685799186700971 0.11911929970021727 -0.61284039767827314 0.37709515963522894 0.12295799661061803 1.0093176415780696 0.4021994665309736 -0.33356246572414722 -0.75034607257694008 0.22670944598158477 -0.72538970112800594 0.2913916139277043 -0.77226397333045804
leaf_weight=3032 1020 419 325 283 546 61 265 147 268 506 263 176 343 179 2412 40 277 123 416 263 53 593 41 73 462 40 297 20 27 24
leaf_count=3032 1020 419 325 283 546 61 265 147 268 506 263 176 343 179 2412 40 277 123 416 263 53 593 41 73 462 40 297 20 27 24
internal_value=0 0.139403 -0.0179187 -0.12522 -0.277612 -0.482899 0.0146337 0.207185 0.0210944 -0.00142407 -0.0481432 -0.142493 -0.349934 -0.538571 0.021993 -0.804669 0.0238707 -1.13082 -0.0642643 -0.211254 -0.388698 -0.0439678 0.251792 -0.129671 -0.165555 -0.0403621 0.00860233 0.285495 -0.528653 0.100296
internal_weight=0 1480 11514 2680 932 386 8834 680 415 8154 5122 2184 972 685 2938 342 1212 163 935 519 343 1748 1061 1155 1082 620 580 526 290 287
internal_count=12994 1480 11514 2680 932 386 8834 680 415 8154 5122 2184 972 685 2938 342 1212 163 935 519 343 1748 1061 1155 1082 620 580 526 290 287
is_linear=0
shrinkage=0.5


Tree=6
num_leaves=31
num_cat=0
split_feature=26 19 33 19 7 36 19 22 19 36 7 34 11 36 26 19 3 24 28 1 28 34 33 19 30 30 26 19 22 30
split_gain=104.975 93.0095 140.928 113.007 109.442 96.6587 178.13 169.923 161.438 209.02 177.187 143.964 170.434 188.808 171.675 141.757 140.428 131.118 182.269 160.622 128.125 124.246 123.79 129.502 126.76 122.386 120.582 116.256 112.81 108.885
threshold=75.609348300000008 922.62500000000011 506.84350600000005 861.81250000000011 87.913997650000013 96.634853350000014 808.31250000000011 0.91308552050000003 766.81250000000011 89.142848950000015 82.945301050000012 289.40780010000003 0.46777300550000006 89.015850050000012 75.171848300000008 712.93750000000011 19.464799900000003 4831.7451200000005 0.28125000000000006 1.0000000180025095e-35 0.093750000000000014 280.56406011500002 388.53100600000005 751.06250000000011 84.382801050000012 89.99214935000002 75.390598300000008 833.06250000000011 1.3212800050000002 85.195301050000012
decision_type=2 2 2 2 2 2 2 2 2 2 2 2 2 2 2 2 2 2 2 2 2 2 2 2 2 2 2 2 2 2
left_child=1 2 3 4 5 6 7 -1 -9 20 29 16 25 17 -15 -7 -8 18 19 -14 28 -22 -17 24 -24 27 -25 -13 -10 -11
right_child=-2 -3 -4 -5 -6 15 11 8 9 10 -12 12 13 14 -16 22 -18 -19 -20 -21 21 -23 23 26 -26 -27 -28 -29 -30 -31
leaf_value=-0.011571862130903863 -0.12278953357493499 -1.0106334317136894 0.57403846195099495 -0.13721658944779125 1.0959619876618187 0.42604617556472396 -0.31905786244784645 0.71612708241541367 0.045203173707704991 -1.3909309811535335 0.22177048226139606 0.31335734609060995 -0.13515090731930451 -0.2323452397569559 0.44717329707709724 -0.65429484413353478 -0.015673114695302925 0.41238302610664895 -0.013011333392081192 -0.62614925722971027 -0.34679363576359434 0.43733468046392071 -0.13216137132522734 -0.26054471441361654 0.44763727509760726 0.4516520220234892 0.06106757463831923 0.028239371043363486 1.115205904316575 -0.20112321868624636
leaf_weight=793 1535 22 113 1129 24 132 569 183 32 21 462 497 386 131 320 99 1157 112 1025 293 61 294 176 875 203 304 437 1274 107 228
leaf_count=793 1535 22 113 1129 24 132 569 183 32 21 462 497 386 131 320 99 1157 112 1025 293 61 294 176 875 203 304 437 1274 107 228
internal_value=0 0.0164484 0.0184241 0.0128797 0.0295014 0.026985 0.0505129 0.173069 0.278558 0.212106 0.0385265 0.00646318 0.0550199 -0.0397536 0.249797 -0.0739944 -0.115688 -0.111663 -0.146107 -0.347025 0.461934 0.302597 -0.110869 -0.0790539 0.17839 0.158563 -0.153422 0.108253 0.868874 -0.301468
internal_weight=0 11459 11437 11324 10195 10171 8249 2181 1388 1205 711 6068 4342 2267 451 1922 1726 1816 1704 679 494 355 1790 1691 379 2075 1312 1771 139 249
internal_count=12994 11459 11437 11324 10195 10171 8249 2181 1388 1205 711 6068 4342 2267 451 1922 1726 1816 1704 679 494 355 1790 1691 379 2075 1312 1771 139 249
is_linear=0
shrinkage=0.5


Tree=7
num_leaves=31
num_cat=0
split_feature=13 7 34 9 19 36 11 26 28 11 36 11 26 26 19 19 1 10 22 36 36 28 36 26 34 7 19 30 19 22
split_gain=88.2551 110.635 97.5283 146.852 132.574 123.344 123.905 111.723 121.201 108.159 125.061 100.499 134.834 99.5101 96.7099 90.688 89.5964 179.21 176.767 192.722 187.109 140.055 115.34 82.7818 78.0792 75.7335 82.4941 131.072 73.2675 72.6918
threshold=1.0000000180025095e-35 82.24214935000002 279.40781011500002 48.706998850000012 787.93750000000011 89.396747600000012 0.35644450800000005 75.703098300000008 0.59375000000000011 0.36621049050000004 89.20634840000001 0.58886650200000001 75.265598300000008 75.078098300000008 786.43750000000011 823.68750000000011 1.0000000180025095e-35 1.0000000180025095e-35 1.2050750250000002 78.984050750000009 79.428546900000015 0.46875000000000006 79.174549100000021 75.453098300000008 273.07968750000003 84.92964935000002 888.25000000000011 90.11714935000002 777.56250000000011 0.92187449350000017
decision_type=2 2 2 2 2 2 2 2 2 2 2 2 2 2 2 2 2 2 2 2 2 2 2 2 2 2 2 2 2 2
left_child=1 28 4 5 24 6 7 8 15 10 -6 13 -13 -7 -3 -4 18 -18 20 -20 -8 -22 -19 -12 -2 -17 27 -27 -1 -26
right_child=2 14 3 -5 9 11 16 -9 -10 -11 23 12 -14 -15 -16 25 17 22 19 -21 21 -23 -24 -25 29 26 -28 -29 -30 -31
leaf_value=0.092088521326727721 -0.074425811701679417 0.7234028966445476 0.35632418201759941 0.20318993251656134 0.12881460078600523 0.37373043054249139 -0.31415427133461898 -0.38499568530399164 -0.1300803220059662 -0.10359625613513294 -0.79660336911911145 -0.13984981684495701 0.41066829467098548 -0.059523953817661283 0.18802379335150082 -0.28491907290689 -0.27364850762168669 0.75003828609531575 0.50905864415575319 -0.30552871591283987 0.049867123112245094 0.41935295199546935 -0.011500243674001825 -0.20512086848196173 -0.14038045484982109 0.079920834497728133 -0.47590818147767672 0.56549252863356303 -0.27744090535715982 0.34103214533707082
leaf_weight=425 1525 100 392 898 69 160 267 137 522 441 200 147 457 772 539 127 1310 55 81 701 1008 344 518 84 116 943 55 163 196 242
leaf_count=425 1525 100 392 898 69 160 267 137 522 441 200 147 457 772 539 127 1310 55 81 701 1008 344 518 84 116 943 55 163 196 242
internal_value=0 0.125749 -0.013503 0.0112794 -0.0973486 -0.0098427 -0.0394487 0.0531055 0.0803624 -0.268701 -0.474965 0.117814 0.276685 0.0148545 0.271808 0.14575 -0.0899818 -0.171633 -0.0259465 -0.221153 0.0683411 0.143878 0.0615968 -0.621658 -0.0250949 0.0816622 0.121762 0.151483 -0.0245423 0.185044
internal_weight=0 1260 11734 9057 2677 8159 6623 2339 2202 794 353 1536 604 932 639 1680 4284 1883 2401 782 1619 1352 573 284 1883 1288 1161 1106 621 358
internal_count=12994 1260 11734 9057 2677 8159 6623 2339 2202 794 353 1536 604 932 639 1680 4284 1883 2401 782 1619 1352 573 284 1883 1288 1161 1106 621 358
is_linear=0
shrinkage=0.5


Tree=8
num_leaves=31
num_cat=0
split_feature=22 22 26 3 28 0 22 3 26 1 7 23 33 19 36 36 22 36 12 26 7 7 19 11 26 12 11 36 19 28
split_gain=68.5456 133.879 81.5238 90.0488 73.8014 107.734 106.24 83.6542 82.1627 161.086 102.635 86.8215 77.3336 116.521 73.5711 86.4978 72.2066 136.17 67.2 88.631 65.3017 63.3468 62.7467 59.3443 61.8041 60.8301 59.3069 56.8688 55.1986 77.4448
threshold=0.39257749900000005 0.6396479905000001 74.890598300000008 7.6679651750000009 1.0000000180025095e-35 295.34350600000005 1.1923750050000002 49.386699700000008 75.171848300000008 1.0000000180025095e-35 89.27339935000002 85.382801050000012 488.40600600000005 828.06250000000011 84.825351700000013 78.984050750000009 1.3056600100000002 91.174549100000021 344.14750135000003 75.671848300000008 87.11714935000002 80.86714935000002 847.06250000000011 0.82031199350000017 75.078098300000008 342.97290265000004 0.6220700145000001 78.285648350000017 769.06250000000011 -0.71874999999999989
decision_type=2 2 2 2 2 2 2 2 2 2 2 2 2 2 2 2 2 2 2 2 2 2 2 2 2 2 2 2 2 2
left_child=26 2 -2 -4 8 7 -7 12 11 16 -11 -3 23 -14 15 22 -10 20 -17 -20 -18 -9 -15 -6 -25 -26 -1 -5 -13 -30
right_child=1 4 3 27 5 6 -8 21 9 10 -12 28 13 14 -16 18 17 -19 19 -21 -22 -23 -24 24 25 -27 -28 -29 29 -31
leaf_value=-0.059507789453307758 0.98781904112547636 0.35842324454483843 0.34196941772606021 -0.36421443208599008 -0.085000740488787432 -0.031043861053497126 -0.33139236737338812 -0.44022733481092885 0.064136672482059662 -0.16759413407271495 0.74265851418022066 0.48979148075782825 0.5690558302416423 -0.20516037127114276 0.16826027327549659 0.19887079888333878 0.92618895044856175 0.0074035175399393095 -0.1825868020421951 -1.054411678785278 -0.042033594279062184 0.17757429549313672 0.37171714976664233 -0.34644443637414557 0.22686889139769223 -0.18870685994625092 -0.43636574159206459 0.088304346740054912 0.26612642720352769 -0.15447448833161895
leaf_weight=304 28 391 372 74 4137 609 570 44 542 960 32 63 107 67 563 108 102 117 489 31 21 728 159 74 426 111 159 1124 168 314
leaf_count=304 28 391 372 74 4137 609 570 44 542 960 32 63 107 67 563 108 102 117 489 31 21 728 159 74 426 111 159 1124 168 314
internal_value=0 0.00698049 0.142161 0.12708 -0.0127779 -0.0363611 -0.176251 -0.0129469 0.0587809 -0.00445797 -0.138231 0.178637 -0.0320635 0.0659338 0.0279422 -0.0645625 0.165239 0.393562 -0.160022 -0.234561 0.760883 0.142363 0.200696 -0.0635184 0.0819358 0.140968 -0.188926 0.0603524 0.0496534 -0.007875
internal_weight=0 12531 1598 1570 10933 8223 1179 7044 2710 1774 992 936 6272 1524 1417 854 782 240 628 520 123 772 226 4748 611 537 463 1198 545 482
internal_count=12994 12531 1598 1570 10933 8223 1179 7044 2710 1774 992 936 6272 1524 1417 854 782 240 628 520 123 772 226 4748 611 537 463 1198 545 482
is_linear=0
shrinkage=0.5


Tree=9
num_leaves=31
num_cat=0
split_feature=19 7 3 24 26 12 22 7 36 28 17 19 9 19 19 0 24 0 0 19 1 24 36 12 3 26 0 22 26 0
split_gain=55.2288 101.076 55.6856 51.8317 100.801 89.3491 77.5127 64.6435 52.6702 51.4011 86.7298 75.4501 53.6385 52.341 50.5367 68.6362 53.4629 69.7811 50.1996 91.1651 51.2098 70.5418 50.0591 75.4957 57.156 66.8808 51.1929 50.0381 57.1969 49.1395
threshold=888.25000000000011 89.27339935000002 48.472600950000007 4594.8100600000007 75.046848300000008 319.84224929999999 0.58886650200000001 82.007801050000012 107.11050000000002 0.40625000000000006 264.20000019000003 696.00000000000011 29.472600000000003 749.31250000000011 802.43750000000011 293.53100600000005 4529.6850600000007 284.34350600000005 290.40600600000005 835.06250000000011 1.0000000180025095e-35 4360.0600600000007 96.190448750000016 341.25619735000004 31.988200200000005 75.453098300000008 286.09350600000005 1.0790950050000003 75.359348300000008 304.78100600000005
decision_type=2 2 2 2 2 2 2 2 2 2 2 2 2 2 2 2 2 2 2 2 2 2 2 2 2 2 2 2 2 2
left_child=1 3 -2 4 6 27 7 -1 14 11 -11 -6 -13 -12 -8 16 17 -16 -14 20 21 -20 23 -7 -24 -26 -25 28 -5 -29
right_child=2 -3 -4 5 9 22 8 -9 -10 10 13 12 18 -15 15 -17 -18 -19 19 -21 -22 -23 24 26 25 -27 -28 29 -30 -31
leaf_value=0.77528643421828747 -0.16307879309290585 1.0086199678666889 -0.98612782812636834 0.6680562777931357 0.70705264197154483 0.08832514109530501 -0.06541402487457966 -0.23767337329419597 -0.87929830946508913 -0.39844549912484173 0.63624974490985986 -0.1749849085100558 0.051944432658411095 0.071372061690031297 -0.17696303455682283 -0.94528784857290549 -0.085060767453168665 -0.83650119639040055 -0.91138277611424845 -0.9834601281742964 0.033310025056492387 -0.13535237397812835 0.21366133406475374 0.14312256887213098 -0.41121205789397447 0.13286007481155457 -0.046991414732449437 0.19716989599039841 0.1453148987934445 -0.34489288327156331
leaf_weight=36 193 25 23 111 33 2729 319 28 31 98 42 699 1250 1737 89 41 194 73 31 28 584 529 79 403 212 77 2918 232 99 51
leaf_count=36 193 25 23 111 33 2729 319 28 31 98 42 699 1250 1737 89 41 194 73 31 28 584 529 79 403 212 77 2918 232 99 51
internal_value=0 0.00423816 -0.250718 0.00226924 -0.0324005 0.0315763 -0.195984 0.332117 -0.241229 -0.00603084 0.0594822 -0.0450188 -0.0529708 0.0847081 -0.213603 -0.332677 -0.262124 -0.474162 -0.017757 -0.0920974 -0.0702808 -0.178311 0.0158195 0.0267102 -0.163227 -0.266252 -0.0239213 0.236702 0.421621 0.0994837
internal_weight=0 12778 216 12753 5842 6911 811 64 747 5031 1877 3154 3121 1779 716 397 356 162 2422 1172 1144 560 6418 6050 368 289 3321 493 210 283
internal_count=12994 12778 216 12753 5842 6911 811 64 747 5031 1877 3154 3121 1779 716 397 356 162 2422 1172 1144 560 6418 6050 368 289 3321 493 210 283
is_linear=0
shrinkage=0.5


Tree=10
num_leaves=31
num_cat=0
split_feature=28 34 19 24 12 7 7 36 19 25 19 33 19 33 22 26 19 26 3 19 7 36 24 34 0 36 26 22 7 36
split_gain=43.7441 52.3848 43.2519 64.3849 67.3905 61.5165 43.1717 64.844 56.4673 43.2112 40.2717 83.5825 96.5579 69.037 62.6776 52.6984 52.283 56.8195 50.9411 43.836 90.8618 49.6049 47.1917 78.52 56.6008 46.6375 51.2567 45.0668 44.5159 101.297
threshold=1.1562500000000002 301.36090030000003 852.93750000000011 4661.6850600000007 350.92404785000002 85.101497650000013 86.163997650000013 83.047550200000003 821.93750000000011 165.55000300000003 727.43750000000011 413.46850600000005 751.06250000000011 393.96850600000005 0.70312449350000017 74.984348300000008 763.18750000000011 75.109348300000008 48.847600950000007 795.18750000000011 84.14839935000002 84.888851150000008 4644.1850600000007 268.67343988500005 283.46850600000005 93.460247050000007 75.295597100000023 1.5634700050000003 82.570301050000012 95.174549100000021
decision_type=2 2 2 2 2 2 2 2 2 2 2 2 2 2 2 2 2 2 2 2 2 2 2 2 2 2 2 2 2 2
left_child=1 2 6 -4 5 -5 10 -8 -9 -10 13 14 -13 -1 15 -12 -16 -18 19 20 22 -22 24 -24 27 26 -26 -14 29 -21
right_child=-2 -3 3 4 -6 -7 7 8 9 -11 11 12 18 -15 16 -17 17 -19 -20 28 21 -23 23 -25 25 -27 -28 -29 -30 -31
leaf_value=0.034316546822528 -0.39419181573071649 0.15839185190451671 -0.21192754900859248 -0.83625432476401329 0.39920940779594949 -0.028713562985387603 -0.048378217361967596 0.81210160016631472 0.38856340999235256 0.067041746714038022 0.62922645321017823 0.57656979978688661 0.072767589948173741 0.56658583497895065 -0.14837239793293733 -0.041315617655527603 -0.86894046654135493 -0.25465561122669339 0.10513414506711381 0.058860530192821711 0.040596891444284418 0.57026761095607426 -0.038147718250259477 0.60484866351755551 0.01044906835951325 0.026546592852171973 -0.30570352019354602 0.55859831633018464 -0.028535516073794551 -0.95710479104447932
leaf_weight=229 70 515 579 24 92 1358 344 39 165 285 38 74 166 83 470 128 59 104 1063 59 69 123 106 86 225 719 298 67 5315 42
leaf_count=229 70 515 579 24 92 1358 344 39 165 285 38 74 166 83 470 128 59 104 1063 59 69 123 106 86 225 719 298 67 5315 42
internal_value=0 0.00213505 -0.00434994 -0.0706488 -0.0151532 -0.0427374 0.00879331 0.117947 0.234953 0.184933 -0.000754614 -0.00673882 0.00794023 0.175914 -0.161282 0.112182 -0.232996 -0.477004 0.00289362 -0.0120454 0.0542019 0.379917 0.016687 0.249861 -0.0136652 -0.0560883 -0.169691 0.21247 -0.0347843 -0.36362
internal_weight=0 12924 12409 2053 1474 1382 10356 833 489 450 9523 9211 8412 312 799 166 633 163 8338 7275 1859 192 1667 192 1475 1242 523 233 5416 101
internal_count=12994 12924 12409 2053 1474 1382 10356 833 489 450 9523 9211 8412 312 799 166 633 163 8338 7275 1859 192 1667 192 1475 1242 523 233 5416 101
is_linear=0
shrinkage=0.5


Tree=11
num_leaves=31
num_cat=0
split_feature=22 0 24 19 7 22 0 36 19 22 36 1 36 26 10 21 30 21 7 26 34 17 36 19 36 28 17 13 22 11
split_gain=30.8089 33.1677 52.6478 66.3915 100.417 60.6587 74.033 67.1516 44.4567 84.9303 97.0968 95.8674 109.628 102.361 68.4648 62.8519 61.6612 61.4497 58.6452 53.0856 47.1959 81.7787 64.7109 58.4306 56.9434 160.341 96.2513 50.1967 61.2601 46.0403
threshold=0.44335900250000004 283.28100600000005 4507.3100600000007 775.93750000000011 82.288997650000013 1.1152300250000002 291.90600600000005 92.063449850000012 811.06250000000011 0.7236325145000001 79.428546900000015 1.0000000180025095e-35 79.809452050000019 75.734348300000008 1.0000000180025095e-35 3.1388888083333337 89.61714935000002 12.52777788888889 85.52339935000002 75.578098300000008 289.65780010000003 291.59999980000003 85.650753000000023 860.18750000000011 89.142848950000015 -0.71874999999999989 284.20000020000003 1.0000000180025095e-35 1.6123000400000003 0.70410099650000013
decision_type=2 2 2 2 2 2 2 2 2 2 2 2 2 2 2 2 2 2 2 2 2 2 2 2 2 2 2 2 2 2
left_child=-1 -2 3 4 -3 -5 -7 -8 18 11 14 12 -10 16 -11 -13 29 -18 -4 -17 21 23 -22 24 25 -12 27 28 -26 -14
right_child=1 2 8 5 -6 6 7 -9 9 10 20 15 13 -15 -16 19 17 -19 -20 -21 22 -23 -24 -25 26 -27 -28 -29 -30 -31
leaf_value=-0.10499753777975804 0.081939802389389915 -0.07220747035367435 0.059671704770023822 -0.039870367060578629 0.29847523288098876 -0.20814129312575649 -1.2386064425938659 -0.30799254797221648 -0.19254750099876342 0.064750678092141994 1.1240567395632917 0.7313020940531384 0.49798061869965404 -0.53173121779754351 0.47000119176870492 -0.21772543218632237 -0.036454312757203747 0.44979195662901972 0.5311480859595844 0.28326914181548452 -0.092137497023405041 -0.83817394562065606 0.045809960731261666 -0.57633317926755323 -0.14694083533105404 -0.25018434618232127 0.19559940990158425 -0.33287121252422885 0.52511318967394205 -0.047954762273273152
leaf_weight=663 1277 809 2194 468 236 431 36 42 148 469 22 22 379 37 134 329 179 102 68 63 1764 40 1641 65 129 603 345 210 46 43
leaf_count=663 1277 809 2194 468 236 431 36 42 148 469 22 22 379 37 134 329 179 102 68 63 1764 40 1641 65 129 603 345 210 46 43
internal_value=0 0.0056454 -0.00316842 -0.0760976 0.0115065 -0.169799 -0.289262 -0.737507 0.0131583 -0.00711848 -0.0344459 0.107648 0.200287 0.278854 0.154806 -0.0910557 0.321516 0.140048 0.0738452 -0.137208 -0.057903 -0.133111 -0.0256553 -0.11325 -0.0910356 -0.201811 0.00380641 -0.16806 0.0297134 0.442352
internal_weight=0 12331 11054 2022 1045 977 509 78 9032 6770 5468 1302 888 740 603 414 703 281 2262 392 4865 1460 3405 1420 1355 625 730 385 175 422
internal_count=12994 12331 11054 2022 1045 977 509 78 9032 6770 5468 1302 888 740 603 414 703 281 2262 392 4865 1460 3405 1420 1355 625 730 385 175 422
is_linear=0
shrinkage=0.5


Tree=12
num_leaves=31
num_cat=0
split_feature=34 19 12 28 36 36 24 19 15 22 12 9 0 26 25 1 22 24 22 0 3 19 22 19 36 24 11 3 12 7
split_gain=25.9689 62.0448 46.7923 50.8239 49.9498 45.0303 39.1289 44.4362 38.3602 35.9377 34.8712 36.5701 34.4593 52.3165 44.9068 44.2226 129.351 85.654 49.8843 48.0603 37.6148 36.9295 37.9179 35.9229 33.6473 32.9437 32.516 32.4546 31.9155 31.3955
threshold=272.42343750000003 769.06250000000011 321.37830010000005 -1.2812499999999998 90.349147800000011 89.841251350000007 4314.8100600000007 780.18750000000011 741.50000000000011 0.95898401750000006 329.78119885000007 34.61715130000001 290.84350600000005 75.578098300000008 163.94999700000002 1.0000000180025095e-35 1.0400350100000002 4682.6850600000007 2.1396449800000004 281.09350600000005 47.480400100000004 863.18750000000011 1.8115199800000001 872.68750000000011 85.142848950000015 4594.8100600000007 0.29882749950000004 46.93354990000001 343.60540235000002 84.55464935000002
decision_type=2 2 2 2 2 2 2 2 2 2 2 2 2 2 2 2 2 2 2 2 2 2 2 2 2 2 2 2 2 2
left_child=1 5 4 -4 8 -1 7 -3 9 -2 11 26 13 15 21 17 27 19 29 -5 23 22 -14 -21 -19 -7 -8 -17 -20 -18
right_child=2 6 3 12 -6 25 10 -9 -10 -11 -12 -13 14 -15 -16 16 18 24 28 20 -22 -23 -24 -25 -26 -27 -28 -29 -30 -31
leaf_value=0.53273856489076499 0.34751201134217397 -0.13695248360080378 0.45432244176645914 0.28586374257706954 0.070099099380295363 -0.019668228098870727 -0.22447505392957218 -0.97389446699927595 0.08134722764774853 1.0319378950140055 -0.70835656362275279 -0.16644366889802317 0.14005497689295329 -0.093410458694522788 -0.055783528817570593 -0.17514596368617763 -0.020449562561943344 0.43466124885798069 -0.68209376558661461 0.0088975743815583007 0.18132480715803051 -0.18568906820825457 -0.37285839648623215 -0.40776933715851221 0.042271966495039601 0.23242363881897823 0.13424296445455872 0.01681847666216971 0.063707964853025406 0.16738118667153667
leaf_weight=42 44 35 62 207 419 1220 86 29 49 34 24 653 696 769 3687 820 285 237 32 1230 327 120 38 54 71 145 238 301 26 1014
leaf_count=42 44 35 62 207 419 1220 86 29 49 34 24 653 696 769 3687 820 285 237 32 1230 327 120 38 54 71 145 238 301 26 1014
internal_value=0 -0.0461158 0.0108343 0.00303372 0.153359 0.0228011 -0.137164 -0.516192 0.428051 0.645851 -0.11293 -0.0983037 0.000211461 0.0273112 -0.0318535 0.0474752 0.00208574 0.10038 0.105914 0.0590712 0.0299303 0.0714601 0.113501 -0.0086258 0.344208 0.00711076 0.0390277 -0.123602 -0.347769 0.126171
internal_weight=0 2472 10522 9976 546 1407 1065 64 127 78 1001 977 9914 5373 4541 4604 2478 2126 1357 1818 1611 854 734 1284 308 1365 324 1121 58 1299
internal_count=12994 2472 10522 9976 546 1407 1065 64 127 78 1001 977 9914 5373 4541 4604 2478 2126 1357 1818 1611 854 734 1284 308 1365 324 1121 58 1299
is_linear=0
shrinkage=0.5


Tree=13
num_leaves=31
num_cat=0
split_feature=23 28 19 19 11 28 24 21 36 36 22 15 36 30 28 36 15 17 19 33 11 22 26 30 22 22 26 24 0 36
split_gain=25.5528 34.2299 40.2057 40.0365 39.7491 56.5559 43.9246 35.379 36.1585 32.3797 43.8732 32.147 35.3415 33.4383 31.2887 42.1617 31.1916 30.5003 30.1334 37.2399 37.0295 52.6853 59.3339 45.377 40.3869 54.3867 38.7923 56.6976 83.0498 42.6096
threshold=84.71089935000002 0.59375000000000011 712.93750000000011 852.93750000000011 0.59765601150000014 0.21875000000000003 4610.8100600000007 10.527777666666669 88.063449850000012 93.333248150000017 1.6123000400000003 580.50000000000011 82.666652700000014 90.195301050000012 0.65625000000000011 87.365047450000006 837.50000000000011 260.20000020000003 861.81250000000011 485.71850600000005 0.35253849650000008 1.3515549900000001 74.921848300000008 87.882801050000012 1.3408150050000003 2.2226499300000007 75.234348300000008 4899.4350600000007 303.46850600000005 92.317447650000005
decision_type=2 2 2 2 2 2 2 2 2 2 2 2 2 2 2 2 2 2 2 2 2 2 2 2 2 2 2 2 2 2
left_child=1 2 -1 7 5 9 -7 8 -3 10 -4 -5 -13 -14 18 -16 -17 -10 20 -20 23 22 -22 24 -2 -26 27 28 -23 -28
right_child=14 3 4 11 -6 6 -8 -9 17 -11 -12 12 13 -15 15 16 -18 -19 19 -21 21 26 -24 -25 25 -27 29 -29 -30 -31
leaf_value=0.35565026926009785 0.083721481972682699 -0.12973085992545 0.17154091089598347 -0.48617533809071273 -0.15691401871322438 -0.1533285185195315 0.020876561091978201 0.19681039967325023 -0.38300743031090706 -0.052118352864045599 0.81719100152452784 0.12641119626321415 -0.28149453539072589 0.2373141444435245 -0.0061270560340908097 -0.089282760608263997 -0.50907936395051778 0.15076051133594903 -0.29540725262904127 -0.017581093570784322 -0.26195748219440684 -0.010586822516094852 -0.0070553279907301994 0.14698042977461698 -0.17518620814915636 0.38990635820664465 0.051182158302575671 0.39693457832014778 -0.99936040101403545 0.29266503739707933
leaf_weight=56 706 272 214 48 924 801 660 410 29 138 30 159 170 38 390 88 89 347 147 672 246 612 3172 1316 377 48 373 82 22 358
leaf_count=56 706 272 214 48 924 801 660 410 29 138 30 159 170 38 390 88 89 347 147 672 246 612 3172 1316 377 48 373 82 22 358
internal_value=0 -0.0315497 -0.0637891 0.0302369 -0.0722779 -0.0298451 -0.0746322 0.081864 0.00913563 0.141448 0.250924 -0.101381 -0.0510538 -0.186712 0.0155826 -0.0979797 -0.300367 0.109592 0.0235017 -0.0674473 0.0336887 0.00845376 -0.0254011 0.0838594 0.0104135 -0.111364 0.0884234 0.00570331 -0.0448976 0.169446
internal_weight=0 4296 2823 1473 2767 1843 1461 1058 648 382 244 415 367 208 8698 567 177 376 8131 819 7312 4865 3418 2447 1131 425 1447 716 634 731
internal_count=12994 4296 2823 1473 2767 1843 1461 1058 648 382 244 415 367 208 8698 567 177 376 8131 819 7312 4865 3418 2447 1131 425 1447 716 634 731
is_linear=0
shrinkage=0.5


Tree=14
num_leaves=31
num_cat=0
split_feature=19 7 7 23 0 26 24 21 34 33 22 33 19 33 26 22 22 1 22 22 36 30 11 36 12 22 15 23 15 7
split_gain=25.7459 59.3661 56.1629 58.1293 48.1247 46.4429 45.9635 39.7743 35.6783 31.9444 30.9239 30.5807 39.3296 37.9934 33.155 48.0749 46.4708 36.08 52.0392 40.1928 34.1182 76.5135 50.0368 48.5711 47.454 47.416 43.8854 38.157 37.0122 39.1122
threshold=815.93750000000011 82.86714935000002 84.67964935000002 85.127498650000021 309.28100600000005 75.171848300000008 4497.5600600000007 10.02777788888889 288.28280010000003 466.90600600000005 3.0751900700000006 499.21850600000005 908.81250000000011 510.87451200000004 75.046848300000008 2.3798799500000007 2.3486299500000007 1.0000000180025095e-35 1.2861250050000002 0.64453101150000014 83.872951500000013 89.05464935000002 0.70410099650000013 90.539649950000026 330.77509915000002 0.80566352600000013 963.50000000000011 84.14839935000002 563.50000000000011 87.05464935000002
decision_type=2 2 2 2 2 2 2 2 2 2 2 2 2 2 2 2 2 2 2 2 2 2 2 2 2 2 2 2 2 2
left_child=2 -2 4 7 9 -5 -3 8 -4 -1 11 14 13 -13 15 17 20 19 -19 -8 21 24 25 26 -16 -22 27 -24 -23 -30
right_child=1 6 3 5 -6 -7 10 -9 -10 -11 -12 12 -14 -15 16 -17 -18 18 -20 -21 22 28 23 -25 -26 -27 -28 -29 29 -31
leaf_value=0.016219362651582525 -0.68750445704341523 -0.16236253301393294 0.26658316650095265 0.84918293374222376 -0.58636655242127533 0.2597581039268213 0.61286659556485357 0.43465963926053408 -0.056657884100518217 -0.31504067577220296 -0.52059062037231596 0.10786798473053956 -0.28844804445217398 0.61366536454297604 0.75083393674041776 0.68926214231566219 -0.3653632886892203 0.044184489219362091 0.37652001946003405 -0.095822359791111381 0.014919321802202484 -0.29222797998031524 0.73410609506425406 0.23154369003811859 0.16011475188283111 -0.13608413756338494 -0.20806128954107952 0.038090274683966099 -0.017209016172694474 0.44153248821385205
leaf_weight=4405 33 498 112 43 34 150 21 66 359 74 29 517 58 40 37 30 101 501 154 423 746 119 21 259 419 1715 214 316 1452 48
leaf_count=4405 33 498 112 43 34 150 21 66 359 74 29 517 58 40 37 30 101 501 154 423 746 119 21 259 419 1715 214 316 1452 48
internal_value=0 -0.0183047 0.0270609 0.15573 0.00624791 0.391081 -0.0154434 0.0711446 0.0202062 0.0107464 -0.00530968 -0.00323164 0.103389 0.144191 -0.013203 0.0647792 -0.0293664 0.0477323 0.122321 -0.0623033 -0.0230185 0.0271325 -0.0548325 0.0529598 0.208046 -0.0903106 -0.0309843 0.0814622 -0.0238228 -0.00252929
internal_weight=0 7751 5243 730 4513 193 7718 537 471 4479 7220 7191 615 557 6576 1129 5447 1099 655 444 5346 2075 3271 810 456 2461 551 337 1619 1500
internal_count=12994 7751 5243 730 4513 193 7718 537 471 4479 7220 7191 615 557 6576 1129 5447 1099 655 444 5346 2075 3271 810 456 2461 551 337 1619 1500
is_linear=0
shrinkage=0.5


Tree=15
num_leaves=31
num_cat=0
split_feature=9 0 11 1 22 3 28 36 3 3 3 30 11 28 19 15 1 36 24 22 33 24 19 26 17 26 19 21 11 36
split_gain=21.2336 23.0179 29.1754 32.0041 37.391 27.1903 24.124 25.7547 23.8115 36.7229 105.655 47.5211 41.0942 41.6417 34.8307 32.9849 31.5321 41.5475 42.8605 39.4355 30.6233 29.2294 26.8941 41.6406 55.4647 32.7473 31.4568 24.9988 28.7732 33.877
threshold=50.898399350000012 286.65600600000005 0.28027300550000006 1.0000000180025095e-35 1.3076150400000002 34.074150100000004 0.40625000000000006 91.809452050000019 44.667900100000004 29.035100000000003 8.8281197550000012 87.52339935000002 0.34765599700000005 0.46875000000000006 733.68750000000011 2092.5000000000005 1.0000000180025095e-35 86.222148900000022 4558.4350600000007 1.0341750400000003 399.28100600000005 4401.6850600000007 838.81250000000011 75.390598300000008 282.20000019000003 74.953098300000008 800.43750000000011 1.1944444305555557 0.83496052000000009 78.984050750000009
decision_type=2 2 2 2 2 2 2 2 2 2 2 2 2 2 2 2 2 2 2 2 2 2 2 2 2 2 2 2 2 2
left_child=1 2 3 4 -1 6 7 -5 9 10 12 14 22 15 20 27 19 -18 -19 -12 -11 -16 23 24 -3 -24 -26 -14 29 -29
right_child=-2 8 -4 5 -6 -7 -8 -9 -10 11 16 -13 13 -15 21 -17 17 18 -20 -21 -22 -23 25 -25 26 -27 -28 28 -30 -31
leaf_value=-0.13009836138125588 0.08339073234118248 -0.099847770021220694 0.061308936955447528 -0.2386876095086336 0.24520720172614799 -0.040900373576732818 -0.19735254400183219 -0.99992358535528181 -0.048857284747214694 0.083627254702150822 -0.17721105498379358 0.12136363401079851 -0.36605331583785405 0.078309435469003832 -0.28417679907923393 -0.70824965633939774 -0.47462285930261211 -0.68100760233673185 -0.066820505352499074 0.20281769105055358 0.58775852155522446 -0.015760819054576287 0.59934846650470386 0.019498734529972361 1.0392361629754305 -0.0292411037551349 0.37879401609515312 -0.29136013009956163 -0.28701362614400494 0.014521163013056818
leaf_weight=139 721 61 2174 20 127 128 74 25 3550 122 293 1177 69 586 110 21 173 33 204 89 40 1301 22 209 20 356 183 103 117 747
leaf_count=139 721 61 2174 20 127 128 74 25 3550 122 293 1177 69 586 110 21 173 33 204 89 40 1301 22 209 20 356 183 103 117 747
internal_value=0 -0.00489894 0.036 -0.0712545 0.0490889 -0.200855 -0.372907 -0.661596 -0.0163631 0.00274794 -0.0329297 0.0453795 0.017594 -0.0285971 -0.0114758 -0.0878659 -0.192028 -0.288328 -0.15234 -0.0886703 0.208104 -0.0366862 0.106774 0.186234 0.318232 0.00734347 0.443862 -0.0752906 -0.0545433 -0.0225445
internal_weight=0 12273 2687 513 266 247 119 45 9586 6036 3286 2750 2494 1643 1573 1057 792 410 237 382 162 1411 851 473 264 378 203 1036 967 850
internal_count=12994 12273 2687 513 266 247 119 45 9586 6036 3286 2750 2494 1643 1573 1057 792 410 237 382 162 1411 851 473 264 378 203 1036 967 850
is_linear=0
shrinkage=0.5


Tree=16
num_leaves=31
num_cat=0
split_feature=34 19 1 28 28 19 24 0 15 0 21 34 17 36 34 15 19 36 11 22 25 22 28 36 26 33 22 3 7 12
split_gain=20.2703 35.4051 21.9152 42.2372 22.0025 18.7383 50.7897 40.5513 32.4246 28.7447 27.6597 26.0601 67.654 26.2956 29.0432 28.2349 29.0772 25.3274 24.8237 24.1637 32.9528 24.1265 22.9002 21.2575 22.0033 21.1166 22.9071 20.1957 20.1092 30.9941
threshold=253.65784970000001 706.43750000000011 1.0000000180025095e-35 1.0000000180025095e-35 0.21875000000000003 836.56250000000011 4571.6850600000007 289.03100600000005 2122.5000000000005 277.90600600000005 13.861111000000003 295.07965030000003 296.99999940000004 99.301548000000011 288.12650005000006 1258.5000000000002 854.06250000000011 82.603153250000005 0.41503849650000008 1.7998000400000003 173.15000150000003 0.66699150200000001 -1.3437499999999998 90.730152150000023 74.609348300000008 466.46850600000005 0.82421800500000009 36.660099050000007 81.02339935000002 314.05959935000004
decision_type=2 2 2 2 2 2 2 2 2 2 2 2 2 2 2 2 2 2 2 2 2 2 2 2 2 2 2 2 2 2
left_child=2 -2 3 -1 -4 8 7 9 10 21 22 12 13 14 15 25 -17 -12 -10 -16 -21 -7 -3 24 -13 26 -8 -28 -24 -30
right_child=1 5 4 -5 -6 6 11 -9 18 -11 17 23 -14 -15 19 16 -18 -19 -20 20 -22 -23 28 -25 -26 -27 27 -29 29 -31
leaf_value=0.013977410183066414 0.38496380858899404 -0.48925774576871289 -0.27739221333629555 -0.97738162834535947 0.33319839477539065 0.46480212779715657 0.28382485080510378 -0.5352690648062215 0.63947372324764729 -0.163112868877514 0.033477759098305422 -0.32747929901457751 -0.81889417295211131 0.42850497104227542 0.0060940476432436615 0.33431612977454828 -0.27476344712906414 0.65323662955779582 0.079625174106860708 -0.070077137159252609 -0.57719776349230889 -0.031916634971811166 -0.075420178873219765 -0.15578964111329749 0.051552213367351996 -0.47661646865726859 -0.54958222638298238 -0.039229189666608967 0.13532975272710332 0.008710706714734992
leaf_weight=21 60 23 36 22 25 34 24 62 36 516 34 39 28 30 1347 43 36 32 44 135 42 87 628 141 2101 89 36 42 521 6680
leaf_count=21 60 23 36 22 25 34 24 62 36 516 34 39 28 30 1347 43 36 32 44 135 42 87 628 141 2101 89 36 42 521 6680
internal_value=0 0.00177386 -0.219856 -0.49323 -0.0271502 -1.8145e-05 -0.024602 -0.149251 0.0148342 -0.111679 0.0116342 -0.00352052 -0.0475829 -0.0357426 -0.0435059 -0.19465 0.0567609 0.333967 0.331557 -0.0167284 -0.190411 0.107657 0.0089248 0.0322548 0.0446446 -0.298637 -0.143341 -0.274777 0.0103884 0.0178717
internal_weight=0 12890 104 43 61 12830 4832 699 7998 637 7918 4133 1852 1824 1794 270 79 66 80 1524 177 121 7852 2281 2140 191 102 78 7829 7201
internal_count=12994 12890 104 43 61 12830 4832 699 7998 637 7918 4133 1852 1824 1794 270 79 66 80 1524 177 121 7852 2281 2140 191 102 78 7829 7201
is_linear=0
shrinkage=0.5


Tree=17
num_leaves=31
num_cat=0
split_feature=19 28 7 1 36 26 25 17 38 7 36 23 28 24 0 26 5 23 22 0 22 3 24 19 24 26 34 11 1 26
split_gain=19.0316 29.7999 26.6669 28.5215 27.8836 27.1764 25.9775 25.9417 22.8991 26.0741 23.2663 21.4283 25.8695 20.6228 20.0061 31.2781 28.0724 27.9829 38.9491 23.5244 22.1474 31.3803 27.2519 29.235 32.1887 28.7532 25.7744 22.2803 22.7247 25.1512
threshold=893.18750000000011 -0.40624999999999994 86.507801050000012 1.0000000180025095e-35 82.539649950000026 75.484348300000008 169.34999850000003 299.20000020000003 0.26449999250000006 87.663997650000013 85.460247050000007 85.49214935000002 -1.0937499999999998 4799.3100600000007 294.84350600000005 75.703098300000008 1.0000000180025095e-35 85.92964935000002 1.5810500400000003 296.15600600000005 1.2363250250000002 46.113199250000001 4422.9350600000007 799.68750000000011 4788.6850600000007 75.046848300000008 267.64218988500005 0.51074150200000012 1.0000000180025095e-35 75.546848300000008
decision_type=2 2 2 2 2 2 2 2 2 2 2 2 2 2 2 2 2 2 2 2 2 2 2 2 2 2 2 2 2 2
left_child=2 7 14 5 -5 11 -3 -2 9 13 -10 -4 -13 -6 17 16 19 -1 -19 -16 27 -22 -23 26 25 -25 -24 -18 -29 -30
right_child=1 6 3 4 8 -7 -8 -9 10 -11 -12 12 -14 -15 15 -17 20 18 -20 -21 21 22 23 24 -26 -27 -28 28 29 -31
leaf_value=0.0037754750607516658 -0.23665429436254734 -0.82761985314293551 0.46473027977415104 0.59038022961900682 0.66264517803716916 -0.24114442612592349 -0.159351694482294 0.29752371473828465 -0.49738292904062703 -0.018260627422692639 0.098665647648886079 0.49139395684003828 -0.061076293431436841 0.21434667610145849 -0.069745988197003797 0.21910922712570913 0.046865428328589191 0.071188670624400208 0.57748562525197555 -0.5647667061227063 -0.049904420190654226 -0.81693437006324532 -0.30966770427212831 -0.21616962505504489 0.039482855483198145 -0.80823886653651367 0.20280922226355239 -0.0068424591691609747 -0.28327498845782068 0.19176888733989361
leaf_weight=9353 51 26 33 43 46 85 33 41 22 53 64 25 139 58 48 111 893 169 49 48 755 20 42 37 33 46 59 400 179 33
leaf_count=9353 51 26 33 43 46 85 33 41 22 53 64 25 139 58 48 111 893 169 49 48 755 20 42 37 33 46 59 400 179 33
internal_value=0 -0.176474 0.00207488 0.10799 0.219247 -0.00484373 -0.453843 0.0014033 0.153573 0.267172 -0.0538119 0.0971134 0.0231417 0.412633 -0.00282615 -0.0408028 -0.051929 0.00790301 0.184989 -0.317256 -0.0417281 -0.099729 -0.258453 -0.20698 -0.378227 -0.544304 -0.0103 -0.00349768 -0.076985 -0.209329
internal_weight=0 151 12843 568 286 282 59 92 243 157 86 197 164 104 12275 2704 2593 9571 218 96 2497 992 237 217 116 83 101 1505 612 212
internal_count=12994 151 12843 568 286 282 59 92 243 157 86 197 164 104 12275 2704 2593 9571 218 96 2497 992 237 217 116 83 101 1505 612 212
is_linear=0
shrinkage=0.5


Tree=18
num_leaves=31
num_cat=0
split_feature=19 33 22 17 19 26 24 26 36 7 15 0 38 30 0 19 26 34 22 26 17 24 0 17 19 30 13 22 19 28
split_gain=16.4374 31.3868 34.377 27.1485 36.5678 40.5037 30.4427 39.1863 21.8812 21.3196 21.2346 22.1578 19.5258 18.9288 28.2008 27.2005 51.3801 50.0693 32.8389 29.3045 26.8812 23.1969 34.7972 22.3501 25.6271 22.4669 21.3342 26.8339 23.7889 23.1117
threshold=747.56250000000011 395.90600600000005 1.7373000400000003 269.000000145 776.56250000000011 75.171848300000008 4314.8100600000007 75.546848300000008 92.317447650000005 82.61714935000002 828.50000000000011 301.65600600000005 0.25650000550000002 86.61714935000002 302.90600600000005 799.68750000000011 75.140598300000008 277.22031011500002 0.77441352600000013 74.953098300000008 279.000000145 4568.0600600000007 295.90600600000005 278.79999985500007 792.81250000000011 87.320301050000012 1.0000000180025095e-35 0.92187449350000017 811.56250000000011 0.15625000000000003
decision_type=2 2 2 2 2 2 2 2 2 2 2 2 2 2 2 2 2 2 2 2 2 2 2 2 2 2 2 2 2 2
left_child=1 -1 10 8 5 9 7 -6 -2 -5 11 12 -3 14 26 16 19 20 -19 -15 -18 22 -17 -21 -25 -26 27 -8 -29 -28
right_child=3 2 -4 4 6 -7 13 -9 -10 -11 -12 -13 -14 15 -16 21 17 18 -20 23 -22 -23 -24 24 25 -27 29 28 -30 -31
leaf_value=-0.030042845883238582 0.17325946464856615 0.16069641447505162 0.6384595342269922 0.18112523573217915 -0.52654769012736058 0.041072854378252428 0.29067044049579965 0.23123498152320585 -0.12688701696039556 0.52992445393802901 0.39977522514728381 0.45815144533351543 -0.14215814471757465 -0.025410944318517724 -0.47957425799061792 -0.043235132063215075 -0.1337884769808235 -0.093809628760627789 0.18305650460846848 0.095103213815270246 -0.70651442565334344 0.0082578399581298648 -0.52011326497468424 0.79231190514522343 -0.11754724271595478 0.55404861745509237 0.013145322151178 0.044529741739216144 -0.3384732393404612 -0.20836166251831592
leaf_weight=349 67 104 37 120 59 565 83 24 648 69 58 31 109 47 41 1998 140 153 357 37 24 7002 39 53 20 33 196 184 52 295
leaf_count=349 67 104 37 120 59 565 83 24 648 69 58 31 109 47 41 1998 140 153 357 37 24 7002 39 53 20 33 196 184 52 295
internal_value=0 0.0752106 0.183569 -0.00420485 0.00162794 0.108098 -0.00577987 -0.30743 -0.0987614 0.308465 0.127837 0.0631962 0.0057145 -0.00345172 -0.0750109 0.00269761 0.0874552 0.0227175 0.0999967 0.317104 -0.217602 -0.00540401 -0.0523653 0.429678 0.546464 0.300616 -0.054533 0.0461395 -0.0398607 -0.119939
internal_weight=0 688 339 12306 11591 754 10837 83 715 189 302 244 213 10754 851 9903 864 674 510 190 164 9039 2037 143 106 53 810 319 236 491
internal_count=12994 688 339 12306 11591 754 10837 83 715 189 302 244 213 10754 851 9903 864 674 510 190 164 9039 2037 143 106 53 810 319 236 491
is_linear=0
shrinkage=0.5


end of trees

feature_importances:
Column_19=90
Column_22=61
Column_36=59
Column_26=52
Column_7=35
Column_24=32
Column_28=30
Column_0=28
Column_34=25
Column_11=22
Column_33=21
Column_1=20
Column_3=15
Column_30=15
Column_15=11
Column_12=10
Column_17=10
Column_21=8
Column_23=7
Column_9=5
Column_25=4
Column_10=3
Column_13=3
Column_5=2
Column_38=2

parameters:
[boosting: gbdt]
[objective: regression]
[metric: rmse,l2]
[tree_learner: serial]
[device_type: cpu]
[data: ]
[valid: ]
[num_iterations: 20]
[learning_rate: 0.5]
[num_leaves: 31]
[num_threads: -1]
[deterministic: 0]
[force_col_wise: 0]
[force_row_wise: 0]
[histogram_pool_size: -1]
[max_depth: 20]
[min_data_in_leaf: 20]
[min_sum_hessian_in_leaf: 0.001]
[bagging_fraction: 1]
[pos_bagging_fraction: 1]
[neg_bagging_fraction: 1]
[bagging_freq: 0]
[bagging_seed: 3]
[feature_fraction: 1]
[feature_fraction_bynode: 1]
[feature_fraction_seed: 2]
[extra_trees: 0]
[extra_seed: 6]
[early_stopping_round: 1000]
[first_metric_only: 0]
[max_delta_step: 0]
[lambda_l1: 0]
[lambda_l2: 0]
[linear_lambda: 0]
[min_gain_to_split: 0]
[drop_rate: 0.1]
[max_drop: 50]
[skip_drop: 0.5]
[xgboost_dart_mode: 0]
[uniform_drop: 0]
[drop_seed: 4]
[top_rate: 0.2]
[other_rate: 0.1]
[min_data_per_group: 100]
[max_cat_threshold: 32]
[cat_l2: 10]
[cat_smooth: 10]
[max_cat_to_onehot: 4]
[top_k: 20]
[monotone_constraints: ]
[monotone_constraints_method: basic]
[monotone_penalty: 0]
[feature_contri: ]
[forcedsplits_filename: ]
[refit_decay_rate: 0.9]
[cegb_tradeoff: 1]
[cegb_penalty_split: 0]
[cegb_penalty_feature_lazy: ]
[cegb_penalty_feature_coupled: ]
[path_smooth: 0]
[interaction_constraints: ]
[verbosity: -1]
[saved_feature_importance_type: 0]
[linear_tree: 0]
[max_bin: 255]
[max_bin_by_feature: ]
[min_data_in_bin: 3]
[bin_construct_sample_cnt: 200000]
[data_random_seed: 1]
[is_enable_sparse: 1]
[enable_bundle: 1]
[use_missing: 1]
[zero_as_missing: 0]
[feature_pre_filter: 1]
[pre_partition: 0]
[two_round: 0]
[header: 0]
[label_column: ]
[weight_column: ]
[group_column: ]
[ignore_column: ]
[categorical_feature: ]
[forcedbins_filename: ]
[precise_float_parser: 0]
[objective_seed: 5]
[num_class: 1]
[is_unbalance: 0]
[scale_pos_weight: 1]
[sigmoid: 1]
[boost_from_average: 1]
[reg_sqrt: 0]
[alpha: 0.9]
[fair_c: 1]
[poisson_max_delta_step: 0.7]
[tweedie_variance_power: 1.5]
[lambdarank_truncation_level: 30]
[lambdarank_norm: 1]
[label_gain: ]
[eval_at: ]
[multi_error_top_k: 1]
[auc_mu_weights: ]
[num_machines: 1]
[local_listen_port: 12400]
[time_out: 120]
[machine_list_filename: ]
[machines: ]
[gpu_platform_id: -1]
[gpu_device_id: -1]
[gpu_use_dp: 0]
[num_gpu: 1]

end of parameters

pandas_categorical:null
