tree
version=v3
num_class=1
num_tree_per_iteration=1
label_index=0
max_feature_idx=41
objective=regression
feature_names=Column_0 Column_1 Column_2 Column_3 Column_4 Column_5 Column_6 Column_7 Column_8 Column_9 Column_10 Column_11 Column_12 Column_13 Column_14 Column_15 Column_16 Column_17 Column_18 Column_19 Column_20 Column_21 Column_22 Column_23 Column_24 Column_25 Column_26 Column_27 Column_28 Column_29 Column_30 Column_31 Column_32 Column_33 Column_34 Column_35 Column_36 Column_37 Column_38 Column_39 Column_40 Column_41
feature_infos=[0:351.125] [0:1] none [0:76.406196600000001] none [0:1] none [76.6875:94.140602099999995] [0:1] [0:74.273399400000002] [0:1] [0.027343999599999998:2.0957000300000002] [279.67991008999996:369.40150299999999] [0:1] [0:1] [-297:2985] none [245.35000079999998:312.44999919999998] [0:1] [657.625:970.5] [0:1] [-17.277778000000001:285.072225] [0.083984002500000002:3.6503899099999999] [81.609298699999997:91.468696600000001] [3872.37012:6123.5] [0:193.10000600000001] [73.218696600000001:82.625] [0:1] [-2.3125:1.5625] none [81.281196600000001:94.234298699999997] [0:1] none [0:555.93701199999998] [244.58749999999998:311.1030983] [0:1] [70.571403500000002:124.98400100000001] none [0.20100000500000001:0.30399999] none [0:1] none
tree_sizes=2735 2716 2722 2722 2725 2742 2719 2729 2743 2712 2729 2718 2746 2719 2711 2688 2721 2691 2701 2698

Tree=0
num_leaves=31
num_cat=0
split_feature=24 1 22 22 0 24 30 1 11 26 24 23 24 19 0 36 36 28 26 23 30 22 26 7 30 26 24 0 22 0
split_gain=5.02359e+06 2.82811e+06 1.22801e+06 1.13334e+06 1.03296e+06 856669 720970 709711 550878 540952 421966 505676 362722 352758 331176 317747 293164 261547 254042 248348 481521 241951 228904 224041 196946 216614 213437 193723 187120 181219
threshold=4717.9350600000007 1.0000000180025095e-35 1.8222600250000003 2.2431600100000004 292.96850600000005 4580.4350600000007 88.96089935000002 1.0000000180025095e-35 0.55734351250000003 74.765598300000008 4836.5600600000007 86.77339935000002 4758.4350600000007 763.18750000000011 287.46850600000005 79.428546900000015 78.03170015000002 -1.0000000180025095e-35 75.359348300000008 85.58589935000002 86.132801050000012 1.1542950300000003 75.078098300000008 83.64839935000002 86.976497650000013 75.109348300000008 4380.8100600000007 288.65600600000005 1.0029250400000003 283.46850600000005
decision_type=2 2 2 2 2 2 2 2 2 2 2 2 2 2 2 2 2 2 2 2 2 2 2 2 2 2 2 2 2 2
left_child=3 2 13 5 12 8 14 -5 15 -10 23 -12 27 -2 -7 21 28 -18 22 20 -16 -1 -11 -6 26 -26 -17 -3 -8 -19
right_child=1 4 -4 7 10 6 16 -9 9 18 11 -13 -14 -15 19 24 17 29 -20 -21 -22 -23 -24 -25 25 -27 -28 -29 -30 -31
leaf_value=-10.206118114801697 66.910262498235483 43.727729154477906 -47.055532317926158 -52.102809538160884 30.600887132580933 25.330289285942868 -9.7270934668360844 7.0272943771816223 26.81763872651743 -4.0026915452430716 42.916009291247121 10.183422964830216 48.648989201660306 2.8753266750011308 37.874683896714352 -7.1666292187159923 -18.433238192509691 17.420298139115651 -9.9113569146574214 -7.7276699999870164 5.4003652199639598 -47.678509757179008 -24.251509888244371 3.1141282213391062 2.4697471563084421 -10.951909125355925 5.4405897758694586 17.770933624924599 -37.558502389773757 -2.4200707627744729
leaf_weight=112 22 116 132 200 91 236 146 68 75 163 278 205 630 960 124 518 247 123 851 300 1437 70 971 400 419 1064 954 189 103 1790
leaf_count=112 22 116 132 200 91 236 146 68 75 163 278 205 630 960 124 518 247 123 851 300 1437 70 971 400 419 1064 954 189 103 1790
internal_value=0.38848 18.2433 -1.77647 -5.02474 29.9259 -4.13882 0.906683 -37.0996 -8.51346 -14.866 18.5304 29.0233 41.7968 4.30992 7.68547 -4.34191 -4.99416 -3.12141 -16.4409 5.44787 7.98 -24.6186 -21.341 8.20842 -3.09306 -7.15982 1.00408 27.643 -21.2397 -1.1444
internal_weight=0 3023 1114 9971 1909 9703 4506 268 5197 2060 974 483 935 982 2097 3137 2409 2160 1985 1861 1561 182 1134 491 2955 1483 1472 305 249 1913
internal_count=12994 3023 1114 9971 1909 9703 4506 268 5197 2060 974 483 935 982 2097 3137 2409 2160 1985 1861 1561 182 1134 491 2955 1483 1472 305 249 1913
is_linear=0
shrinkage=1


Tree=1
num_leaves=31
num_cat=0
split_feature=24 1 22 0 22 36 26 26 24 0 22 7 11 22 1 26 1 26 28 22 11 23 30 11 7 24 28 36 0 30
split_gain=1.50548e+06 968435 627876 443443 392856 367968 318693 389995 317689 282102 255852 248532 248433 378465 342927 309494 272247 217004 234701 215628 194292 185189 266455 153362 151269 148820 138977 134834 132035 123271
threshold=4665.9350600000007 1.0000000180025095e-35 1.9912100450000001 290.53100600000005 0.45410099650000008 78.984050750000009 75.515598300000008 75.109348300000008 4812.1250000000009 296.15600600000005 0.7958979905000001 83.601497650000013 0.44824150200000007 1.9716749800000002 1.0000000180025095e-35 75.078098300000008 1.0000000180025095e-35 75.515598300000008 0.093750000000000014 1.1494100100000002 0.72851499900000005 85.64839935000002 87.913997650000013 0.59374949350000017 85.86714935000002 5530.9350600000007 0.53125000000000011 88.063449850000012 285.96850600000005 86.976497650000013
decision_type=2 2 2 2 2 2 2 2 2 2 2 2 2 2 2 2 2 2 2 2 2 2 2 2 2 2 2 2 2 2
left_child=4 2 6 23 -1 19 7 11 21 -10 -9 -2 13 -7 -15 -14 17 20 29 -6 -17 22 -5 27 -11 -26 -22 -3 -18 -19
right_child=1 3 -4 8 5 12 -8 10 9 24 -12 -13 15 14 -16 16 28 18 -20 -21 26 -23 -24 -25 25 -27 -28 -29 -30 -31
leaf_value=11.666989656111745 39.979816247676979 20.532738121395763 -30.659600616223884 26.096306590890062 -10.34165788599036 0.44808355102613739 12.21691803228442 0.20361858669346497 28.434859717965509 20.28522543694563 -17.193110420752099 4.8466441883776445 3.5556556614450154 -31.698380269787528 9.0633911719060922 -10.910203172072121 3.4622416575713193 -1.8611313489418995 5.1463910111790776 -33.381895083077943 -17.176372895129475 -10.850721020331626 2.6113925642233449 9.0902959185981462 -4.3873372901824936 34.451858047928127 -33.587210168806017 34.726250903032444 -6.6933503807233325 -27.295617334047954
leaf_weight=383 58 440 165 145 275 3391 505 405 311 157 442 381 624 176 73 690 442 79 287 161 332 186 723 167 207 28 211 270 1160 120
leaf_count=383 58 440 165 145 275 3391 505 405 311 157 442 381 624 176 73 690 442 79 287 161 332 186 723 167 207 28 211 270 1160 120
internal_value=0 7.28236 -1.14559 13.5409 -3.9774 -4.72441 1.57345 -2.60613 8.95746 17.1899 -8.87472 9.48838 -3.91247 -0.933471 -19.7481 -6.66115 -8.58084 -12.9511 -4.00306 -18.8496 -16.4781 3.46657 6.53456 22.7236 8.2685 0.240312 -23.5533 25.9303 -3.89137 -17.1985
internal_weight=0 4590 1956 2634 8404 8021 1791 1286 1757 703 847 439 7585 3640 249 3945 3321 1719 486 436 1233 1054 868 877 392 235 543 710 1602 199
internal_count=12994 4590 1956 2634 8404 8021 1791 1286 1757 703 847 439 7585 3640 249 3945 3321 1719 486 436 1233 1054 868 877 392 235 543 710 1602 199
is_linear=0
shrinkage=0.5


Tree=2
num_leaves=31
num_cat=0
split_feature=24 1 26 26 26 30 1 22 26 26 22 24 10 36 7 36 22 28 28 22 22 36 19 28 30 0 7 24 0 10
split_gain=405517 294513 212791 201790 379382 212997 203553 297032 195224 173304 271020 170623 158062 157771 154489 130624 127432 124660 117252 116363 111323 93890.5 93314.4 88378.1 88184.8 87191.2 84862.6 252460 137217 82880.5
threshold=4648.5600600000007 1.0000000180025095e-35 75.484348300000008 75.359348300000008 75.171848300000008 89.257801050000012 1.0000000180025095e-35 0.99804502950000007 75.609348300000008 75.171848300000008 1.0400350100000002 4542.8100600000007 1.0000000180025095e-35 91.174549100000021 85.86714935000002 108.38050100000002 1.9716749800000002 0.21875000000000003 0.65625000000000011 1.2236250050000002 1.2949150200000001 89.142848950000015 727.43750000000011 -0.34374999999999994 85.757801050000012 289.40600600000005 81.351497650000013 4451.8100600000007 292.65600600000005 1.0000000180025095e-35
decision_type=2 2 2 2 2 2 2 2 2 2 2 2 2 2 2 2 2 2 2 2 2 2 2 2 2 2 2 2 2 2
left_child=3 2 9 4 15 11 7 -6 14 16 -11 12 24 -9 17 26 -2 20 -7 -14 -3 23 -17 -12 -5 -13 27 -1 -29 -8
right_child=1 8 -4 5 6 18 29 13 -10 10 21 25 19 -15 -16 22 -18 -19 -20 -21 -22 -23 -24 -25 -26 -27 -28 28 -30 -31
leaf_value=-0.27266328367313336 4.3041829749003169 1.2295409218993532 6.6834137241842591 2.7694318868341812 -3.3336984552275974 -9.8107100111596726 0.44929305204538672 -24.079595796394784 -5.5692060862048063 -1.5665004400314013 -46.381255422319683 14.45523213273322 -2.009133523048424 -7.8363887782669766 3.6609267551026661 3.5536137372255325 -15.799215050538381 16.363961197216721 4.4657661182449218 13.692764511640123 13.027223602341021 -8.7188912250567228 -36.066195072517509 -20.882496738701725 -7.0601684276418011 4.6507759659790331 -0.47885724673946595 57.137831183040845 14.176982340289324 -8.6802163116051076
leaf_weight=204 635 394 670 336 446 612 524 545 287 536 42 338 205 206 1095 23 90 697 188 278 406 128 42 178 711 689 1941 34 41 473
leaf_count=204 635 394 670 336 446 612 524 545 287 536 42 338 205 206 1095 23 90 697 188 278 406 128 42 178 711 689 1941 34 41 473
internal_value=0 3.44278 -0.803706 -2.26619 -4.46283 0.66462 -9.15899 -13.5543 6.80428 -3.9214 -8.62077 2.89234 -0.453944 -19.6241 8.17434 0.0463064 1.80859 11.4757 -6.45574 7.0284 7.21686 -19.486 -22.0469 -25.7504 -3.90568 7.87756 0.693179 8.84702 33.6526 -3.88196
internal_weight=0 5158 2279 7836 4479 3357 2194 1197 2879 1609 884 2557 1530 751 2592 2285 725 1497 800 483 800 348 65 220 1047 1027 2220 279 75 997
internal_count=12994 5158 2279 7836 4479 3357 2194 1197 2879 1609 884 2557 1530 751 2592 2285 725 1497 800 483 800 348 65 220 1047 1027 2220 279 75 997
is_linear=0
shrinkage=0.5


Tree=3
num_leaves=31
num_cat=0
split_feature=22 28 24 30 24 0 24 0 28 26 36 0 19 28 22 24 7 24 11 22 26 23 0 36 26 11 0 30 22 22
split_gain=193660 165732 247951 134714 134251 123650 120046 107284 94367.5 88187 101679 100327 86370.8 86247.7 84219.8 82478.5 82367.2 157096 73575.5 69573.4 67649.9 67560.5 62675.7 61353.9 60789.2 58320.2 55211 54008.5 53104 52412.8
threshold=0.52734351150000014 -0.093749999999999986 4782.9350600000007 88.163997650000013 4957.4350600000007 305.34350600000005 4462.1850600000007 283.03100600000005 0.78125000000000011 75.109348300000008 80.825351700000013 293.59350600000005 752.56250000000011 -0.71874999999999989 1.3613250250000002 4624.0600600000007 83.257801050000012 4566.3100600000007 0.77148401750000006 1.6767500050000002 75.359348300000008 85.67964935000002 291.59350600000005 97.142848950000015 75.421848300000008 0.48242150250000004 293.40600600000005 83.96089935000002 1.9179649950000004 0.35253849650000008
decision_type=2 2 2 2 2 2 2 2 2 2 2 2 2 2 2 2 2 2 2 2 2 2 2 2 2 2 2 2 2 2
left_child=23 4 3 6 13 -6 -3 -8 9 11 -11 28 -9 -2 -13 -12 17 27 19 -17 -14 -4 -19 25 -10 -1 -22 -15 -5 -27
right_child=1 2 21 8 5 -7 7 12 24 10 15 14 20 16 -16 18 -18 22 -20 -21 26 -23 -24 -25 -26 29 -28 -29 -30 -31
leaf_value=3.935387823023857 -18.133442215033266 -1.6805852425526282 10.569709674285397 -0.42527037437090681 17.645055633675945 -2.0455822762457303 24.05906093955943 17.296641617056427 0.39775341085222515 -9.2498999073749051 -5.3163712079239405 0.39503418399315132 0.34196003961349358 7.3050649433719865 16.958779957313691 3.0163618758248325 -8.7577827790612144 31.68209904890794 -8.0677694739038195 -8.1090648993619805 9.6576053770391255 -3.6650773955018896 5.7475306214099486 -6.4718952084129509 10.84386038645428 18.301583732339157 1.54507009029095 -10.633549498406889 -13.306437394167814 7.3734441226981708
leaf_weight=585 152 1434 680 721 111 283 66 109 464 740 1486 152 1152 49 155 1060 852 26 238 162 493 95 224 88 199 174 365 292 90 297
leaf_count=585 152 1434 680 721 111 283 66 109 464 740 1486 152 1152 49 155 1060 852 26 238 162 493 95 224 88 199 174 365 292 90 297
internal_value=0 -0.599752 0.240038 -0.492208 -4.76324 3.50178 1.8741 4.20701 -2.05864 -2.83036 -4.01018 1.05944 3.58868 -6.80488 8.75784 -2.69402 -5.61157 -1.07592 -0.0249685 1.54147 2.84532 8.8248 8.44473 6.21247 3.53316 7.2695 6.20647 -8.05586 -1.85475 11.4106
internal_weight=0 11850 9861 9086 1989 394 3619 2185 5467 4804 3686 1118 2119 1595 307 2946 1443 591 1460 1222 2010 775 250 1144 663 1056 858 341 811 471
internal_count=12994 11850 9861 9086 1989 394 3619 2185 5467 4804 3686 1118 2119 1595 307 2946 1443 591 1460 1222 2010 775 250 1144 663 1056 858 341 811 471
is_linear=0
shrinkage=0.5


Tree=4
num_leaves=31
num_cat=0
split_feature=30 24 15 28 0 24 7 24 30 22 22 7 24 0 30 1 24 3 7 24 28 26 28 23 24 36 19 1 23 22
split_gain=114494 98318.2 79190.3 118704 72715.7 67246.8 58092.2 70055.7 72741.1 62258.9 74136 55808.1 54851.4 57120.2 51684.9 48066.8 53747.6 44295.4 42209.9 69188.8 51210.2 41499.8 39502.9 38629 37537.4 36639.8 86535.1 45118.8 54323.7 57460.1
threshold=90.382801050000012 4866.0600600000007 1354.5000000000002 1.0000000180025095e-35 301.65600600000005 5432.7451200000005 86.226497650000013 4544.4350600000007 86.351497650000013 1.3574150200000001 1.9404249800000002 83.882801050000012 4490.4350600000007 279.09350600000005 84.08589935000002 1.0000000180025095e-35 4486.5600600000007 49.609300650000002 82.52339935000002 4479.0600600000007 -0.21874999999999997 75.046848300000008 -1.4062499999999998 84.257801050000012 5020.2451200000005 99.936450950000008 815.93750000000011 1.0000000180025095e-35 84.89839935000002 1.5185500400000003
decision_type=2 2 2 2 2 2 2 2 2 2 2 2 2 2 2 2 2 2 2 2 2 2 2 2 2 2 2 2 2 2
left_child=1 2 3 18 24 22 7 8 9 -5 -11 -9 -4 -14 -12 21 -17 -13 19 20 -1 -10 -6 -18 -3 27 -27 28 29 -20
right_child=-2 4 12 6 5 -7 -8 11 15 10 14 17 13 -15 -16 16 23 -19 25 -21 -22 -23 -24 -25 -26 26 -28 -29 -30 -31
leaf_value=-17.016150230205202 -7.7913991462889607 8.9787846464598768 -0.55085380580603027 -1.4556369038548096 -17.894191272556782 23.778802839773043 -4.113882325287606 6.3204598401580956 10.334181102812289 8.9479101667967953 7.3835067059844732 1.6924859889779211 22.107587429285051 4.7411776526277301 -15.979083468174112 -10.934311799441884 8.1074568890101677 -3.27928392027348 -12.454356449478794 4.0604856018713136 -2.1983649371362919 -2.0913118035647869 0.26643487135786936 -4.7592761763823885 25.161756241321562 -8.3761654411043445 -42.913682252168655 -2.0010755532534912 -4.8955105244190698 -40.704267331532073
leaf_weight=83 455 344 570 732 34 28 703 586 75 388 40 3969 50 893 58 361 70 505 126 334 196 646 251 350 40 133 21 609 323 21
leaf_count=83 455 344 570 732 34 28 703 586 75 388 40 3969 50 893 58 361 70 505 126 334 196 646 251 350 40 133 21 609 323 21
internal_value=0 0.282725 -0.0569468 -0.551808 6.05373 0.397058 0.238895 0.632212 -1.4142 1.45716 5.84433 1.73226 3.32139 5.66198 -6.44333 -3.74263 -6.46032 1.1313 -4.18536 -0.794483 -6.60652 -0.798785 -1.9001 -2.61482 10.6645 -5.87118 -13.0858 -4.84147 -8.52189 -16.4901
internal_weight=0 12539 11842 10329 697 313 8483 7780 2720 1218 486 5060 1513 943 98 1502 781 4474 1846 613 279 721 285 420 384 1233 154 1079 470 147
internal_count=12994 12539 11842 10329 697 313 8483 7780 2720 1218 486 5060 1513 943 98 1502 781 4474 1846 613 279 721 285 420 384 1233 154 1079 470 147
is_linear=0
shrinkage=0.5


Tree=5
num_leaves=31
num_cat=0
split_feature=11 22 28 36 22 22 0 22 26 34 26 36 1 3 24 0 24 7 28 36 11 24 33 22 3 24 36 23 22 10
split_gain=55239.1 75495.3 71605.8 80054.1 91092.1 50637.3 131297 67768.9 49141 62423.2 61917.9 141118 47561.2 77504.5 50470.3 65941.6 48631.2 47524.5 43370.2 42370.4 53181.5 42322.8 54096.4 42212.4 40431 38321 36054.1 35450.9 42393.1 32054.6
threshold=0.36132749950000004 0.43261650200000007 0.46875000000000006 89.015850050000012 0.99218702300000017 1.6123000400000003 293.84350600000005 2.2226499300000007 74.640598300000008 266.25156488500005 74.859348300000008 103.42800150000001 1.0000000180025095e-35 1.0000000180025095e-35 4220.4350600000007 289.09350600000005 4482.1850600000007 80.945301050000012 0.21875000000000003 85.079349500000021 0.70019447800000012 4419.1850600000007 487.90600600000005 2.0654250400000005 42.628900550000004 4560.1850600000007 82.666652700000014 85.288997650000013 1.4687450500000001 1.0000000180025095e-35
decision_type=2 2 2 2 2 2 2 2 2 2 2 2 2 2 2 2 2 2 2 2 2 2 2 2 2 2 2 2 2 2
left_child=2 -2 3 5 -5 -1 7 -7 9 -3 11 -10 13 19 18 17 -15 -16 -14 -12 -21 -17 -23 -6 -18 -19 -4 28 -22 -26
right_child=1 8 26 4 23 6 -8 -9 10 -11 12 -13 14 16 15 21 24 25 -20 20 27 22 -24 -25 29 -27 -28 -29 -30 -31
leaf_value=-0.94358718021596466 5.7496982251959183 19.901974591027415 -0.16897581831433955 -2.2566370694549893 7.0656008508465202 -20.113770142697419 10.711550390216667 -1.8661089787235507 -4.5884683400452619 1.7496193343658206 6.2388811856732671 -45.767186398506162 -32.214275223868235 0.32235633706260403 15.225999830192642 -10.195683599691691 -7.574364049198504 -0.27646345328062727 -5.1372809595614672 2.5787788618109366 -12.095773120721182 0.52724960473338933 -5.5206543499847509 -4.2301070835927259 -4.5451956097176343 5.2036024119525974 5.7402528904730454 -28.831321620941161 8.8299018232261428 0.83773156141321503
leaf_weight=1566 420 56 339 543 819 150 71 77 124 307 332 25 21 599 76 127 810 664 50 287 84 1681 474 92 1078 614 1082 20 34 372
leaf_count=1566 420 56 339 543 819 150 71 77 124 307 332 25 21 599 76 127 810 664 50 287 84 1681 474 92 1078 614 1082 20 34 372
internal_value=0 -0.7811 1.36062 0.088701 2.86947 -2.08041 -8.05448 -13.924 -1.13119 4.54998 -1.40719 -11.4976 -1.20188 -2.49205 0.0566272 0.314434 -3.68319 3.07874 -13.146 2.00656 -1.29964 -1.32574 -0.803009 5.92487 -4.74483 2.35637 4.33052 -9.36561 -6.06634 -3.1642
internal_weight=0 8255 4739 3318 1454 1864 298 227 7835 363 7472 149 7323 3616 3707 3636 2859 1354 71 757 425 2282 2155 911 2260 1278 1421 138 118 1450
internal_count=12994 8255 4739 3318 1454 1864 298 227 7835 363 7472 149 7323 3616 3707 3636 2859 1354 71 757 425 2282 2155 911 2260 1278 1421 138 118 1450
is_linear=0
shrinkage=0.5


Tree=6
num_leaves=31
num_cat=0
split_feature=15 24 7 23 7 24 0 7 1 26 0 22 22 24 0 7 0 30 0 24 26 11 34 15 36 26 24 28 22 28
split_gain=37711.6 41144.6 44301.5 37323.4 34099.3 33392.6 55461.9 38604.6 31567.5 39639.4 55354.7 66126.6 38523.6 26548 55065.7 23981.8 37574.2 23145.8 28527.9 27489 29533 26000.4 23573.2 22970.8 25928.6 37654.6 21155.5 25776.2 21108.2 20919.3
threshold=867.50000000000011 4694.8100600000007 86.02339935000002 84.507801050000012 86.257801050000012 4523.3100600000007 280.40600600000005 82.14839935000002 1.0000000180025095e-35 75.578098300000008 297.21850600000005 1.2900300050000002 1.8564400100000003 5248.2500000000009 316.99951200000004 85.382801050000012 297.78100600000005 87.320301050000012 293.71850600000005 4476.8100600000007 75.140598300000008 0.71386650200000001 260.61099995000001 1053.5000000000002 99.936450950000008 75.328098300000008 5020.2451200000005 -0.96874999999999989 2.2431600100000004 0.28125000000000006
decision_type=2 2 2 2 2 2 2 2 2 2 2 2 2 2 2 2 2 2 2 2 2 2 2 2 2 2 2 2 2 2
left_child=1 2 3 -1 5 -2 -7 -8 9 10 12 -12 -5 -6 -15 16 -3 19 -19 21 -21 22 -10 -9 -25 -26 27 -18 -14 -13
right_child=4 15 -4 8 13 6 7 23 17 -11 11 29 28 14 -16 -17 26 18 -20 20 -22 -23 -24 24 25 -27 -28 -29 -30 -31
leaf_value=0.89239059707147916 -0.46126294395301853 6.1122923445386386 -7.5290556221860587 -2.7719514752337391 -2.4117501542738276 15.323040674626828 20.835878913049346 0.66093633047016542 -0.94411485837772491 4.1878537355220171 -3.2457855882686237 14.906754892563152 -20.674685648332041 23.1875039935112 -0.76246731394591427 -0.37097117391059758 -17.908364860907845 -3.6390265088774405 -10.525969625286789 -5.3827331851086306 2.9924572402747667 2.7976095152782721 -11.333033879569104 3.7024350029089161 -18.331562962495919 5.9362749212211181 13.61119233071804 -0.55225459393722565 -6.3260077961805194 2.9791990563805615
leaf_weight=1434 1579 468 296 847 1026 80 27 1840 80 333 172 107 48 32 96 1138 23 424 233 155 328 71 172 1480 33 31 24 306 55 56
leaf_count=1434 1579 468 296 847 1026 80 27 1840 80 333 172 107 48 32 96 1138 23 424 233 155 328 71 172 1480 33 31 24 306 55 56
internal_value=0 -0.816726 -1.60329 -1.2148 0.888373 1.44672 2.30972 2.00451 -2.19555 -0.673684 -1.93352 3.59278 -3.88227 -1.56469 5.22503 1.11494 3.17459 -3.87866 -6.08143 -2.0831 0.304767 -5.65381 -8.03496 1.85426 3.27635 -6.57683 -0.720152 -1.7656 -13.0128 10.8089
internal_weight=0 6770 4811 4515 6224 5070 3491 3411 3081 1618 1285 335 950 1154 128 1959 821 1463 657 806 483 323 252 3384 1544 64 353 329 103 163
internal_count=12994 6770 4811 4515 6224 5070 3491 3411 3081 1618 1285 335 950 1154 128 1959 821 1463 657 806 483 323 252 3384 1544 64 353 329 103 163
is_linear=0
shrinkage=0.5


Tree=7
num_leaves=31
num_cat=0
split_feature=3 24 0 33 36 30 24 0 24 23 24 0 30 22 0 0 22 30 15 7 28 11 36 22 9 1 28 7 24 0
split_gain=27913.9 29394.6 33437.1 31503.8 28253.9 28180.5 41516 56536.3 22799 25009.2 22333.8 26071.8 21567.6 21215.4 37549.2 27121.8 33451.1 20136.4 19921.6 23289.4 27487.4 24597.9 23602.5 23485.4 22243.8 19887.2 24651.1 19682.9 25475.1 30637.1
threshold=17.257800100000004 4697.6850600000007 295.28100600000005 471.09350600000005 76.761852250000018 85.11714935000002 4273.1250000000009 281.09350600000005 4351.4350600000007 84.195301050000012 4911.8750000000009 297.90600600000005 88.42964935000002 0.93554651750000006 289.71850600000005 293.40600600000005 1.6533150050000003 90.39839935000002 517.50000000000011 84.382801050000012 -0.40624999999999994 0.77148401750000006 85.142848950000015 1.1923750050000002 43.574199700000008 1.0000000180025095e-35 0.21875000000000003 83.570301050000012 5313.9951200000005 319.71850600000005
decision_type=2 2 2 2 2 2 2 2 2 2 2 2 2 2 2 2 2 2 2 2 2 2 2 2 2 2 2 2 2 2
left_child=1 3 12 -1 -4 6 -2 -8 -7 -10 17 -12 -3 14 -5 -15 -17 18 -11 -20 -21 24 -23 25 -22 26 -24 -13 -29 -30
right_child=5 2 4 13 -6 8 7 -9 9 10 11 27 -14 15 -16 16 -18 -19 19 20 21 22 23 -25 -26 -27 -28 28 29 -31
leaf_value=2.4221042678351856 -3.1684564455444444 15.768054848021649 -14.672003399580717 4.0626348685681553 0.87448004860906292 -5.6683699799503415 19.14950534914221 2.6504823249496314 2.4531598739875435 -3.1045073675369137 8.8851083971054869 12.145939427037392 4.669136125524199 -3.4717437179038093 -2.6326123512524942 -0.35300014543849811 17.337207596642632 -7.6875274650238712 0.89401005577995352 -10.029717071337647 -2.9262981947739757 0.051751307259912782 -5.8673429495344562 -2.6192724727975425 0.15204017654132215 -3.6181014794569748 -20.666681880460064 -3.7791975061258962 19.263020324707032 -1.9902303860737727
leaf_weight=1097 290 47 32 447 337 235 56 713 592 992 118 31 637 903 394 113 35 116 1662 89 775 213 48 186 2417 65 68 217 30 39
leaf_count=1097 290 47 32 447 337 235 56 713 592 992 118 31 637 903 394 113 35 116 1662 89 775 213 48 186 2417 65 68 217 30 39
internal_value=0 1.09061 3.36233 0.290306 -0.473724 -0.492433 1.92947 3.85197 -0.817379 -0.668517 -0.930056 2.54058 5.43178 -0.945731 0.925979 -2.44346 3.83049 -1.15773 -1.04147 -0.670923 -1.34456 -1.13964 -4.13501 -6.56493 -0.595363 -10.6196 -14.5428 0.178896 -1.11823 7.25031
internal_weight=0 4042 1053 2989 369 8952 1059 769 7893 7658 7066 435 684 1892 841 1051 148 6631 6515 5523 3861 3772 580 367 3192 181 116 317 286 69
internal_count=12994 4042 1053 2989 369 8952 1059 769 7893 7658 7066 435 684 1892 841 1051 148 6631 6515 5523 3861 3772 580 367 3192 181 116 317 286 69
is_linear=0
shrinkage=0.5


Tree=8
num_leaves=31
num_cat=0
split_feature=22 15 24 23 30 7 24 36 7 26 22 0 28 36 36 12 7 1 22 24 7 15 33 26 36 23 30 24 36 15
split_gain=25144.5 22843.4 24902.5 36493.2 24327.7 21604.2 34777.1 30069.3 26602.6 21340.6 28978.8 30746.6 22377.7 21315.5 21034.8 33365.7 22564.9 19938.4 28713.8 24667.4 19534.1 19196.4 19087.4 18360.9 37636.2 23616.5 17885.8 17244.3 17075.9 18382.1
threshold=2.0800750250000006 1628.5000000000002 4410.1850600000007 83.39839935000002 83.05464935000002 84.601497650000013 4600.9350600000007 85.20634840000001 85.413997650000013 75.359348300000008 1.3574150200000001 294.28100600000005 -0.21874999999999997 89.396747600000012 103.04700050000001 321.64934955000007 82.14839935000002 1.0000000180025095e-35 2.2431600100000004 4692.8100600000007 87.570301050000012 367.50000000000006 484.53100600000005 75.171848300000008 81.460247050000007 85.382801050000012 88.007801050000012 4509.9350600000007 88.698352800000023 706.50000000000011
decision_type=2 2 2 2 2 2 2 2 2 2 2 2 2 2 2 2 2 2 2 2 2 2 2 2 2 2 2 2 2 2
left_child=1 2 4 -4 -1 14 7 -7 13 23 11 12 -11 -9 16 -16 27 18 19 -2 -3 -18 -19 -8 25 -25 -6 28 -5 -30
right_child=17 20 3 5 26 6 9 8 -10 10 -12 -13 -14 -15 15 -17 21 22 -20 -21 -22 -23 -24 24 -26 -27 -28 -29 29 -31
leaf_value=6.7640323384084562 -20.415807452856324 3.3913182295510342 9.7946622260675138 -11.819762343452091 -2.3133308169497653 -0.49695852134526358 0.38054998858040884 0.25437332334335139 -8.2062226521432216 -13.015113744437695 5.4048416023752139 -3.1109664658916758 2.0905777559916334 -6.5514419443459939 -0.88790024180023164 -16.803801125950283 -2.2272159336947666 3.4824799980133259 -3.2966822726434493 0.30281605124473571 -4.0882514569224142 1.510756890196217 -8.8546734932810072 -5.3224786035241971 -0.24990165841670312 -20.235331892967224 -9.9716608272977627 7.9384594131176831 0.49574745646505441 11.300522078115206
leaf_weight=69 51 799 98 21 936 1021 1700 307 311 25 382 423 1270 184 386 36 401 145 274 20 98 2394 40 314 742 29 83 221 162 52
leaf_count=69 51 799 98 21 936 1021 1700 307 311 25 382 423 1270 184 386 36 401 145 274 20 98 2394 40 314 742 29 83 221 162 52
internal_value=0 0.143427 -0.0450719 0.191322 -2.32188 0.100663 -0.433082 -2.29671 -4.58792 0.262393 1.46589 0.590057 1.79896 -2.29607 1.07544 -2.24565 1.50654 -3.37296 -5.61867 -14.5796 2.57415 0.974468 0.814987 -0.64509 -2.25208 -6.58333 -2.93712 4.76781 1.78606 3.12121
internal_weight=0 12464 11567 10479 1088 10381 6708 1823 802 4885 2100 1718 1295 491 3673 422 3251 530 345 71 897 2795 185 2785 1085 343 1019 456 235 214
internal_count=12994 12464 11567 10479 1088 10381 6708 1823 802 4885 2100 1718 1295 491 3673 422 3251 530 345 71 897 2795 185 2785 1085 343 1019 456 235 214
is_linear=0
shrinkage=0.5


Tree=9
num_leaves=31
num_cat=0
split_feature=26 36 24 28 24 12 36 22 11 11 17 19 26 22 0 1 28 24 0 24 17 36 11 24 0 1 26 30 0 24
split_gain=27160.2 37098.7 26236.1 30570.3 33848.4 20287.9 23137.7 19111.7 18791.3 19740.8 23089.2 17141.7 16875 41303.3 44175.5 29617.8 18650.8 16933.6 23845.4 16871.7 19934.1 16863.3 21385.4 16625.6 27082.2 37514.3 36314.9 25265.5 22870.6 23479.1
threshold=74.984348300000008 108.38050100000002 5530.9350600000007 -0.46874999999999994 5057.2500000000009 315.50524945000001 102.15850050000002 0.67187449350000017 0.39062450850000002 0.84472599650000013 269.000000145 770.31250000000011 75.046848300000008 1.3613250250000002 285.21850600000005 1.0000000180025095e-35 1.1562500000000002 4626.4350600000007 294.15600600000005 4899.4350600000007 273.60000000300005 99.111049650000012 0.68066352600000013 4538.0600600000007 286.21850600000005 1.0000000180025095e-35 75.546848300000008 86.445301050000012 292.46850600000005 4391.0600600000007
decision_type=2 2 2 2 2 2 2 2 2 2 2 2 2 2 2 2 2 2 2 2 2 2 2 2 2 2 2 2 2 2
left_child=1 5 3 7 12 -1 19 21 -9 11 -11 -10 13 -5 -15 17 23 -16 -19 -7 -21 22 -2 27 25 26 -25 28 29 -14
right_child=2 -3 -4 4 -6 6 -8 8 9 10 -12 -13 16 14 15 -17 -18 18 -20 20 -22 -23 -24 24 -26 -27 -28 -29 -30 -31
leaf_value=4.8689822875103861 -0.64405078405425664 -19.543012666702271 13.188309505963938 -0.50739058345077825 16.637445960193872 -2.56822226990543 -18.802017694427853 -0.26450454700609732 -17.970177264590014 14.628050931475379 -4.5883945615755186 -6.6120382984623909 0.54270457446792519 -14.135079489512878 15.286030813822379 -2.0247289198450744 10.967227441072463 -7.9675332998687569 11.233953839198488 17.42140501478444 -0.15591508039721735 -9.104742220469884 16.224266977871167 -3.5546219668133929 0.24275025915510345 6.5791990822069968 8.0456446328240894 -2.0359798992170512 -1.6419104224744629 5.9352273615573843
leaf_weight=106 42 30 39 401 32 1071 21 203 38 22 54 264 617 22 130 48 40 22 61 23 54 21 34 253 6122 419 92 1802 611 300
leaf_count=106 42 30 39 401 32 1071 21 203 38 22 54 264 617 22 130 48 40 22 61 23 54 21 34 253 6122 419 92 1802 611 300
internal_value=0 -2.16346 0.241536 0.198195 0.399534 -1.75453 -2.35512 -3.06006 -4.14474 -6.22857 0.974261 -8.04121 0.352038 2.75665 7.38166 9.19534 0.191668 11.7238 6.1444 -2.05426 5.09445 3.43686 6.9023 0.149477 0.593041 3.39995 -0.461218 -0.767756 0.727886 2.30689
internal_weight=0 1305 11689 11650 10972 1275 1169 678 581 378 76 302 10940 684 283 261 10256 213 83 1148 77 97 76 10216 6886 764 345 3330 1528 917
internal_count=12994 1305 11689 11650 10972 1275 1169 678 581 378 76 302 10940 684 283 261 10256 213 83 1148 77 97 76 10216 6886 764 345 3330 1528 917
is_linear=0
shrinkage=0.5


Tree=10
num_leaves=31
num_cat=0
split_feature=9 24 28 7 7 22 36 30 15 22 1 0 22 28 24 12 36 7 19 11 1 22 19 15 12 28 22 36 24 7
split_gain=18908.5 13301.6 15811.8 15469.6 14312.7 14188.9 13609.5 13139.6 12542.4 14189.2 19080 16184.2 13585.4 18067.7 17052.6 12718.2 19009.5 12381.3 11952.1 15358.9 19463.1 15629 13182.2 11265.2 15279.4 19070.6 15044.7 13816.7 11166.4 41321.5
threshold=49.394498850000012 4768.6850600000007 -0.15624999999999997 83.99214935000002 85.695301050000012 2.0800750250000006 84.507846850000007 90.101497650000013 788.50000000000011 1.7373000400000003 1.0000000180025095e-35 290.84350600000005 2.2431600100000004 0.34375000000000006 4451.8100600000007 304.88865035000003 111.61850000000001 86.007801050000012 825.43750000000011 0.68554651750000006 1.0000000180025095e-35 1.1103450050000003 870.81250000000011 870.50000000000011 318.30625000000003 -0.84374999999999989 0.49413999900000005 101.20600150000001 4360.0600600000007 81.08589935000002
decision_type=2 2 2 2 2 2 2 2 2 2 2 2 2 2 2 2 2 2 2 2 2 2 2 2 2 2 2 2 2 2
left_child=1 2 23 -3 8 -5 -6 18 15 28 11 12 13 -11 -15 -4 -17 -2 -8 22 21 -21 -20 -1 27 -26 -27 -25 -10 -30
right_child=17 3 4 5 6 -7 7 -9 9 10 -12 -13 -14 14 -16 16 -18 -19 19 20 -22 -23 -24 24 25 26 -28 -29 29 -31
leaf_value=-4.0893484043254089 -1.2044902179684294 5.2268232346811025 3.8229959000228453 1.1497636704093184 0.071525671944403638 -7.8682016344534027 -6.400606798278611 -6.0911906107768905 -1.2789824958020584 -18.760340383230911 2.1260591281784906 5.9258928689463382 -1.9002154418512394 6.2775640828268866 -12.175860489568402 -0.23390602523990225 -13.557432501404374 -5.604789798760816 1.8586420759956566 -16.200992315298034 0.054466861919049293 -4.264141553942161 -7.7453991503287583 16.315143730329432 -15.036515674591065 11.073632729053497 -1.5820115700692603 1.5533768092008198 24.639390033483505 1.8212164353776472
leaf_weight=383 931 237 194 1421 1684 45 105 182 289 41 180 29 76 21 31 3164 27 193 426 42 155 79 39 23 25 25 387 51 20 2489
leaf_count=383 931 237 194 1421 1684 45 105 182 289 41 180 29 76 21 31 3164 27 193 426 42 155 79 39 23 25 25 387 51 20 2489
internal_value=0 0.185603 -0.0310217 1.47886 0.162586 0.87295 -0.803601 -2.23718 0.561962 1.27566 -1.59966 -4.98668 -6.85925 -10.9118 -4.72352 -0.107672 -0.34664 -1.96006 -1.40806 -0.700615 -3.65531 -8.40751 1.05314 -2.03922 -0.502622 -1.62771 -0.814072 6.14149 1.66411 2.00311
internal_weight=0 11870 10167 1703 9273 1466 2712 1028 6561 3176 378 198 169 93 52 3385 3191 1124 846 741 276 121 465 894 511 437 412 74 2798 2509
internal_count=12994 11870 10167 1703 9273 1466 2712 1028 6561 3176 378 198 169 93 52 3385 3191 1124 846 741 276 121 465 894 511 437 412 74 2798 2509
is_linear=0
shrinkage=0.5


Tree=11
num_leaves=31
num_cat=0
split_feature=26 23 28 1 22 3 24 26 1 11 19 24 34 0 1 36 26 7 28 24 11 22 24 23 34 36 0 28 1 30
split_gain=12940 12942.6 21684.3 18856.4 20847.8 17162.1 13482 15886.9 19803.8 14591.8 13725.1 12275.9 18851.6 12255.5 17937.9 12200.5 12163.6 12526.4 21696.2 18492.4 17591.8 12771.1 13503.6 12462.1 12720.2 12787.4 12766.6 19904.6 12220.1 12112
threshold=76.078098300000008 84.58589935000002 0.21875000000000003 1.0000000180025095e-35 1.4199150200000001 32.86715130000001 4599.5600600000007 75.703098300000008 1.0000000180025095e-35 0.55078101150000014 797.18750000000011 4343.6850600000007 263.09535015 279.09350600000005 1.0000000180025095e-35 90.730152150000023 75.015598300000008 81.61714935000002 -0.28124999999999994 4472.3100600000007 0.59374949350000017 1.4638650400000002 4448.8100600000007 86.257801050000012 284.45464985000007 88.634853350000014 281.71850600000005 0.15625000000000003 1.0000000180025095e-35 84.195301050000012
decision_type=2 2 2 2 2 2 2 2 2 2 2 2 2 2 2 2 2 2 2 2 2 2 2 2 2 2 2 2 2 2
left_child=1 2 3 4 15 -5 7 16 9 -9 -8 -4 -13 14 -14 -1 -3 18 29 20 28 22 -20 24 -21 26 -26 -28 -19 -18
right_child=-2 6 11 5 -6 -7 10 8 -10 -11 -12 12 13 -15 -16 -17 17 19 21 23 -22 -23 -24 -25 25 -27 27 -29 -30 -31
leaf_value=-6.6849518452597927 -8.109946797696912 -3.6358631354480706 -1.2278467740193213 6.252124958461331 -15.911946727679325 -2.4979586000058878 2.5744571246144234 13.061095529892405 -4.0579042978758038 -2.5016590625047685 -0.017361750883947084 15.8373245348533 0.047453077688609083 1.4253045979455843 10.543913838615561 1.2181485830697902 1.1364389258835996 -2.2642933954343651 -1.1315005680940715 1.0124306848466509 -0.24144626800045671 7.324815662880229 6.1437977435447833 -7.0167750831589935 -8.3782203684047776 -4.2924673506842854 4.1556241228871205 -1.3653351766726292 -7.8492489800908256 -12.493812965038114
leaf_weight=113 49 432 364 93 39 141 566 61 43 20 5237 24 73 2107 92 86 28 165 203 985 249 117 93 72 49 291 212 710 241 39
leaf_count=113 49 432 364 93 39 141 566 61 43 20 5237 24 73 2107 92 86 28 165 203 985 249 117 93 72 49 291 212 710 241 39
internal_value=0 0.0306981 0.915649 -2.20756 -5.3412 0.979639 -0.25175 -0.956769 4.61455 9.21844 0.235433 1.46984 1.89752 1.75027 5.90003 -3.26954 -1.13455 -0.821701 1.54842 -1.20424 -3.55023 2.90238 1.15432 -0.541613 -0.334131 -1.38513 -0.51383 -0.0958738 -5.5795 -6.79759
internal_weight=0 12945 3132 472 238 234 9813 4010 124 81 5803 2660 2296 2272 165 199 3886 3454 480 2974 655 413 296 2319 2247 1262 971 922 406 67
internal_count=12994 12945 3132 472 238 234 9813 4010 124 81 5803 2660 2296 2272 165 199 3886 3454 480 2974 655 413 296 2319 2247 1262 971 922 406 67
is_linear=0
shrinkage=0.5


Tree=12
num_leaves=31
num_cat=0
split_feature=15 23 24 0 22 22 1 1 24 36 7 24 33 7 3 11 22 15 22 24 3 3 24 24 17 15 0 38 22 0
split_gain=21266.9 11249.7 19005.8 17675.7 15326.9 13969.4 12559.1 11047.9 10278.1 16344.4 9976.99 10260.2 13136.7 12050.5 12515.8 13848.3 12451.1 12384.8 11589.7 19760.6 10314.2 16967.1 11824.2 10832 12693.4 11480.9 9802.77 9699.83 9693.14 13288.1
threshold=1145.5000000000002 89.038997650000013 5180.1850600000007 301.15600600000005 1.4238250250000002 1.1152300250000002 1.0000000180025095e-35 1.0000000180025095e-35 4911.8750000000009 75.301548000000011 79.413997650000013 4490.4350600000007 452.90600600000005 84.74214935000002 49.609300650000002 0.63769447800000012 1.3056600100000002 542.50000000000011 1.4550750250000002 4285.5600600000007 45.363199250000001 18.261699700000005 4556.5600600000007 4639.9350600000007 301.59999980000003 1006.5000000000001 306.59350600000005 0.26350000500000004 1.0790950050000003 288.03100600000005
decision_type=2 2 2 2 2 2 2 2 2 2 2 2 2 2 2 2 2 2 2 2 2 2 2 2 2 2 2 2 2 2
left_child=1 2 3 8 5 -5 -7 26 9 -1 -11 12 18 -13 17 16 -16 -15 28 -20 21 22 -19 25 -25 -23 -6 -8 29 -12
right_child=-2 -3 -4 4 7 6 27 -9 -10 10 11 13 -14 14 15 -17 -18 20 19 -21 -22 23 -24 24 -26 -27 -28 -29 -30 -31
leaf_value=-5.4135504088756674 1.2394416925846301 -7.4618056470697578 7.3847413042560222 -3.059703710967419 1.4931402332507646 -4.7557589647904885 -9.2445160210132595 -3.3458776508700359 3.6519751933567663 4.5254001174424143 2.5329979641231155 0.8900224172648592 -4.2836035282279434 -3.0622412477438026 -0.38661324360150068 -8.0651077979803087 -8.2321244180202484 -2.861206380980005 -7.0348682578267718 2.9176016320380267 1.2641480544084607 -7.0004293268448432 0.87374232804722851 -1.5741089685604555 9.3053498268127441 0.048494974532759333 13.88993807979252 -23.639782153747298 -4.0454528922444748 -2.1523540463607644
leaf_weight=152 2733 55 80 255 52 53 25 73 170 111 226 2554 312 343 354 100 59 243 58 356 1247 190 1656 631 28 83 23 22 292 458
leaf_count=152 2733 55 80 255 52 53 25 73 170 111 226 2554 312 343 354 100 59 243 58 356 1247 190 1656 631 28 83 23 22 292 458
internal_value=0 -0.330123 -0.291691 -0.352338 -3.24176 -5.02385 -10.0324 1.03286 -0.201306 -0.270602 -0.186555 -0.243467 -1.35161 0.00840927 -0.447943 -2.78571 -1.5074 -0.176675 -0.693489 1.52329 0.0660293 -0.461719 0.395811 -2.20898 -1.11186 -4.85735 5.29482 -15.9827 -1.6338 -0.60427
internal_weight=0 10261 10206 10126 503 355 100 148 9623 9453 9301 9190 1702 7488 4934 513 413 4421 1390 414 4078 2831 1899 932 659 273 75 47 976 684
internal_count=12994 10261 10206 10126 503 355 100 148 9623 9453 9301 9190 1702 7488 4934 513 413 4421 1390 414 4078 2831 1899 932 659 273 75 47 976 684
is_linear=0
shrinkage=0.5


Tree=13
num_leaves=31
num_cat=0
split_feature=22 25 23 24 15 33 11 15 24 22 7 36 28 11 23 25 11 1 25 36 34 7 28 11 11 26 0 22 3 22
split_gain=9860.02 8596.07 11823.3 11520.1 10619.5 9543.94 9019.46 8131.96 13839.5 10145.5 9788.14 9087.61 9072.24 8162.57 9249.77 9225.44 8072 8064.87 10014.6 7843.47 7470.4 7143.18 8290.64 7845.15 9865.84 7652.7 7063.8 11427.4 9788.62 6827.8
threshold=0.29785099650000008 168.34999850000003 84.757801050000012 5313.9951200000005 478.50000000000006 506.84350600000005 1.2939400100000003 706.50000000000011 4717.9350600000007 1.8671799900000001 85.413997650000013 76.444396950000012 -0.40624999999999994 0.33691349650000008 86.257801050000012 175.25000000000003 0.47265599700000005 1.0000000180025095e-35 172.25000000000003 88.888851150000008 284.92340030000003 85.27339935000002 0.71875000000000011 0.55734351250000003 0.14453100400000005 75.640598300000008 293.15600600000005 1.2451150400000002 45.824199700000008 0.42089800550000006
decision_type=2 2 2 2 2 2 2 2 2 2 2 2 2 2 2 2 2 2 2 2 2 2 2 2 2 2 2 2 2 2
left_child=16 2 4 5 20 -4 7 8 9 12 -9 -10 -3 19 -15 -16 -1 18 -11 -13 -2 22 23 24 -14 -25 -6 -28 -29 -12
right_child=1 6 3 -5 26 -7 -8 10 11 17 29 13 21 14 15 -17 -18 -19 -20 -21 -22 -23 -24 25 -26 -27 27 28 -30 -31
leaf_value=-0.6380977622553039 0.45988308809122003 -8.3428237623721362 -0.19856829338604781 9.4036845362805312 1.3889138243805759 -8.3766442495915623 6.7387288282083908 0.64709457557210903 -9.2889823232378284 -16.719001676887274 -5.5324426246927931 0.67820735823041123 3.6739336716347055 1.4067990752810147 0.17684285872512392 -10.40361781653605 6.3116907294806062 -2.4273300579247565 -2.4564344123005868 7.5540563012528068 -3.6016160912326809 -4.3735333690668812 3.6190451227805833 0.84274149982175273 -2.9683957664109486 -7.5674131599993544 1.8119829955452063 5.7042566811716231 19.43368229866028 -0.72714804537116073
leaf_weight=67 343 50 3953 31 1962 36 43 2068 21 32 77 81 61 256 45 38 111 52 20 85 169 187 88 402 669 29 111 37 20 1850
leaf_count=67 343 50 3953 31 1962 36 43 2068 21 32 77 81 61 256 45 38 111 52 20 85 169 187 88 402 669 29 111 37 20 1850
internal_value=0 -0.05133 0.342238 -0.197758 1.16388 -0.272374 -0.477387 -0.528163 -1.32069 -2.05616 -0.108393 0.902513 -1.72203 1.32632 -0.080351 -4.66722 3.69576 -6.83036 -11.2334 4.19897 -0.880729 -1.4915 -1.06 -1.41466 -2.41335 0.276861 1.65536 4.76703 10.5216 -0.91916
internal_weight=0 12816 6662 4020 2642 3989 6154 6111 2116 1590 3995 526 1486 505 339 83 178 104 52 166 512 1436 1249 1161 730 431 2130 168 57 1927
internal_count=12994 12816 6662 4020 2642 3989 6154 6111 2116 1590 3995 526 1486 505 339 83 178 104 52 166 512 1436 1249 1161 730 431 2130 168 57 1927
is_linear=0
shrinkage=0.5


Tree=14
num_leaves=31
num_cat=0
split_feature=26 24 34 19 0 26 3 3 1 19 1 26 3 3 0 26 24 23 22 0 15 24 24 19 0 36 26 22 7 7
split_gain=10055.8 10700.5 15771.7 14714.9 13020.6 12055.4 10168.1 10817.4 54804.6 12835.4 12160 37674.4 32548.5 20215.3 19090.7 14664.2 12454.7 15972.8 11756 11146.7 10215.7 10164.7 10133.1 10388.8 9785.2 17656.7 13039.5 14128.5 12697.8 9499.36
threshold=74.953098300000008 4106.5000000000009 263.92343988500005 745.18750000000011 283.46850600000005 75.453098300000008 15.546850200000002 10.785100000000002 1.0000000180025095e-35 838.43750000000011 1.0000000180025095e-35 75.484348300000008 6.1054651750000009 1.0000000180025095e-35 289.65600600000005 75.546848300000008 4911.8750000000009 86.05464935000002 1.0771449800000001 291.96850600000005 1785.5000000000002 4546.0600600000007 4629.8100600000007 814.93750000000011 295.71850600000005 88.190448750000016 75.078098300000008 1.6123000400000003 86.038997650000013 86.42964935000002
decision_type=2 2 2 2 2 2 2 2 2 2 2 2 2 2 2 2 2 2 2 2 2 2 2 2 2 2 2 2 2 2
left_child=-1 5 4 -4 -3 -2 7 10 9 -9 11 13 15 24 -13 16 17 19 -10 22 -8 -20 -12 -24 -5 26 -26 -28 -27 -16
right_child=1 2 3 6 -6 -7 20 8 18 -11 12 14 -14 -15 29 -17 -18 -19 21 -21 -22 -23 23 -25 25 28 27 -29 -30 -31
leaf_value=-1.4720874839463434 -13.774517811577896 8.0660927329551093 -7.6101413723968321 -0.24882660847915178 1.6079214414350302 1.9558179350126357 -0.42283695743034405 -0.51154304935672634 11.309882542428872 -9.2900402255069743 -1.0209690445943878 8.7161392525040302 6.2366836486826056 -6.1167645149558556 1.2912095977850258 -5.0659428097109878 5.0206780783162355 -11.640759740556989 14.083336468624031 -3.0913791563846384 2.1271939251231604 2.4678254781219247 13.638176781790596 1.9938452708270025 2.6326665004628507 2.6960837818268271 6.3007757716394703 23.103996600405399 -12.550940280610865 10.08620339610747
leaf_weight=1065 29 88 63 752 690 21 7028 209 132 52 444 203 156 131 250 226 89 35 23 346 416 104 21 218 59 36 29 22 22 35
leaf_count=1065 29 88 63 752 690 21 7028 209 132 52 444 203 156 131 250 226 89 35 23 346 416 104 21 218 59 36 29 22 22 35
internal_value=0 0.131425 0.162149 0.00962797 2.33841 -7.16778 0.0531182 0.743769 2.85285 -2.26052 0.386995 1.38015 -0.608752 -0.305554 5.01065 -1.38314 -0.661278 -1.13655 8.0057 -0.779269 -0.280331 4.57142 0.39202 3.01699 0.521911 3.97188 7.69398 13.5492 -3.08727 2.3713
internal_weight=0 11929 11879 11101 778 50 11038 3594 520 261 3074 1539 1535 1051 488 1379 1153 1064 259 1029 7444 127 683 239 920 168 110 51 58 285
internal_count=12994 11929 11879 11101 778 50 11038 3594 520 261 3074 1539 1535 1051 488 1379 1153 1064 259 1029 7444 127 683 239 920 168 110 51 58 285
is_linear=0
shrinkage=0.5


Tree=15
num_leaves=31
num_cat=0
split_feature=24 7 36 30 19 15 30 22 26 7 7 24 36 23 19 11 17 24 25 24 7 26 1 9 0 3 15 15 23 0
split_gain=7579.39 10706.7 11435.1 9305.55 7681.11 7443.71 7105.65 6996.38 11331.4 10325.7 6562.9 16756.2 12627.8 11975 11895.6 11761.2 15678.3 7774.4 6378.11 6291.35 8464.53 13260.9 13543 11977.5 8726.62 8506.45 8199.63 6779.82 6743.77 6492.41
threshold=4220.4350600000007 79.80464935000002 110.41249850000001 82.726497650000013 696.00000000000011 701.50000000000011 83.281200400000003 1.1152300250000002 75.453098300000008 80.02339935000002 86.726497650000013 5248.2500000000009 76.761852250000018 88.601497650000013 871.56250000000011 0.47265599700000005 302.99999940000004 4976.4951200000005 178.05000300000003 4334.0600600000007 81.476497650000013 75.140598300000008 1.0000000180025095e-35 35.847600950000007 294.96850600000005 42.574199700000008 88.500000000000014 718.50000000000011 85.226497650000013 291.03100600000005
decision_type=2 2 2 2 2 2 2 2 2 2 2 2 2 2 2 2 2 2 2 2 2 2 2 2 2 2 2 2 2 2
left_child=3 2 5 -1 -5 -2 -6 -8 9 -9 11 13 -12 17 18 -16 -17 19 -14 29 21 25 23 -23 -24 -21 -22 -25 -26 -3
right_child=1 10 -4 4 6 -7 7 8 -10 -11 12 -13 14 -15 15 16 -18 -19 -20 20 26 22 24 27 28 -27 -28 -29 -30 -31
leaf_value=5.5062374456652572 5.0077852318363805 -0.90289366465244736 -5.0578407645225525 -13.044778639620001 4.4839658232835626 15.899548026067871 -1.0416207611560822 -20.217801716016687 0.95886437899687071 -4.6837747335433964 -12.427551599649282 13.870986611667005 -2.5234659265055965 -8.47108262341197 4.8452497297717683 -4.7699413205287895 10.284715686525617 4.1270579560580902 -10.33966836024975 -5.9813608456013805 -5.4540831796715361 -8.2919363836126951 9.7487456039167366 1.2160163989606581 -0.39536527720364656 1.0948909007912051 0.053524907666447581 11.057491329312324 8.7336644642055035 -5.9550650512115864
leaf_weight=28 62 326 22 22 26 21 69 23 22 20 26 22 261 41 124 98 21 118 29 67 68 31 104 140 55 116 10901 20 32 79
leaf_count=28 62 326 22 22 26 21 69 23 22 20 26 22 261 41 124 98 21 118 29 67 68 31 104 140 55 116 10901 20 32 79
internal_value=0 0.0489431 5.07715 -2.97947 -4.28497 7.76353 -3.08049 -4.54822 -8.27061 -12.9927 0.0073025 0.0845581 -1.66772 0.0594877 -1.14285 1.4376 -2.11324 0.088496 -3.30509 0.0485806 0.116594 2.00389 3.68048 0.703362 6.6576 -1.49587 0.0193817 2.4462 2.96244 -1.88838
internal_weight=0 12784 105 210 182 83 160 134 65 43 12679 12120 559 12098 533 243 119 12057 290 11939 11534 565 382 191 191 183 10969 160 87 405
internal_count=12994 12784 105 210 182 83 160 134 65 43 12679 12120 559 12098 533 243 119 12057 290 11939 11534 565 382 191 191 183 10969 160 87 405
is_linear=0
shrinkage=0.5


Tree=16
num_leaves=31
num_cat=0
split_feature=30 24 19 7 24 19 26 1 22 0 22 11 19 23 11 0 26 12 24 28 30 23 26 7 15 0 3 3 19 0
split_gain=5976.45 5527.73 4687.27 6079.93 5207.62 17302.5 9413.66 26111.2 35274.5 17108.4 15451.8 15363.1 12880.3 12758.3 12007.3 14559 13266 11687.9 10930 12697.6 10186 8643.84 8495.68 12252.1 10864 9787.23 8710.84 12616.7 14473.4 8869.59
threshold=91.812450400000003 5530.9350600000007 900.43750000000011 87.351497650000013 4630.9350600000007 763.18750000000011 75.578098300000008 1.0000000180025095e-35 1.0029250400000003 292.28100600000005 0.49413999900000005 0.39062450850000002 804.31250000000011 84.89839935000002 0.56933549050000021 289.21850600000005 75.703098300000008 346.49669875000001 4296.4350600000007 1.0000000180025095e-35 86.89839935000002 85.11714935000002 75.359348300000008 83.476497650000013 188.50000000000003 290.78100600000005 40.949199700000008 47.605400100000004 859.43750000000011 289.84350600000005
decision_type=2 2 2 2 2 2 2 2 2 2 2 2 2 2 2 2 2 2 2 2 2 2 2 2 2 2 2 2 2 2
left_child=1 2 3 4 6 -6 10 14 11 -10 12 -9 20 18 15 -8 -16 -15 19 -12 -1 -11 24 -24 25 -20 -26 28 -28 -29
right_child=-2 -3 -4 -5 5 -7 7 8 9 21 13 -13 -14 17 16 -17 -18 -19 22 -21 -22 -23 23 -25 26 -27 27 29 -30 -31
leaf_value=-3.3117007516738441 -7.0490267197291052 6.5797570738941431 5.0382922693439154 -2.3926884883619621 7.3967750428736894 0.28817556313811821 7.1930561632241892 -8.6024882047524276 6.1820600783383401 -9.0325467007500784 -12.503868361999249 -0.24319705918983178 -7.357668569105595 -0.92730124754035548 1.7327780370372865 1.716974261345465 -7.5859106215445893 -5.7465789817777795 -12.294684014320374 -1.4939228289036288 6.6397117318378553 2.6403946650439294 2.0640461422658758 -1.8705477903902625 0.40183277437857462 -1.111705482006073 3.0354836281502817 -1.9184819603072745 10.727386096681373 3.1763815850329897
leaf_weight=90 30 32 46 264 87 5325 230 171 135 35 29 81 147 2327 225 257 46 133 25 270 36 29 287 637 969 90 538 210 69 144
leaf_count=90 30 32 46 264 87 5325 230 171 135 35 29 81 147 2327 225 257 46 133 25 270 36 29 287 637 969 90 538 210 69 144
internal_value=0 0.0163122 7.10323e-05 -0.0179142 0.0317562 0.402449 -0.246495 1.02636 -1.98606 2.99 -0.502933 -5.91557 -4.17802 -0.327776 2.81872 4.30321 0.151008 -1.18786 0.319652 -2.56178 -0.46844 -3.74325 0.609833 -0.648439 1.17836 -3.54279 1.45968 2.52632 3.90985 0.154005
internal_weight=0 12964 12932 12886 12622 5412 7210 1209 451 199 6001 252 273 5728 758 487 271 2460 3268 299 126 64 2969 924 2045 115 1930 961 607 354
internal_count=12994 12964 12932 12886 12622 5412 7210 1209 451 199 6001 252 273 5728 758 487 271 2460 3268 299 126 64 2969 924 2045 115 1930 961 607 354
is_linear=0
shrinkage=0.5


Tree=17
num_leaves=31
num_cat=0
split_feature=15 12 26 26 22 36 0 22 28 34 38 12 22 36 0 23 19 22 36 28 11 26 24 28 0 10 24 23 11 28
split_gain=7089.53 10918.8 11599 7150.1 6151.37 5820.81 11828.5 12715.1 9794.99 7407.68 5482.52 6367.01 5271.6 17835 28502.4 19838.5 20790.2 17057 17061.3 23003.8 22996.8 17642.2 24345.2 15113.3 14884.9 13974.1 12407.4 11841.6 17437.5 12022.5
threshold=1701.5000000000002 341.07550275 74.984348300000008 75.421848300000008 1.9619100100000002 84.253948200000011 281.90600600000005 1.2900300050000002 0.34375000000000006 297.18900050000002 0.23449999800000002 324.08889995000004 1.2988250250000002 84.888851150000008 291.03100600000005 85.695301050000012 846.81250000000011 1.9912100450000001 79.174549100000021 0.65625000000000011 0.28027300550000006 75.203098300000008 4616.6850600000007 0.71875000000000011 287.21850600000005 1.0000000180025095e-35 4723.8100600000007 83.83589935000002 0.70019447800000012 0.28125000000000006
decision_type=2 2 2 2 2 2 2 2 2 2 2 2 2 2 2 2 2 2 2 2 2 2 2 2 2 2 2 2 2 2
left_child=10 3 -3 4 -2 6 9 -8 -7 -4 11 -1 -12 14 17 16 -16 18 -14 20 -20 22 -22 27 -23 -25 -21 28 29 -15
right_child=1 2 5 -5 -6 8 7 -9 -10 -11 12 -13 13 23 15 -17 -18 -19 19 26 21 24 -24 25 -26 -27 -28 -29 -30 -31
leaf_value=7.7681291500727339 5.440450391466598 -8.4828587785363201 -8.665468602344907 0.30344580919654279 -3.6737225048243998 -3.4949939357823339 2.8048667149618267 15.723281226158143 4.2411821479337259 2.5412271981438002 0.096030718257191755 0.95446058528290856 -0.78195097137202496 -19.853991162209283 -1.3456062182685304 -10.623710799861598 5.7313025978922143 -0.85976945799081883 -23.668110840850407 -1.1900897570527518 11.369899290800095 -22.690533991782896 -10.737736329887852 -2.7206913717091084 -8.2461590612573286 5.0143298644439449 -13.802353054905931 -0.16188780946098269 4.561307402451833 -5.7176845650065617
leaf_weight=45 249 40 29 135 20 145 80 25 57 30 8020 144 93 21 264 37 171 188 36 104 20 31 33 76 42 252 24 2500 30 53
leaf_count=45 249 40 29 135 20 145 80 25 57 30 8020 144 93 21 264 37 171 188 36 104 20 31 33 76 42 252 24 2500 30 53
internal_value=0 1.43238 -0.398846 3.27268 4.76282 0.484653 2.69762 5.88068 -1.31201 -2.96715 -0.0952258 2.57676 -0.137327 -0.608152 -2.38389 0.490965 1.43635 -4.76029 -6.67491 -8.56473 -12.5231 -9.33883 -2.39523 0.0235291 -14.3801 3.22207 -3.55489 -0.379359 -5.60704 -9.72934
internal_weight=0 810 406 404 269 366 164 105 202 59 12184 189 11995 3975 1043 472 435 571 383 290 162 126 53 2932 73 328 128 2604 104 74
internal_count=12994 810 406 404 269 366 164 105 202 59 12184 189 11995 3975 1043 472 435 571 383 290 162 126 53 2932 73 328 128 2604 104 74
is_linear=0
shrinkage=0.5


Tree=18
num_leaves=31
num_cat=0
split_feature=15 14 28 11 24 33 24 23 24 25 15 22 23 36 28 12 26 22 24 23 30 36 11 22 21 15 22 15 26 0
split_gain=5040.1 5534.3 5507.32 8951.48 5500.29 6839.52 7248.79 6112.31 5734.35 6476.86 7459.66 5720.35 5475.27 6107.27 8481.73 11522.1 7995.48 16235.9 6871.93 12401.4 8369.24 8439.64 6782.43 6565.02 6524.05 6115.21 6776.39 6056.37 6004.91 6813.69
threshold=867.50000000000011 1.0000000180025095e-35 -1.2812499999999998 0.35253849650000008 4466.1850600000007 428.34350600000005 4372.8100600000007 85.05464935000002 4194.9350600000007 159.75000000000003 1865.0000000000002 0.75683552050000003 84.89839935000002 83.872951500000013 0.21875000000000003 344.23785245000005 75.109348300000008 1.3798750050000002 5057.2500000000009 88.49214935000002 90.132801050000012 88.380947100000014 0.68554651750000006 0.99804502950000007 9.1388887777777814 1082.5000000000002 1.1249949950000002 1462.5000000000002 75.390598300000008 290.03100600000005
decision_type=2 2 2 2 2 2 2 2 2 2 2 2 2 2 2 2 2 2 2 2 2 2 2 2 2 2 2 2 2 2
left_child=-1 -2 3 -3 5 8 7 -7 -4 -10 -11 -8 27 14 16 28 23 22 20 -20 -15 -22 25 -14 -21 -18 -27 -6 -16 -30
right_child=1 2 4 -5 12 6 11 -9 9 10 -12 -13 13 18 15 -17 17 -19 19 24 21 -23 -24 -25 -26 26 -28 -29 29 -31
leaf_value=-0.29857862990423817 -7.0995626938343044 -12.651043097178141 -3.1148899279642794 -0.54620394110679626 1.1205236579777549 -2.8985543899200481 -3.8921710827520917 -10.430786580652804 10.198374041102149 0.47635326291045804 9.5283562207221983 0.22193473390151941 -2.3738988911112151 0.69751543302876118 -3.0242102342413975 0.3151156657616499 -3.6065576048124406 -8.521942513292295 15.18657957423817 4.4966372743737502 -0.98971641908830676 -11.199842280354993 4.7877901305754982 5.3396845139184244 -5.547011710703373 -0.14935631916510411 7.90382255277326 5.5980866749452636 -13.125811115289347 -3.8941046173979594
leaf_weight=6770 25 21 69 56 1715 99 112 37 22 254 25 344 36 2151 149 197 105 57 22 61 67 29 75 118 22 166 31 79 39 41
leaf_count=6770 25 21 69 56 1715 99 112 37 22 254 25 344 36 2151 149 197 105 57 22 61 67 29 75 118 22 166 31 79 39 41
internal_value=0 0.324771 0.354713 -3.84752 0.407567 -0.690056 -1.74404 -4.94776 0.996323 1.93876 1.28746 -0.788547 0.612202 0.236189 -0.789548 -2.48848 0.441314 -0.656981 0.678408 4.63205 0.493658 -4.07403 0.532151 3.53651 1.83447 -0.524713 1.1179 1.3177 -4.90032 -8.39456
internal_weight=0 6224 6199 77 6122 962 592 136 370 301 279 456 5160 3366 1014 426 588 434 2352 105 2247 96 377 154 83 302 197 1794 229 80
internal_count=12994 6224 6199 77 6122 962 592 136 370 301 279 456 5160 3366 1014 426 588 434 2352 105 2247 96 377 154 83 302 197 1794 229 80
is_linear=0
shrinkage=0.5


Tree=19
num_leaves=31
num_cat=0
split_feature=7 1 36 34 36 1 11 11 26 12 26 11 9 22 0 22 36 26 15 36 15 0 25 19 34 7 9 1 22 28
split_gain=4583.12 6250.29 4899.14 10947.6 29238.3 27725.4 14946.1 8366.03 8099.21 19221.2 9688.31 14481.3 9447.16 9204.38 9097.82 7885.63 8620.08 11896.1 7776.3 7724.21 8824.03 7344.02 7223.44 7144.05 6444.71 6390.12 6162.06 5991.1 5811.2 10380.1
threshold=78.414051050000012 1.0000000180025095e-35 97.142848950000015 271.72031500500003 89.142848950000015 1.0000000180025095e-35 0.61328101150000014 0.48242150250000004 75.140598300000008 309.99365085000005 75.515598300000008 0.57910099650000013 40.08979990000001 1.1943299800000002 296.71850600000005 0.91894447800000012 102.53900150000001 75.078098300000008 1462.5000000000002 100.88850000000001 1530.5000000000002 286.21850600000005 170.44999700000002 770.31250000000011 263.48593988500005 82.195301050000012 48.24604990000001 1.0000000180025095e-35 1.0371050250000002 -0.21874999999999997
decision_type=2 2 2 2 2 2 2 2 2 2 2 2 2 2 2 2 2 2 2 2 2 2 2 2 2 2 2 2 2 2
left_child=1 -1 3 4 5 6 -2 -6 9 -4 19 13 15 14 -12 -11 -17 -18 -9 22 25 -22 26 -5 -15 28 -10 -24 -21 -30
right_child=2 -3 8 23 7 -7 -8 18 10 12 11 -13 -14 24 -16 16 17 -19 -20 20 21 -23 27 -25 -26 -27 -28 -29 29 -31
leaf_value=11.043009348213673 -22.014605287994659 -1.0166023409526264 3.0858469713507719 -3.3080269219698728 1.6331436363182712 2.8184001872485336 -4.1183873832225801 4.5375699533203253 2.0645733904873671 -1.0455658429198795 -0.26522018116983498 -5.9726778729599994 -2.0676821245497288 5.3986014469906136 -8.6582655018451167 -5.8840287517098817 -23.43815635293722 -6.3993313931638287 13.798420677185058 3.8256830116113028 1.9012717008590698 -11.486376274199714 -7.7159872289214819 0.038941187474348063 -0.14254865635361447 5.3421854635159818 -4.439209548632304 -1.0069218809466536 -7.1732014989437056 1.6131466508226155
leaf_weight=22 28 21 131 162 327 44 20 243 191 45 88 149 299 81 51 85 20 21 25 150 20 21 56 10066 149 155 45 82 43 154
leaf_count=22 28 21 131 162 327 44 20 243 191 45 88 149 299 81 51 85 20 21 25 150 20 21 56 10066 149 155 45 82 43 154
internal_value=0 5.15343 -0.0171105 0.115707 2.04783 -6.24747 -14.5578 3.33047 -0.729145 -2.2701 -0.083768 -1.81234 -3.76293 -0.132423 -3.34468 -6.72715 -8.75628 -14.711 5.40146 0.892678 2.09702 -4.95582 -0.855866 -0.014071 1.8089 2.67304 0.824445 -3.72944 1.48078 -0.304686
internal_weight=0 43 12951 10915 687 92 48 595 2036 601 1435 518 470 369 139 171 126 41 268 917 543 41 374 10228 230 502 236 138 347 197
internal_count=12994 43 12951 10915 687 92 48 595 2036 601 1435 518 470 369 139 171 126 41 268 917 543 41 374 10228 230 502 236 138 347 197
is_linear=0
shrinkage=0.5


end of trees

feature_importances:
Column_24=79
Column_22=71
Column_0=57
Column_26=49
Column_36=45
Column_7=39
Column_28=37
Column_11=32
Column_1=31
Column_15=26
Column_23=26
Column_30=26
Column_19=19
Column_3=16
Column_12=9
Column_34=9
Column_25=6
Column_33=6
Column_9=5
Column_10=4
Column_17=4
Column_38=2
Column_14=1
Column_21=1

parameters:
[boosting: gbdt]
[objective: regression]
[metric: rmse,l2]
[tree_learner: serial]
[device_type: cpu]
[data: ]
[valid: ]
[num_iterations: 20]
[learning_rate: 0.5]
[num_leaves: 31]
[num_threads: -1]
[deterministic: 0]
[force_col_wise: 0]
[force_row_wise: 0]
[histogram_pool_size: -1]
[max_depth: 20]
[min_data_in_leaf: 20]
[min_sum_hessian_in_leaf: 0.001]
[bagging_fraction: 1]
[pos_bagging_fraction: 1]
[neg_bagging_fraction: 1]
[bagging_freq: 0]
[bagging_seed: 3]
[feature_fraction: 1]
[feature_fraction_bynode: 1]
[feature_fraction_seed: 2]
[extra_trees: 0]
[extra_seed: 6]
[early_stopping_round: 1000]
[first_metric_only: 0]
[max_delta_step: 0]
[lambda_l1: 0]
[lambda_l2: 0]
[linear_lambda: 0]
[min_gain_to_split: 0]
[drop_rate: 0.1]
[max_drop: 50]
[skip_drop: 0.5]
[xgboost_dart_mode: 0]
[uniform_drop: 0]
[drop_seed: 4]
[top_rate: 0.2]
[other_rate: 0.1]
[min_data_per_group: 100]
[max_cat_threshold: 32]
[cat_l2: 10]
[cat_smooth: 10]
[max_cat_to_onehot: 4]
[top_k: 20]
[monotone_constraints: ]
[monotone_constraints_method: basic]
[monotone_penalty: 0]
[feature_contri: ]
[forcedsplits_filename: ]
[refit_decay_rate: 0.9]
[cegb_tradeoff: 1]
[cegb_penalty_split: 0]
[cegb_penalty_feature_lazy: ]
[cegb_penalty_feature_coupled: ]
[path_smooth: 0]
[interaction_constraints: ]
[verbosity: -1]
[saved_feature_importance_type: 0]
[linear_tree: 0]
[max_bin: 255]
[max_bin_by_feature: ]
[min_data_in_bin: 3]
[bin_construct_sample_cnt: 200000]
[data_random_seed: 1]
[is_enable_sparse: 1]
[enable_bundle: 1]
[use_missing: 1]
[zero_as_missing: 0]
[feature_pre_filter: 1]
[pre_partition: 0]
[two_round: 0]
[header: 0]
[label_column: ]
[weight_column: ]
[group_column: ]
[ignore_column: ]
[categorical_feature: ]
[forcedbins_filename: ]
[precise_float_parser: 0]
[objective_seed: 5]
[num_class: 1]
[is_unbalance: 0]
[scale_pos_weight: 1]
[sigmoid: 1]
[boost_from_average: 1]
[reg_sqrt: 0]
[alpha: 0.9]
[fair_c: 1]
[poisson_max_delta_step: 0.7]
[tweedie_variance_power: 1.5]
[lambdarank_truncation_level: 30]
[lambdarank_norm: 1]
[label_gain: ]
[eval_at: ]
[multi_error_top_k: 1]
[auc_mu_weights: ]
[num_machines: 1]
[local_listen_port: 12400]
[time_out: 120]
[machine_list_filename: ]
[machines: ]
[gpu_platform_id: -1]
[gpu_device_id: -1]
[gpu_use_dp: 0]
[num_gpu: 1]

end of parameters

pandas_categorical:null
