tree
version=v3
num_class=1
num_tree_per_iteration=1
label_index=0
max_feature_idx=41
objective=regression
feature_names=Column_0 Column_1 Column_2 Column_3 Column_4 Column_5 Column_6 Column_7 Column_8 Column_9 Column_10 Column_11 Column_12 Column_13 Column_14 Column_15 Column_16 Column_17 Column_18 Column_19 Column_20 Column_21 Column_22 Column_23 Column_24 Column_25 Column_26 Column_27 Column_28 Column_29 Column_30 Column_31 Column_32 Column_33 Column_34 Column_35 Column_36 Column_37 Column_38 Column_39 Column_40 Column_41
feature_infos=[0:351.125] [0:1] none [0:76.406196600000001] none [0:1] none [76.6875:94.140602099999995] [0:1] [0:74.273399400000002] [0:1] [0.027343999599999998:2.0957000300000002] [279.67991008999996:369.40150299999999] [0:1] [0:1] [-297:2985] none [245.35000079999998:312.44999919999998] [0:1] [657.625:970.5] [0:1] [-17.277778000000001:285.072225] [0.083984002500000002:3.6503899099999999] [81.609298699999997:91.468696600000001] [3872.37012:6123.5] [0:193.10000600000001] [73.218696600000001:82.625] [0:1] [-2.3125:1.5625] none [81.281196600000001:94.234298699999997] [0:1] none [0:555.93701199999998] [244.58749999999998:311.1030983] [0:1] [70.571403500000002:124.98400100000001] none [0.20100000500000001:0.30399999] none [0:1] none
tree_sizes=2878 2903 2903 2920 2921 2905 2950 2922 2910 2905 2910 2884 2942 2901 2912 2904 2932 2896 2913 2899

Tree=0
num_leaves=31
num_cat=0
split_feature=28 26 22 26 23 28 24 24 30 28 28 23 28 36 36 26 26 30 36 1 22 11 28 23 24 19 28 30 28 24
split_gain=37.5827 16.8802 16.5191 7.56058 6.31536 6.23318 4.20838 3.68672 4.33324 3.32668 2.89686 2.85986 2.87255 2.70866 2.36111 2.26195 2.25121 2.23593 2.11793 2.09053 1.97933 1.72079 1.56517 1.55739 1.45375 1.43333 1.36408 1.32822 1.32218 1.34211
threshold=0.34375000000000006 75.015598300000008 1.2451150400000002 74.703098300000008 84.99214935000002 -1.0000000180025095e-35 4635.3100600000007 4750.8100600000007 88.820301050000012 1.0000000180025095e-35 0.71875000000000011 85.632801050000012 -0.15624999999999997 89.142848950000015 86.095150000000004 75.390598300000008 75.234348300000008 90.17964935000002 84.063449850000012 1.0000000180025095e-35 0.89746052050000003 0.63769447800000012 0.21875000000000003 85.11714935000002 4704.8100600000007 811.56250000000011 0.78125000000000011 87.663997650000013 -0.65624999999999989 4957.4350600000007
decision_type=2 2 2 2 2 2 2 2 2 2 2 2 2 2 2 2 2 2 2 2 2 2 2 2 2 2 2 2 2 2
left_child=3 17 6 20 5 27 14 8 -7 11 13 12 -6 23 15 26 -8 -2 24 -12 -1 -15 -10 -4 -11 -16 -3 -5 29 -13
right_child=1 2 10 4 9 7 16 -9 22 18 19 28 -14 21 25 -17 -18 -19 -20 -21 -22 -23 -24 -25 -26 -27 -28 -29 -30 -31
leaf_value=0.049385432491616907 -0.10266744478799437 0.068366995108383177 -0.0057748063340287339 0.065968688795816202 0.090311181820229083 0.021205146919694377 -0.051969590169400295 -0.013889168570535463 0.084003971401095237 0.043630569111001771 -0.061762791774174104 0.062332259346719078 0.027513482690650782 -0.044318562598055791 0.01632147056052163 0.0080001562152647553 -0.0046984019698510905 0.019982973833413804 -0.015645701108234097 -0.126098353005586 -0.096969900701200332 -0.092757975393835262 0.045174031202536762 -0.082181857024226299 -0.020889385622293019 -0.028451125165067558 9.4535230830238904e-05 0.11571242568850362 0.00034403678266411747 0.010287976216167909
leaf_weight=27 787 460 460 263 272 1372 356 371 504 307 308 212 551 474 466 399 861 39 1201 214 160 299 535 78 122 290 87 274 947 298
leaf_count=27 787 460 460 263 272 1372 356 371 504 307 308 212 551 474 466 399 861 39 1201 214 160 299 535 78 122 290 87 274 947 298
internal_value=0.000102164 -0.0309033 -0.0194357 0.0234232 0.0259909 0.0420312 0.00392517 0.0325114 0.0396514 0.012375 -0.0566373 0.0247064 0.048268 -0.0440948 0.0199789 0.036627 -0.0185263 -0.0968764 -0.00487387 -0.0881379 -0.0758384 -0.0630552 0.0640097 -0.0168524 0.0252822 -0.000853202 0.0575083 0.09135 0.0113974 0.0319221
internal_weight=0 5578 4752 7416 7229 3319 2919 2782 2411 3910 1833 2280 823 1311 1702 946 1217 826 1630 522 187 773 1039 538 429 756 547 537 1457 510
internal_count=12994 5578 4752 7416 7229 3319 2919 2782 2411 3910 1833 2280 823 1311 1702 946 1217 826 1630 522 187 773 1039 538 429 756 547 537 1457 510
is_linear=0
shrinkage=1


Tree=1
num_leaves=31
num_cat=0
split_feature=28 26 22 22 24 26 26 28 30 26 1 19 26 36 11 28 30 36 10 13 28 36 30 26 1 1 26 26 11 23
split_gain=10.0275 4.13521 4.70585 4.12169 2.9809 2.95923 2.93297 2.01825 1.76137 1.74669 1.67599 1.52629 1.09748 1.14296 1.13688 1.21158 1.04434 1.03986 0.885363 1.17646 1.01719 0.856363 0.814333 0.794703 1.0209 0.781284 1.30042 1.14509 1.39364 0.748201
threshold=0.40625000000000006 74.984348300000008 1.4062450500000001 1.1630800350000003 4637.1850600000007 74.640598300000008 75.390598300000008 0.15625000000000003 87.820301050000012 75.453098300000008 1.0000000180025095e-35 842.06250000000011 75.171848300000008 100.12649900000001 0.56933549050000021 0.15625000000000003 90.02339935000002 85.079349500000021 1.0000000180025095e-35 1.0000000180025095e-35 -1.0000000180025095e-35 84.444396950000012 90.39839935000002 75.171848300000008 1.0000000180025095e-35 1.0000000180025095e-35 75.359348300000008 75.203098300000008 0.54003849600000009 85.17964935000002
decision_type=2 2 2 2 2 2 2 2 2 2 2 2 2 2 2 2 2 2 2 2 2 2 2 2 2 2 2 2 2 2
left_child=3 21 11 4 8 -5 12 29 18 10 -10 17 13 -7 -14 -16 -9 23 20 -20 -1 -2 -13 24 -3 26 -4 -27 -29 -6
right_child=1 2 25 5 7 6 -8 16 9 -11 -12 22 14 -15 15 -17 -18 -19 19 -21 -22 -23 -24 -25 -26 27 -28 28 -30 -31
leaf_value=0.033645963341556916 -0.073618632239446632 0.075745105978195407 0.0032807307485627998 -0.075596696331545157 0.036461097335777098 0.0040610515949718699 -0.025382273183198825 -0.016992511734167666 0.078108878270772258 0.023333813310866938 0.027342573450505551 -0.01935019236641787 0.0065590116857956633 -0.044693657619063742 0.054903054864130718 -0.0014077188216037768 0.026300514232009006 -0.0021537502836400987 0.020954996426469506 0.081310818700686752 -0.00039860822543864275 -0.03619196490483946 0.051715974488096048 0.013905411800054418 -0.028875984404043389 -0.077544965006441605 -0.043573719027038778 -0.001812090882514086 -0.062822899736392379 0.010873005952134362
leaf_weight=326 338 119 238 135 439 1168 845 866 472 557 248 1002 628 134 339 133 166 1063 271 115 671 279 42 542 29 244 392 180 195 818
leaf_count=326 338 119 238 135 439 1168 845 866 472 557 248 1002 628 134 339 133 166 1063 271 115 671 279 42 542 29 244 392 180 195 818
internal_value=0 -0.0185656 -0.0127511 0.0103915 0.0195851 -0.00306187 -4.61024e-05 0.00635689 0.0309684 0.0443581 0.0606227 -0.00135619 0.00886691 -0.000956714 0.0204945 0.0390358 -0.0100287 0.00765748 0.018605 0.0389367 0.0107333 -0.0566947 -0.0164912 0.0227725 0.055245 -0.0382688 -0.0258731 -0.0508847 -0.0335377 0.0198095
internal_weight=0 4663 4046 8331 4949 3382 3247 2289 2660 1277 720 2797 2402 1302 1100 472 1032 1753 1383 386 997 617 1044 690 148 1249 630 619 375 1257
internal_count=12994 4663 4046 8331 4949 3382 3247 2289 2660 1277 720 2797 2402 1302 1100 472 1032 1753 1383 386 997 617 1044 690 148 1249 630 619 375 1257
is_linear=0
shrinkage=0.5


Tree=2
num_leaves=31
num_cat=0
split_feature=28 26 23 36 1 26 26 24 26 22 30 28 26 22 24 22 11 23 11 1 36 24 3 3 3 28 28 23 30 26
split_gain=2.98243 2.47001 2.05845 1.85947 1.96123 4.10488 2.58019 1.30567 1.29503 1.09553 0.969438 0.981944 0.940066 0.91011 0.879654 0.82096 0.730414 0.715051 0.67206 0.621323 0.618588 0.609113 0.608269 0.604832 0.661573 0.557181 0.511442 0.580416 0.507809 0.492527
threshold=0.21875000000000003 74.765598300000008 85.127498650000021 91.428546900000015 1.0000000180025095e-35 75.171848300000008 75.109348300000008 4836.5600600000007 75.515598300000008 1.1152300250000002 87.601497650000013 0.093750000000000014 74.921848300000008 1.4238250250000002 4386.3100600000007 1.1152300250000002 0.7333979905000001 84.71089935000002 0.33691349650000008 1.0000000180025095e-35 89.20634840000001 4569.9350600000007 57.980400100000004 1.0000000180025095e-35 18.261699700000005 -1.4062499999999998 -0.34374999999999994 87.14839935000002 90.14839935000002 75.359348300000008
decision_type=2 2 2 2 2 2 2 2 2 2 2 2 2 2 2 2 2 2 2 2 2 2 2 2 2 2 2 2 2 2
left_child=2 -2 7 4 6 -6 15 10 22 23 21 -12 26 25 -5 -3 -11 -13 19 -16 -15 -1 28 -7 -25 -14 27 -4 -8 -27
right_child=1 3 12 14 5 9 8 -9 -10 16 11 17 13 20 18 -17 -18 -19 -20 -21 -22 -23 -24 24 -26 29 -28 -29 -30 -31
leaf_value=0.016716089765566062 -0.047625583038704157 0.062709107884897614 0.032847099809996075 -0.00057874362887973393 -0.036711938566865443 0.030957477630064668 0.0062496802567438055 -0.025982439122616326 -0.013921163272227874 -0.0030690443409452915 0.043001450143593606 0.046858640802522916 0.061644459305250129 0.0066325681700469489 -0.029129855398451959 0.022384068902410601 -0.045342282829736187 0.0087648380727981794 -0.03349516576983487 0.010505478307193077 -0.024512065069005905 -0.011170170799289281 0.07911162382515613 -0.029840521828472528 0.012130893609646705 0.013766150746453262 -0.059084694266465364 -0.064625207024315998 0.036970667949256797 -0.0023764347807592183
leaf_weight=833 348 241 42 484 917 358 1303 154 811 441 720 157 46 244 191 265 133 572 862 205 460 256 32 110 641 976 102 24 150 916
leaf_count=833 348 241 42 484 917 358 1303 154 811 441 720 157 46 244 191 265 133 572 862 205 460 256 32 110 641 976 102 24 150 916
internal_value=0 -0.0064915 0.00883939 -0.00448777 9.30244e-05 -0.00979715 0.00927021 0.0187203 0.00214741 0.00486765 0.0214327 0.0299043 -0.000626575 0.00167956 -0.018693 0.0415903 -0.0128641 0.0169689 -0.0256622 -0.00861156 -0.0137176 0.0101606 0.0109229 0.0140453 0.00598328 0.00727275 -0.0368932 -0.00259738 0.00942115 0.00595082
internal_weight=0 7492 5502 7144 5402 2600 2802 2692 2296 1683 2538 1449 2810 2642 1742 506 574 729 1258 396 704 1089 1485 1109 751 1938 168 66 1453 1892
internal_count=12994 7492 5502 7144 5402 2600 2802 2692 2296 1683 2538 1449 2810 2642 1742 506 574 729 1258 396 704 1089 1485 1109 751 1938 168 66 1453 1892
is_linear=0
shrinkage=0.5


Tree=3
num_leaves=31
num_cat=0
split_feature=28 23 28 23 22 23 24 26 11 30 26 19 36 1 24 11 24 28 24 28 36 1 30 1 28 9 21 26 24 3
split_gain=1.07571 1.60173 1.51541 1.29305 0.942765 0.765743 0.697111 0.766071 0.604882 0.568913 0.711793 0.609941 0.592247 0.458548 0.448818 0.439026 0.382446 0.374741 0.494195 0.636186 0.532042 0.36744 0.355216 0.349082 0.343159 0.336395 0.313017 0.307422 0.294021 0.291212
threshold=-0.093749999999999986 84.67964935000002 0.46875000000000006 86.101497650000013 1.0693300350000003 85.77339935000002 4703.0600600000007 75.203098300000008 0.42578099650000006 89.58589935000002 75.484348300000008 829.18750000000011 96.952350600000003 1.0000000180025095e-35 4462.1850600000007 0.59374949350000017 4486.5600600000007 -1.4062499999999998 5124.4350600000007 -0.65624999999999989 92.444396950000012 1.0000000180025095e-35 90.382801050000012 1.0000000180025095e-35 0.21875000000000003 31.378850000000003 6.4722222777777789 74.609348300000008 4687.8100600000007 6.7968699950000007
decision_type=2 2 2 2 2 2 2 2 2 2 2 2 2 2 2 2 2 2 2 2 2 2 2 2 2 2 2 2 2 2
left_child=3 2 13 15 6 8 9 -8 29 11 23 12 16 -2 -14 -1 -3 -5 19 26 -21 24 -15 -11 -10 -23 -19 -4 -22 -6
right_child=1 4 27 17 5 -7 7 -9 21 10 -12 -13 14 22 -16 -17 -18 18 -20 20 28 25 -24 -25 -26 -27 -28 -29 -30 -31
leaf_value=0.010723817289269079 0.024340667148109837 0.026020894266990321 -0.033350092526234221 0.037590624527850496 0.0082507238094725235 -0.051313476282034497 -0.034493179578034217 -0.0030377714728763278 0.0077631685719798003 0.046803197713551466 -0.011613499126754807 -0.013285593348379402 0.0024493341326351035 0.0058750974705172139 -0.03835855329284308 0.032420257580898323 0.0052584969037405109 0.015374457878820087 -0.024896671713812223 0.011497404710595387 -0.00043580361715593965 -0.011239209001424385 0.056692503295683615 0.0094854498252351874 -0.01542428348542637 -0.030839245981901499 0.063772575971551046 -0.001743025699622429 -0.028764712399565479 -0.0076607412527283291
leaf_weight=389 959 280 80 60 384 122 280 627 213 188 120 609 149 768 123 582 1067 233 209 249 147 339 36 94 636 618 39 2006 243 1145
leaf_count=389 959 280 80 60 384 122 280 627 213 188 120 609 149 768 123 582 1067 233 209 249 147 339 36 94 636 618 39 2006 243 1145
internal_value=0 -0.00202624 0.00616555 0.0102141 -0.00653442 -0.0124063 -0.000795355 -0.0127484 -0.010983 0.00332685 0.0206393 0.000203137 0.00527703 0.0169573 -0.0160042 0.0237283 0.00957436 -0.00090646 -0.0029688 0.00206185 -0.00655874 -0.0171789 0.0081505 0.0343639 -0.00960694 -0.0238963 0.0223139 -0.00295519 -0.0180869 -0.00366466
internal_weight=0 10843 3849 2151 6994 3457 3537 907 3335 2630 402 2228 1619 1763 272 971 1347 1180 1120 911 639 1806 804 282 849 957 272 2086 390 1529
internal_count=12994 10843 3849 2151 6994 3457 3537 907 3335 2630 402 2228 1619 1763 272 971 1347 1180 1120 911 639 1806 804 282 849 957 272 2086 390 1529
is_linear=0
shrinkage=0.5


Tree=4
num_leaves=31
num_cat=0
split_feature=28 23 26 26 11 1 3 26 36 1 26 3 34 22 22 28 10 11 1 3 36 26 1 1 19 26 28 11 11 11
split_gain=0.484796 0.73458 0.475355 1.12118 1.23563 0.555883 0.72887 0.624487 0.536992 0.422052 0.850669 0.521077 0.466833 0.588352 0.371438 0.356156 0.636498 0.475191 0.389215 0.350745 0.347625 0.449401 0.56269 0.489545 0.455126 0.412794 0.474106 0.399968 0.396655 0.336222
threshold=0.78125000000000011 83.89839935000002 75.359348300000008 75.171848300000008 0.37206999950000003 1.0000000180025095e-35 47.734300650000002 75.015598300000008 96.190448750000016 1.0000000180025095e-35 74.859348300000008 49.609300650000002 267.87656488500005 1.2109349950000003 0.7958979905000001 0.21875000000000003 1.0000000180025095e-35 0.3964840025000001 1.0000000180025095e-35 8.8281197550000012 89.015850050000012 75.453098300000008 1.0000000180025095e-35 1.0000000180025095e-35 739.56250000000011 75.421848300000008 1.0000000180025095e-35 0.50585901750000006 0.56933549050000021 0.41015599700000005
decision_type=2 2 2 2 2 2 2 2 2 2 2 2 2 2 2 2 2 2 2 2 2 2 2 2 2 2 2 2 2 2
left_child=1 -1 3 4 5 6 8 -7 -3 10 12 14 13 -6 -12 17 -17 -5 -18 -9 25 23 27 24 -22 26 -4 -23 -25 -24
right_child=-2 2 20 15 9 7 -8 19 -10 -11 11 -13 -14 -15 -16 16 18 -19 -20 -21 21 22 29 28 -26 -27 -28 -29 -30 -31
leaf_value=0.020581030776536485 -0.010657985844313706 0.017486042172024104 0.047903749289066898 0.0037352790573177944 0.087834971025586128 0.014827974571311469 0.045731746757534997 0.013421325046938899 -0.024787896197583332 -0.017524663742051416 0.027511353636345 0.036702695680281318 -0.029677565326671717 -0.014556130286593466 -0.0050063429399518355 -0.002631535125373838 -0.0010067481708552449 0.022202717125174354 0.02859351236809236 -0.023087973210358947 0.057394313800614327 -0.022908865137919551 0.015977635607013079 -0.012545550774782897 -0.0080304445841966592 -0.0023584444277118923 0.0061285222324753722 -0.00071258510840205877 -0.040465571149432146 -0.0046513455745346034
leaf_weight=455 986 359 86 550 20 336 187 85 95 1072 106 119 338 47 512 1018 164 950 344 291 32 441 409 250 157 2245 323 376 259 382
leaf_count=455 986 359 86 550 20 336 187 85 95 1072 106 119 338 47 512 1018 164 950 344 291 32 441 409 250 157 2245 323 376 259 382
internal_value=0 0.000875148 9.90569e-05 0.00288089 -0.0031246 0.00877967 0.019461 -0.0008365 0.00864017 -0.0103994 -0.00371093 0.00640512 -0.0221196 0.0160084 0.000571126 0.00996006 0.00458202 0.0154313 0.0190375 -0.0148345 -0.00359865 -0.00808926 -0.00349049 -0.0186836 0.00304676 0.000303138 0.0149126 -0.0126937 -0.0267524 0.00601522
internal_weight=0 12008 11553 6593 3567 1353 641 712 454 2214 1142 737 405 67 618 3026 1526 1500 508 376 4960 2306 1608 698 189 2654 409 817 509 791
internal_count=12994 12008 11553 6593 3567 1353 641 712 454 2214 1142 737 405 67 618 3026 1526 1500 508 376 4960 2306 1608 698 189 2654 409 817 509 791
is_linear=0
shrinkage=0.5


Tree=5
num_leaves=31
num_cat=0
split_feature=9 28 23 23 23 30 30 28 23 19 26 24 30 19 13 3 26 7 9 1 28 23 28 36 22 10 23 28 28 23
split_gain=0.328693 0.319422 0.431455 0.375888 0.26113 0.266413 0.245611 0.234434 0.239018 0.212114 0.228283 0.206125 0.201483 0.19516 0.272499 0.25285 0.219388 0.194523 0.184046 0.182098 0.180322 0.175314 0.172983 0.168808 0.162241 0.228397 0.162072 0.337793 0.231042 0.239448
threshold=1.0000000180025095e-35 -0.21874999999999997 86.413997650000013 86.382801050000012 84.851497650000013 90.476497650000013 83.882801050000012 -0.96874999999999989 88.30464935000002 811.56250000000011 75.390598300000008 4547.6850600000007 88.288997650000013 712.93750000000011 1.0000000180025095e-35 43.33979990000001 75.484348300000008 85.976497650000013 40.08979990000001 1.0000000180025095e-35 0.40625000000000006 88.92964935000002 -0.46874999999999994 94.857051850000019 1.2451150400000002 1.0000000180025095e-35 84.55464935000002 0.53125000000000011 0.28125000000000006 85.11714935000002
decision_type=2 2 2 2 2 2 2 2 2 2 2 2 2 2 2 2 2 2 2 2 2 2 2 2 2 2 2 2 2 2
left_child=9 2 18 4 5 13 19 21 23 10 12 24 -1 16 15 -15 -3 -7 22 -6 -16 -4 -2 -9 25 -8 27 -11 29 -28
right_child=1 3 7 -5 6 17 11 8 -10 26 -12 -13 -14 14 20 -17 -18 -19 -20 -21 -22 -23 -24 -25 -26 -27 28 -29 -30 -31
leaf_value=0.013089634710740369 0.014682082415674813 0.039242869276823779 0.023274757533394932 -0.036083168503301705 -0.0033270400925539435 0.062250074647766142 0.0010517819000649597 0.0039389950305121603 -0.044676428775872204 0.023128494738170777 0.0026504801910269601 -0.0073336131874299935 0.038910136959836535 -0.014203924237017787 0.0045608036334813 0.032353463372395884 -0.01475713042519702 0.011054277752621354 0.020109164855027721 -0.041885423069599505 -0.0027083312787925169 -0.0061888014619600855 -0.015333758486944828 -0.016900925246768301 -0.0062270617726761356 0.023735567595865842 0.013324761983717822 0.00052293154485346489 -0.004709629569060853 -0.0021354052052242698
leaf_weight=319 112 62 115 84 50 28 521 200 45 254 415 2428 99 492 1654 31 27 55 461 79 1762 90 84 189 475 141 494 473 1247 508
leaf_count=319 112 62 115 84 50 28 521 200 45 254 415 2428 99 492 1654 31 27 55 461 79 1762 90 84 189 475 141 494 473 1247 508
internal_value=0 -0.00161942 0.00565538 -0.00281452 -0.00245647 0.00028502 -0.00550744 -0.00359516 -0.0101772 0.00390506 0.0109576 -0.00473189 0.019205 -0.000292768 -0.000815914 -0.0114443 0.0228608 0.0283251 0.0146525 -0.0269403 0.000811326 0.0103395 0.00181815 -0.00618631 0.000823957 0.00588322 0.00193102 0.00842089 -0.000166857 0.00548667
internal_weight=0 9185 1296 7889 7805 4111 3694 639 434 3809 833 3565 418 4028 3939 523 89 83 657 129 3416 205 196 389 1137 662 2976 727 2249 1002
internal_count=12994 9185 1296 7889 7805 4111 3694 639 434 3809 833 3565 418 4028 3939 523 89 83 657 129 3416 205 196 389 1137 662 2976 727 2249 1002
is_linear=0
shrinkage=0.5


Tree=6
num_leaves=31
num_cat=0
split_feature=19 30 11 1 36 26 1 22 22 24 28 26 1 10 3 17 23 1 21 10 28 22 12 36 33 28 23 28 28 26
split_gain=0.265489 0.421792 0.304076 0.259542 0.284983 0.242219 0.229632 0.239637 0.18016 0.247917 0.216856 0.370882 0.264088 0.207011 0.199623 0.198536 0.197602 0.204929 0.179384 0.176891 0.208329 0.174869 0.196759 0.272537 0.166262 0.161387 0.352608 0.330968 0.208663 0.170419
threshold=851.06250000000011 89.882801050000012 0.80566352600000013 1.0000000180025095e-35 101.96799850000001 75.578098300000008 1.0000000180025095e-35 0.96484300500000009 1.5312450500000001 4581.8100600000007 0.15625000000000003 75.421848300000008 1.0000000180025095e-35 1.0000000180025095e-35 51.328100250000013 290.40000000000003 84.507801050000012 1.0000000180025095e-35 11.638888777777781 1.0000000180025095e-35 -0.15624999999999997 0.74316352600000013 318.30625000000003 94.222148900000022 416.65600600000005 -1.2187499999999998 86.83589935000002 -0.34374999999999994 0.093750000000000014 75.359348300000008
decision_type=2 2 2 2 2 2 2 2 2 2 2 2 2 2 2 2 2 2 2 2 2 2 2 2 2 2 2 2 2 2
left_child=1 2 5 -4 -5 8 -7 -8 9 16 -11 13 -13 14 -12 -14 -1 21 -3 20 -19 -18 -23 -24 -10 -2 28 -28 -27 -29
right_child=25 18 3 4 -6 6 7 -9 24 10 11 12 15 -15 -16 -17 17 19 -20 -21 -22 22 23 -25 -26 26 27 29 -30 -31
leaf_value=0.015112024981425521 0.018396899544944365 0.028309962602883976 -0.00094930752304610581 -0.009531602099802354 -0.038231213024919941 -0.0098814956660597374 0.014698580344964284 -0.0061376399607979693 -0.015203131350795672 0.0061465821240557616 -0.014284186417614647 -0.0026594128703995314 0.034629711534542931 0.0052077400419816315 0.0095366164207025764 0.0069198202499673282 9.9008782088887147e-06 0.016002250061192002 0.0087041314507737416 0.0099112799868332022 -0.0079650188315837523 0.031958690395995755 0.016674142831759484 -0.012878748761123103 -0.00012558756422490028 0.0079709083879867977 -0.013378531116348527 -0.080704500672943658 -0.0052935452511195342 -0.022212728485465051
leaf_weight=640 75 142 741 419 109 842 250 308 211 1093 788 293 116 230 99 146 271 107 654 318 594 137 368 99 1370 348 170 33 2003 20
leaf_count=640 75 142 741 419 109 842 250 308 211 1093 788 293 116 230 99 146 271 107 654 318 594 137 368 99 1370 348 170 33 2003 20
internal_value=0 0.00114366 0.000221873 -0.00698533 -0.0154563 0.00132645 -0.00466855 0.00319758 0.00254637 0.00394394 0.000669914 -0.00291023 0.00765429 -0.00815939 -0.0116255 0.0191883 0.00751642 0.0049498 0.0122017 0.00013033 -0.00430668 0.0105624 0.0152971 0.0104092 -0.00213783 -0.00446628 -0.00513246 -0.0241339 -0.00333011 -0.0586321
internal_weight=0 10345 9549 1269 528 8280 1400 558 6880 5299 2765 1672 555 1117 887 262 2534 1894 796 1019 701 875 604 467 1581 2649 2574 223 2351 53
internal_count=12994 10345 9549 1269 528 8280 1400 558 6880 5299 2765 1672 555 1117 887 262 2534 1894 796 1019 701 875 604 467 1581 2649 2574 223 2351 53
is_linear=0
shrinkage=0.5


Tree=7
num_leaves=31
num_cat=0
split_feature=15 30 12 26 1 22 19 33 19 28 26 36 24 11 11 22 36 28 30 24 36 22 23 28 23 0 24 36 12 11
split_gain=0.227051 0.184499 0.339037 0.171397 0.224272 0.5027 0.183061 0.166636 0.156693 0.206393 0.146769 0.171241 0.150375 0.154866 0.146803 0.174246 0.166485 0.186792 0.231395 0.136984 0.12882 0.151683 0.122243 0.116344 0.160935 0.137715 0.224327 0.291073 0.14775 0.122452
threshold=933.50000000000011 86.132801050000012 323.27570000000003 75.078098300000008 1.0000000180025095e-35 1.1630800350000003 706.43750000000011 393.96850600000005 922.62500000000011 -1.5312499999999998 75.203098300000008 90.412647250000006 4612.6850600000007 0.38574150200000007 0.36621049050000004 0.47558550550000006 86.03170015000002 1.0000000180025095e-35 88.695301050000012 4238.8750000000009 84.825351700000013 0.99804502950000007 84.64839935000002 0.90625000000000011 84.24214935000002 289.15600600000005 4684.3100600000007 88.190448750000016 336.01565015000006 0.21679650250000002
decision_type=2 2 2 2 2 2 2 2 2 2 2 2 2 2 2 2 2 2 2 2 2 2 2 2 2 2 2 2 2 2
left_child=1 3 -3 4 5 22 -5 -8 9 -2 12 14 -11 20 -12 -16 17 18 -17 -9 -14 -22 -1 24 -4 -26 27 29 -29 -27
right_child=8 2 23 6 -6 -7 7 19 -10 10 11 -13 13 -15 15 16 -18 -19 -20 -21 21 -23 -24 -25 25 26 -28 28 -30 -31
leaf_value=0.083244374554072104 0.048302186172804795 0.013774791719208557 0.010558847517610701 0.018131577053095382 -0.0056507553038399137 -0.0026390739818860855 -0.023505315024304939 0.018587742393966607 -0.043753694337995155 -0.001499812740863026 -0.0038233916518828166 -0.0064897703020007263 -0.012159386199667867 -0.016325977498972181 -0.0096991527611862693 -0.017251344800960005 4.97309463646482e-05 0.0067924133073783413 0.031951527785374308 -0.0061393928035918038 -0.014729104213984101 0.014589103639722658 0.038167824155710336 -0.0079725386243635083 -0.0052247264594057902 -0.0056083912185794851 -0.001645574861225195 0.0022289630335517599 -0.01361882293090697 0.011880549830359199
leaf_weight=21 20 651 524 78 180 107 134 59 23 878 821 899 208 523 192 28 595 602 163 1105 64 142 53 294 686 109 1809 608 194 1224
leaf_count=21 20 651 524 78 180 107 134 59 23 878 821 899 208 523 192 28 595 602 163 1105 64 142 53 294 686 109 1809 608 194 1224
internal_value=0 0.00169572 0.00299048 -0.00285048 0.00684629 0.0192743 -0.00539448 -0.00680822 -0.00257612 -0.00239168 -0.0025899 -0.000603594 -0.00620137 -0.0106069 0.00160035 0.00441864 0.00637153 0.0111149 0.0247385 -0.00488604 -0.00338203 0.00548053 0.0509598 0.00170182 0.00225368 0.00131374 0.00245101 0.00592208 -0.00160454 0.0104505
internal_weight=0 7836 6099 1737 361 181 1376 1298 5158 5135 5115 3300 1815 937 2401 1580 1388 793 191 1164 414 206 74 5448 5154 4630 3944 2135 802 1333
internal_count=12994 7836 6099 1737 361 181 1376 1298 5158 5135 5115 3300 1815 937 2401 1580 1388 793 191 1164 414 206 74 5448 5154 4630 3944 2135 802 1333
is_linear=0
shrinkage=0.5


Tree=8
num_leaves=31
num_cat=0
split_feature=13 28 23 23 1 3 28 3 24 11 1 30 36 19 36 22 30 19 28 26 22 11 25 23 36 26 28 22 10 23
split_gain=0.153888 0.260678 0.28784 0.143598 0.281086 0.268918 0.140164 0.192593 0.181171 0.171118 0.142387 0.137811 0.149564 0.145485 0.134804 0.133595 0.140359 0.178582 0.13165 0.122435 0.163653 0.14012 0.156771 0.12037 0.141439 0.221612 0.1178 0.123245 0.116323 0.165702
threshold=1.0000000180025095e-35 -0.34374999999999994 87.257801050000012 85.288997650000013 1.0000000180025095e-35 53.093698500000009 0.28125000000000006 47.867149350000005 4799.3100600000007 0.44824150200000007 1.0000000180025095e-35 90.21089935000002 82.03170015000002 858.43750000000011 78.03170015000002 0.59960901750000006 87.14839935000002 811.56250000000011 -0.53124999999999989 75.421848300000008 0.79785150300000007 0.37206999950000003 175.55000300000003 83.163997650000013 102.15850050000002 75.171848300000008 -1.2187499999999998 0.74316352600000013 1.0000000180025095e-35 84.476497650000013
decision_type=2 2 2 2 2 2 2 2 2 2 2 2 2 2 2 2 2 2 2 2 2 2 2 2 2 2 2 2 2 2
left_child=23 2 18 6 5 19 7 15 11 -10 -9 28 14 -14 -13 -3 -17 -18 -2 20 -5 -22 -23 -1 -25 -26 -4 -28 -8 -30
right_child=1 3 26 4 -6 -7 8 10 9 -11 -12 12 13 -15 -16 16 17 -19 -20 -21 21 22 -24 24 25 -27 27 -29 29 -31
leaf_value=0.016231093381183229 0.036588064812148283 -0.0034598945357029679 0.014456746827893179 0.027505359651756957 -0.010991121885340766 0.038599077821234049 -0.0034141703452271075 0.0023440229394327615 0.017015833413164247 -0.011841653595463587 -0.011497066343341031 -0.00079792259176346392 0.012981548160314559 -0.022292830658619079 0.029709159811936156 0.00030763124707222276 0.019417605686845862 0.0063157433205252266 0.014375958477785389 -0.0083661213458750376 0.017366620538013286 -0.011102385149255546 0.033544525572903112 -0.0036434767202685784 -0.037734237711137049 -0.0059656902164269632 0.018929247341917029 -0.013881879624358977 0.011668754750671917 -0.0011295262086456041
leaf_weight=62 95 414 85 71 790 49 3927 400 245 65 347 55 60 57 106 726 312 1563 224 252 89 185 22 958 85 155 35 157 331 1072
leaf_count=62 95 414 85 71 790 49 3927 400 245 65 347 55 60 57 106 726 312 1563 224 252 89 185 22 958 85 155 35 157 331 1072
internal_value=0 0.00056385 0.0107516 1.86965e-05 -0.00460723 0.00294258 0.000715453 0.00310177 -0.000801501 0.0109651 -0.00408551 -0.00145194 0.00940103 -0.00420341 0.0192875 0.0048825 0.00621036 0.00849589 0.0209908 0.000120009 0.005947 0.000775904 -0.0063573 -0.00525096 -0.00636272 -0.0172171 -0.0010401 -0.00790068 -0.002018 0.00188988
internal_weight=0 11734 596 11138 1458 668 9680 3762 5918 310 747 5608 278 117 161 3015 2601 1875 319 619 367 296 207 1260 1198 240 277 192 5330 1403
internal_count=12994 11734 596 11138 1458 668 9680 3762 5918 310 747 5608 278 117 161 3015 2601 1875 319 619 367 296 207 1260 1198 240 277 192 5330 1403
is_linear=0
shrinkage=0.5


Tree=9
num_leaves=31
num_cat=0
split_feature=24 26 36 28 0 26 26 24 22 11 26 24 30 36 33 24 22 26 36 22 24 30 26 36 24 26 11 11 28 0
split_gain=0.108229 0.14067 0.171707 0.122136 0.119015 0.249267 0.155884 0.133019 0.127487 0.165058 0.124923 0.116212 0.184236 0.25807 0.175181 0.13678 0.182773 0.173723 0.133571 0.120096 0.114635 0.186538 0.112671 0.133166 0.151914 0.125839 0.143512 0.106776 0.105322 0.134166
threshold=4386.3100600000007 75.359348300000008 97.142848950000015 0.59375000000000011 288.90600600000005 74.984348300000008 75.203098300000008 4712.5600600000007 1.2861250050000002 0.32812450850000002 75.265598300000008 4684.3100600000007 88.92964935000002 85.714252450000018 487.40600600000005 4635.3100600000007 1.1943299800000002 75.546848300000008 79.428546900000015 0.85937449350000017 4571.6850600000007 86.320301050000012 75.140598300000008 86.222148900000022 5057.2500000000009 74.765598300000008 0.32324150200000007 0.24609349650000004 0.65625000000000011 283.03100600000005
decision_type=2 2 2 2 2 2 2 2 2 2 2 2 2 2 2 2 2 2 2 2 2 2 2 2 2 2 2 2 2 2
left_child=1 2 -1 -4 5 28 8 -8 9 -7 -9 12 20 15 -15 -14 17 18 -17 -20 21 -6 23 24 -13 -25 -27 -23 29 -2
right_child=4 -3 3 -5 11 6 7 10 -10 -11 -12 22 13 14 -16 16 -18 -19 19 -21 -22 27 -24 25 -26 26 -28 -29 -30 -31
leaf_value=0.020090398463497233 0.045556278057795552 -0.0015919009152313289 0.0070105113400391666 -0.018381117332497972 -0.0026766301020972991 -0.0015413143375377742 -0.003519488187955915 -0.021986103758536046 -0.0025344759004725112 -0.021175080133774289 0.011021857756429446 -0.0083465686254228216 0.0062243477256422172 0.0043639115750096179 -0.016837611905599868 0.011532321486690004 0.0025684742988881389 0.0036409308571213237 0.050065576578490437 0.022947815003082749 -0.0029150325466109749 -0.0059720265791319048 0.00050868657186529107 0.020314014347137085 -0.04172352811373356 0.01096366899767404 -0.0088217444008227303 0.0091752848162410042 0.0010068403604085081 0.011342022251345134
leaf_weight=246 35 468 280 57 845 155 2231 32 338 346 275 643 513 278 150 60 129 72 100 69 1557 133 2173 70 36 134 290 929 192 158
leaf_count=246 35 468 280 57 845 155 2231 32 338 346 275 643 513 278 150 60 129 72 100 69 1557 133 2173 70 36 134 290 929 192 158
internal_value=0 0.00486437 0.0100471 0.00271578 -0.000428071 -0.00275567 -0.0041299 -0.00217672 -0.0100383 -0.0151008 0.00758129 0.000642267 0.00220995 0.00711597 -0.00306653 0.0117375 0.0183148 0.0250633 0.0317987 0.0389938 0.000268216 0.00286723 -0.00162304 -0.00557211 -0.0101162 0.000673698 -0.00256881 0.00727831 0.00929824 0.0175467
internal_weight=0 1051 583 337 11943 3762 3377 2538 839 501 307 8181 4835 1371 428 943 430 301 229 169 3464 1907 3346 1173 679 494 424 1062 385 193
internal_count=12994 1051 583 337 11943 3762 3377 2538 839 501 307 8181 4835 1371 428 943 430 301 229 169 3464 1907 3346 1173 679 494 424 1062 385 193
is_linear=0
shrinkage=0.5


Tree=10
num_leaves=31
num_cat=0
split_feature=28 3 23 19 30 15 22 11 23 28 33 1 26 22 24 13 36 21 3 24 30 17 26 0 19 25 22 24 22 36
split_gain=0.107356 0.140976 0.16769 0.139579 0.148312 0.112352 0.0933898 0.0838289 0.0981594 0.0850716 0.083413 0.0818963 0.148037 0.115293 0.0836022 0.0794402 0.090715 0.0836684 0.0775848 0.0748795 0.102894 0.0846712 0.170079 0.0751159 0.116642 0.0958386 0.089723 0.07709 0.132713 0.10814
threshold=0.093750000000000014 1.0000000180025095e-35 89.77339935000002 727.43750000000011 84.08589935000002 2290.5000000000005 2.3173799500000007 0.17382749900000002 85.21089935000002 0.40625000000000006 381.53100600000005 1.0000000180025095e-35 75.421848300000008 1.9287050350000003 4758.4350600000007 1.0000000180025095e-35 82.158649450000013 7.2500001111111123 53.093698500000009 4592.0600600000007 90.226497650000013 274.99999996500003 75.421848300000008 283.84350600000005 842.43750000000011 173.34999850000003 0.75683552050000003 4466.1850600000007 1.2900300050000002 99.301548000000011
decision_type=2 2 2 2 2 2 2 2 2 2 2 2 2 2 2 2 2 2 2 2 2 2 2 2 2 2 2 2 2 2
left_child=1 2 15 10 -5 6 7 11 19 18 -3 13 -13 -2 -14 -1 -17 -18 -10 20 23 22 -21 26 27 -26 -9 28 29 -25
right_child=5 3 -4 4 -6 -7 -8 8 9 -11 -12 12 14 -15 -16 16 17 -19 -20 21 -22 -23 -24 24 25 -27 -28 -29 -30 -31
leaf_value=-0.0123703738147836 -0.015721348133962091 -0.0068725296140958866 -0.030728521112299251 -0.026381231561376183 0.00080293967310559136 -0.028419551848610107 0.010099604610445567 -0.012355702683242842 -0.010538890304128854 0.0030335859259345674 0.022871096521769437 -0.012428718351835486 0.0070347038530547855 0.016449720166424559 0.04294623578676865 6.4333919695816297e-06 0.027263797456086009 0.011410295478849402 0.013425830689811846 -0.010324165498786897 0.01452188327187299 -0.0019007878885957353 0.04010979873627158 0.015876699725150538 0.0091316194790552422 0.039574706841570634 -0.00016164027741090152 -0.00048684484016809618 -0.0031085038298249747 -0.0020796915564859405
leaf_weight=31 274 30 24 51 3100 37 192 204 546 194 110 102 71 31 21 94 135 217 36 32 146 4004 35 317 187 30 579 1786 264 114
leaf_count=31 274 30 24 51 3100 37 192 204 546 194 110 102 71 31 21 94 135 217 36 32 146 4004 35 317 187 30 579 1786 264 114
internal_value=0 0.00223882 0.0100525 0.00104932 0.000362955 -0.000922582 -0.000811574 -0.00104505 -0.000674191 -0.00603401 0.0164975 -0.00734289 0.000688689 -0.0124515 0.0152319 0.0121043 0.0138055 0.0174905 -0.00905654 -0.000133893 0.00151822 -0.00160582 0.0160219 0.000972818 0.00222407 0.0133403 -0.00333864 0.00125179 0.00571969 0.0111272
internal_weight=0 3792 501 3291 3151 9202 9165 8973 8474 776 140 499 194 305 92 477 446 352 582 7698 3627 4071 67 3481 2698 217 783 2481 695 431
internal_count=12994 3792 501 3291 3151 9202 9165 8973 8474 776 140 499 194 305 92 477 446 352 582 7698 3627 4071 67 3481 2698 217 783 2481 695 431
is_linear=0
shrinkage=0.5


Tree=11
num_leaves=31
num_cat=0
split_feature=0 12 30 26 19 19 26 3 23 19 12 30 10 24 19 26 36 30 28 7 28 23 9 11 24 3 26 23 33 26
split_gain=0.0666414 0.0986663 0.109248 0.205831 0.144732 0.106443 0.095467 0.141486 0.115474 0.0896518 0.0860816 0.0938612 0.0980854 0.096775 0.0953552 0.171505 0.0856043 0.096978 0.0866285 0.0980554 0.0854398 0.0806315 0.0792771 0.0788258 0.078179 0.0723106 0.0798265 0.0723514 0.0904213 0.0723119
threshold=294.40600600000005 352.36974945000003 89.17964935000002 75.140598300000008 828.81250000000011 832.06250000000011 75.015598300000008 13.167900100000002 86.05464935000002 883.18750000000011 332.31109845000003 90.77339935000002 1.0000000180025095e-35 4812.1250000000009 908.81250000000011 75.421848300000008 90.222148900000022 90.101497650000013 0.59375000000000011 81.86714935000002 0.71875000000000011 87.02339935000002 43.574199700000008 1.0527300250000002 4554.6850600000007 60.835849800000005 75.203098300000008 84.21089935000002 414.46850600000005 75.390598300000008
decision_type=2 2 2 2 2 2 2 2 2 2 2 2 2 2 2 2 2 2 2 2 2 2 2 2 2 2 2 2 2 2
left_child=6 2 5 9 -5 22 7 20 16 21 -6 12 -12 -14 15 -13 17 -9 -18 -20 24 -4 -2 -24 -1 26 -8 -28 29 -29
right_child=1 -3 3 4 10 -7 25 8 -10 -11 11 14 13 -15 -16 -17 18 -19 19 -21 -22 -23 23 -25 -26 -27 27 28 -30 -31
leaf_value=0.038844590703344069 0.0041642212869599758 -0.026191595385992718 -0.0028093804422865067 0.034554216916254467 0.041207193108719023 -0.0076813942220118692 -0.0041423147117167249 -0.0053581723952697653 -0.028223626352181393 -0.02659720402961183 0.00019923873035374774 0.070445598103106022 0.032125240017194301 -0.001390140294928902 0.00067496115605955804 0.0093273603464088719 0.013637429329442449 0.017333126126103243 -0.023205740275816657 0.01690801723394543 0.0025438821160009709 0.027016986040398479 -0.0011349899675724643 -0.030193956520330783 0.013798415595080132 0.013001309670719573 0.0035925673677236493 -0.02366652775947985 -0.00080935456235306481 -0.0045093740465485359
leaf_weight=38 1374 31 242 69 21 341 2021 422 35 36 264 22 56 35 26 24 197 53 39 25 145 25 845 24 173 88 910 76 5197 140
leaf_count=38 1374 31 242 69 21 341 2021 422 35 36 264 22 56 35 26 24 197 53 39 25 145 25 845 24 173 88 910 76 5197 140
internal_value=0 0.00188892 0.00214465 0.00717294 0.0132374 0.00054898 -0.000678778 0.00364331 -0.000163515 -0.00317474 0.00995428 0.00841725 0.00507875 0.0192347 0.0248779 0.0385578 0.00117087 -0.0028263 0.0084454 -0.0075363 0.0118879 -1.66495e-05 0.00180023 -0.00193754 0.0183091 -0.00125646 -0.00140683 -0.000532492 -0.00122597 -0.0112499
internal_weight=0 3435 3404 820 517 2584 9559 1127 771 303 448 427 355 91 72 46 736 475 261 64 356 267 2243 869 211 8432 8344 6323 5413 216
internal_count=12994 3435 3404 820 517 2584 9559 1127 771 303 448 427 355 91 72 46 736 475 261 64 356 267 2243 869 211 8432 8344 6323 5413 216
is_linear=0
shrinkage=0.5


Tree=12
num_leaves=31
num_cat=0
split_feature=26 26 1 22 11 3 9 22 36 23 28 34 13 28 7 22 19 36 1 3 26 3 28 26 22 26 22 36 36 23
split_gain=0.0687703 0.0534319 0.0810573 0.139561 0.147766 0.0962426 0.137305 0.0761088 0.0831822 0.0739168 0.0725507 0.0783753 0.0722445 0.120577 0.0992841 0.0995322 0.088869 0.0871639 0.0858584 0.19608 0.172581 0.156806 0.13622 0.134624 0.100667 0.132867 0.0909465 0.135626 0.0876947 0.0864052
threshold=74.546848300000008 75.578098300000008 1.0000000180025095e-35 1.3574150200000001 0.33300750000000007 1.0000000180025095e-35 5.7539000500000013 0.69531199350000017 86.349147800000011 83.27339935000002 1.0937500000000002 266.59531488500005 1.0000000180025095e-35 -0.84374999999999989 84.39839935000002 1.3515549900000001 849.68750000000011 93.841251350000007 1.0000000180025095e-35 46.113199250000001 74.984348300000008 45.824199700000008 0.46875000000000006 75.484348300000008 1.2587800050000002 75.328098300000008 1.2275300050000002 78.03170015000002 87.047550200000003 84.195301050000012
decision_type=2 2 2 2 2 2 2 2 2 2 2 2 2 2 2 2 2 2 2 2 2 2 2 2 2 2 2 2 2 2
left_child=-1 9 3 4 -3 -6 -7 -4 -9 10 11 -2 13 16 15 -15 -11 -16 21 -20 -21 22 29 24 25 -22 27 -23 -27 -14
right_child=1 2 7 -5 5 6 -8 8 -10 12 -12 -13 18 14 17 -17 -18 -19 19 20 23 26 -24 -25 -26 28 -28 -29 -30 -31
leaf_value=-0.0086653490804342766 0.0049382781090619235 -0.015516745654126383 0.014510371804117492 0.0064504337964383556 -0.014765593552504048 0.021209103641654913 -0.0028929474162845922 -0.0099688065079190195 0.0027751816006197521 0.018139658073872026 -0.0098426199799481161 0.031520228660492984 0.0262014293249721 0.00048151549921047554 -0.011143805294790688 -0.010804999366956869 -0.012246736048837192 -0.052742612198926508 0.0014929698934439373 0.0058706620343590725 -0.0095278034706590877 -0.018591944343781853 -0.0047052707997971921 0.0043071995664831775 -0.0043523739322402187 -0.010724791216019977 0.0010281342881921184 0.010416894657533229 -0.03408973474640669 0.0021407507136739124
leaf_weight=225 57 353 101 227 134 68 451 166 560 97 30 54 38 452 34 344 32 20 3512 281 426 42 925 192 440 62 501 991 114 2065
leaf_count=225 57 353 101 227 134 68 451 166 560 97 30 54 38 452 34 344 32 20 3512 281 426 42 925 192 440 62 501 991 114 2065
internal_value=0 0.00015269 -0.00217933 -0.00474797 -0.00727485 -0.00281943 0.000264932 0.00165034 -0.000138733 0.000601282 0.0119737 0.01787 0.000449549 -0.00364184 -0.00580355 -0.00439607 0.0106019 -0.0265508 0.000867264 -0.000558008 -0.00531249 0.00243781 0.000351364 -0.00785905 -0.0101008 -0.0143023 0.00655631 0.00923745 -0.0258589 0.00257551
internal_weight=0 12769 2060 1233 1006 653 519 827 726 10709 141 111 10568 979 850 796 129 54 9589 5027 1515 4562 3028 1234 1042 602 1534 1033 176 2103
internal_count=12994 12769 2060 1233 1006 653 519 827 726 10709 141 111 10568 979 850 796 129 54 9589 5027 1515 4562 3028 1234 1042 602 1534 1033 176 2103
is_linear=0
shrinkage=0.5


Tree=13
num_leaves=31
num_cat=0
split_feature=22 11 30 12 30 36 12 26 22 1 21 36 19 0 19 33 30 15 26 30 19 36 12 19 28 26 28 24 26 22
split_gain=0.0679472 0.0838268 0.0731045 0.0798005 0.0911806 0.15402 0.159003 0.152408 0.151972 0.165247 0.105052 0.0829569 0.105112 0.0827156 0.0824245 0.0934054 0.0753643 0.071847 0.0947211 0.091574 0.105067 0.0710695 0.115279 0.10834 0.080825 0.0725978 0.0698688 0.100665 0.0692667 0.146511
threshold=1.1542950300000003 0.14453100400000005 90.96089935000002 347.58095015000004 89.351497650000013 83.619003300000017 341.88864745000001 74.859348300000008 0.40917950900000005 1.0000000180025095e-35 9.7500001111111132 80.698352800000023 832.06250000000011 321.12451200000004 862.31250000000011 493.34350600000005 89.757801050000012 251.50000000000003 75.359348300000008 85.30464935000002 718.62500000000011 97.777751900000013 320.11329875000007 799.06250000000011 -0.71874999999999989 75.078098300000008 -0.40624999999999994 4577.6850600000007 75.421848300000008 0.88085901750000006
decision_type=2 2 2 2 2 2 2 2 2 2 2 2 2 2 2 2 2 2 2 2 2 2 2 2 2 2 2 2 2 2
left_child=1 -1 3 4 13 7 -7 -6 -9 10 -10 16 -13 17 15 -12 -5 18 -3 20 -20 23 25 -19 -24 -23 -27 -28 29 -14
right_child=-2 2 -4 11 5 6 -8 8 9 -11 14 12 28 -15 -16 -17 -18 21 19 -21 -22 22 24 -25 -26 26 27 -29 -30 -31
leaf_value=-0.012259531480109071 0.0013435012518414856 0.012634747316112834 0.01402855495899826 -0.015805942034653114 -0.021865777755099371 0.0064317409219298129 -0.007970528908494038 -0.010403166842500701 0.037740290980875953 0.0015952566813445654 0.011926270807301881 -0.029166846593249252 -0.020155593139055239 -0.030620481120422482 0.0015939368593255775 0.030415061566500215 0.004322640019031149 0.0037277630201444445 0.014046254500639267 0.010682767565252589 -0.023035781815350573 0.01034412948723437 0.0066727808406276089 -0.0025282999893743853 -0.02115304173877865 0.0092824734622354299 -0.0053864155390596687 -0.034526169478126312 -0.00069881778002168159 0.001112066970203447
leaf_weight=161 5458 206 83 55 41 329 459 86 57 249 183 55 194 24 91 109 301 929 26 68 72 92 31 2713 165 64 231 34 289 139
leaf_count=161 5458 206 83 55 41 329 459 86 57 249 183 55 194 24 91 109 301 929 26 68 72 92 31 2713 165 64 231 34 289 139
internal_value=0 -0.00097304 -0.00072665 -0.000894599 -0.000222633 0.00302844 -0.0019574 0.00784319 0.00941489 0.0118886 0.0177136 -0.00496607 -0.00821528 -0.00134287 0.0147332 0.0188279 0.00121289 -0.00119114 0.00547261 -0.00341533 -0.0131977 -0.00177319 -0.00673551 -0.000932506 -0.016752 -0.00207224 -0.0055443 -0.0091251 -0.00636265 -0.0112781
internal_weight=0 7536 7375 7292 6259 1604 788 816 775 689 440 1033 677 4655 383 292 356 4631 372 166 98 4259 617 3642 196 421 329 265 622 333
internal_count=12994 7536 7375 7292 6259 1604 788 816 775 689 440 1033 677 4655 383 292 356 4631 372 166 98 4259 617 3642 196 421 329 265 622 333
is_linear=0
shrinkage=0.5


Tree=14
num_leaves=31
num_cat=0
split_feature=12 36 19 7 30 12 36 24 36 19 24 17 36 22 22 11 26 12 28 22 26 24 26 0 12 30 19 1 28 12
split_gain=0.0521312 0.0553221 0.0702057 0.0447224 0.0431631 0.143149 0.103753 0.105287 0.0936886 0.103219 0.0865071 0.119014 0.0758703 0.0750199 0.0719068 0.0682108 0.0681531 0.0670837 0.0660507 0.0631359 0.0729522 0.0630868 0.172944 0.223358 0.0985776 0.103615 0.080418 0.0696303 0.065293 0.0627171
threshold=297.84105055000003 112.69800150000002 733.68750000000011 81.08589935000002 87.14839935000002 330.14264905000005 84.634853350000014 4589.0600600000007 92.063449850000012 823.18750000000011 4899.4350600000007 269.000000145 93.333248150000017 1.8945249900000001 1.4062450500000001 0.55078101150000014 75.453098300000008 334.75070035000005 -0.84374999999999989 1.3798750050000002 75.359348300000008 4466.1850600000007 75.421848300000008 288.34350600000005 326.52845035000001 85.757801050000012 794.31250000000011 1.0000000180025095e-35 0.093750000000000014 330.77509915000002
decision_type=2 2 2 2 2 2 2 2 2 2 2 2 2 2 2 2 2 2 2 2 2 2 2 2 2 2 2 2 2 2
left_child=3 4 -3 -1 8 6 -6 12 17 10 18 -12 14 -7 16 -16 -8 19 -10 20 -2 28 24 -24 25 -23 -27 -25 -20 -26
right_child=1 2 -4 -5 5 13 7 -9 9 -11 11 -13 -14 -15 15 -17 -18 -19 21 -21 -22 22 23 27 29 26 -28 -29 -30 -31
leaf_value=-0.0019656903168652207 0.002089487388511552 -0.0020580159949271809 -0.038626452907919884 0.01934656607204488 -0.0068437321076678069 -0.00054525754039484254 0.032000587633378111 0.0040100468014173359 0.019855763195309697 -0.01995071054170694 -0.00055602197426196653 0.04548675145022571 0.0019103307649857015 0.0056810193951048488 -0.010313498608549267 0.02075906873276261 0.010388012377452984 -0.034142752599325921 0.0076105170768684723 -0.012179601157953824 -0.0098814402336906866 -0.010607689341118753 0.039497902029238287 -0.0041122458643930377 -0.024789916216865729 0.0084661795517995513 -0.0074974336851741713 0.008442390245939034 -0.00024228122282658198 0.0034439145650443002
leaf_weight=40 333 35 21 64 136 7751 117 593 41 64 32 25 80 516 33 38 53 21 383 244 206 364 42 253 109 186 137 196 857 24
leaf_count=40 333 35 21 64 136 7751 117 593 41 64 32 25 80 516 33 38 53 21 383 244 206 364 42 253 109 186 137 196 857 24
internal_value=0 -8.99575e-05 -0.0157712 0.0111495 -2.15339e-05 0.000541836 0.00604111 0.00795833 -0.00151398 -0.000109124 0.00037025 0.0196382 0.0152522 -0.000156633 0.019681 0.00631689 0.0252625 -0.00625447 -5.34658e-05 -0.00550651 -0.00248567 -0.000373449 -0.00279166 0.00462978 -0.00723547 -0.00482334 0.00169524 0.00136817 0.00218322 -0.0196951
internal_weight=0 12890 56 104 12834 9317 1050 914 3517 2713 2649 57 321 8267 241 71 170 804 2592 783 539 2551 1311 491 820 687 323 449 1240 133
internal_count=12994 12890 56 104 12834 9317 1050 914 3517 2713 2649 57 321 8267 241 71 170 804 2592 783 539 2551 1311 491 820 687 323 449 1240 133
is_linear=0
shrinkage=0.5


Tree=15
num_leaves=31
num_cat=0
split_feature=11 19 23 28 23 24 30 34 15 0 30 19 12 25 33 36 36 33 24 24 7 24 36 11 12 28 22 26 36 30
split_gain=0.0426641 0.0468838 0.0395272 0.0515155 0.106268 0.0596427 0.0575596 0.0537959 0.0531415 0.0525046 0.0509349 0.0703658 0.0602456 0.0557555 0.0501153 0.0487357 0.053287 0.0479092 0.0539229 0.0462902 0.0439291 0.0610203 0.146277 0.106072 0.0749427 0.0706971 0.0572782 0.103016 0.0838351 0.0589988
threshold=1.0615200400000002 867.06250000000011 89.726497650000013 -0.34374999999999994 86.67964935000002 4730.5600600000007 90.96089935000002 305.57184830000006 491.50000000000006 288.34350600000005 87.788997650000013 839.56250000000011 329.05840145000002 173.44999700000002 439.53100600000005 83.745952600000024 81.587249750000012 399.28100600000005 4653.4350600000007 4911.8750000000009 86.976497650000013 4750.8100600000007 84.698352800000023 0.51074150200000012 348.30379715000004 -1.0000000180025095e-35 0.99218702300000017 75.390598300000008 78.984050750000009 89.71089935000002
decision_type=2 2 2 2 2 2 2 2 2 2 2 2 2 2 2 2 2 2 2 2 2 2 2 2 2 2 2 2 2 2
left_child=2 -2 3 5 6 8 7 20 17 -6 12 13 -7 -12 -10 16 -13 -1 -19 -11 21 -5 25 -24 -25 -23 27 28 -27 -30
right_child=1 -3 -4 4 9 10 -8 -9 14 19 11 15 -14 -15 -16 -17 -18 18 -20 -21 -22 22 23 24 -26 26 -28 -29 29 -31
leaf_value=0.00082557788584381342 -0.006400844233409188 0.016848510801893375 -0.017388650587236043 -0.00029255912370662368 -0.038046027223269142 -0.00060518086964813332 0.024023036346770821 -0.021884134411396059 0.00080136212374936179 5.1283291232182965e-05 0.036775899778023875 0.00017270519353641088 -0.018989089919519961 0.0029468096548780089 0.015479327875731369 -0.0020398644760171785 0.028835400867636404 0.014239274807010047 0.043626844555277516 -0.022872252247179859 -0.011543606093187851 -0.018609360657694651 0.011224958603715973 -0.0073144350337517811 0.023421601969343814 0.0025290135895193089 0.0050821964611279091 0.0033086650080375048 -0.010380768536798804 -0.034086135326981334
leaf_weight=25 379 23 32 9927 21 280 25 28 189 49 29 34 53 21 84 188 31 37 27 40 81 60 578 144 23 50 253 178 52 53
leaf_count=25 379 23 32 9927 21 280 25 28 189 49 29 34 53 21 84 188 31 37 27 40 81 60 578 144 23 50 253 178 52 53
internal_value=0 -0.00507066 0.000161881 0.000206596 -9.09085e-05 0.00365323 5.76545e-05 5.22307e-06 0.00877663 -0.0155577 0.000737086 0.00542792 -0.00353115 0.0225677 0.00531766 0.00204061 0.0138426 0.0193867 0.0266372 -0.0102514 5.89911e-05 0.000142028 0.0032435 0.00801805 -0.00308133 -0.00226275 -0.000589038 -0.00489781 -0.014322 -0.0223463
internal_weight=0 402 12592 12560 11562 998 11452 11427 362 110 636 303 333 50 273 253 65 89 64 89 11399 11318 1391 745 167 646 586 333 155 105
internal_count=12994 402 12592 12560 11562 998 11452 11427 362 110 636 303 333 50 273 253 65 89 64 89 11399 11318 1391 745 167 646 586 333 155 105
is_linear=0
shrinkage=0.5


Tree=16
num_leaves=31
num_cat=0
split_feature=33 24 36 19 7 7 12 26 12 11 23 26 26 1 9 24 17 28 38 15 26 0 24 30 21 15 36 11 26 10
split_gain=0.0382739 0.0431892 0.0500557 0.0371178 0.0367648 0.036506 0.0591056 0.0611415 0.0454991 0.0448087 0.0517674 0.0433147 0.0423009 0.0417327 0.0406139 0.0400563 0.0566155 0.0579056 0.04947 0.0454114 0.0385437 0.0358651 0.0623789 0.0688483 0.0726254 0.0960723 0.071315 0.133059 0.0856258 0.0779476
threshold=376.40600600000005 4314.8100600000007 102.53900150000001 712.93750000000011 80.945301050000012 81.288997650000013 314.05959935000004 75.453098300000008 316.67985000000004 0.78710901750000006 84.99214935000002 75.078098300000008 74.609348300000008 1.0000000180025095e-35 48.113199250000001 4730.5600600000007 284.80000010000003 -0.46874999999999994 0.25550000350000007 1024.5000000000002 76.109348300000008 281.34350600000005 4499.4350600000007 88.413997650000013 6.9166665555555564 1141.5000000000002 89.968250250000011 0.40527300550000006 75.484348300000008 1.0000000180025095e-35
decision_type=2 2 2 2 2 2 2 2 2 2 2 2 2 2 2 2 2 2 2 2 2 2 2 2 2 2 2 2 2 2
left_child=-1 2 -2 -4 -5 6 9 12 11 14 -11 -7 -8 -9 -3 16 17 -13 -17 -19 21 -10 -23 -24 25 -25 -26 -28 29 -29
right_child=1 5 3 4 -6 8 7 13 20 10 -12 15 -14 -15 -16 18 -18 19 -20 -21 -22 22 23 24 26 -27 27 28 -30 -31
leaf_value=-0.013283732784825756 0.0082223228350307587 0.0091542125980626655 0.0078938248377891061 -0.010289822868799092 0.011274764586535943 0.013189201657142904 0.0075067641794573448 -0.0079315654135850341 -0.0041549296667767518 -0.027368784545195431 0.0020850943023106084 0.020098889564240646 -0.016199968159822643 0.016726374014979228 -0.0081889322133396163 -0.028632912693345652 0.019672275174973317 0.0018959342274923743 -0.0009633144763938617 -0.018343064184106576 0.014572479445302055 0.0032236724505253279 -0.002509500455620393 0.013741496776027168 0.00061064532875308719 -0.0032122295663462703 0.0059116840971230452 -0.0084591588269226168 0.0069065127876211906 -0.024986155068116668
leaf_weight=54 333 145 67 112 24 108 21 37 560 26 35 41 181 32 44 21 52 364 70 30 44 1280 2922 222 5380 134 198 296 67 94
leaf_count=54 333 145 67 112 24 108 21 37 560 26 35 41 181 32 44 21 52 364 70 30 44 1280 2922 222 5380 134 198 296 67 94
internal_value=0 5.54344e-05 0.00444973 -0.00173882 -0.00648431 -0.000134451 -0.00423098 -0.00934604 4.51575e-05 0.00131375 -0.010469 0.00399789 -0.0137354 0.003504 0.00511666 0.00228048 0.00407976 0.00221582 -0.00734861 0.000354894 -0.000197012 -0.00025528 -4.91243e-05 -0.000498945 0.000420292 0.00736004 1.09216e-05 -0.00491505 -0.00960585 -0.0124426
internal_weight=0 12940 536 203 136 12404 521 271 11883 250 61 686 202 69 189 578 487 435 91 394 11197 11153 10593 9313 6391 356 6035 655 457 390
internal_count=12994 12940 536 203 136 12404 521 271 11883 250 61 686 202 69 189 578 487 435 91 394 11197 11153 10593 9313 6391 356 6035 655 457 390
is_linear=0
shrinkage=0.5


Tree=17
num_leaves=31
num_cat=0
split_feature=23 22 17 15 28 11 26 28 12 22 28 23 26 28 1 21 15 23 30 19 36 11 24 3 7 17 7 15 7 19
split_gain=0.0309784 0.0925388 0.0519382 0.0355867 0.0367568 0.0465194 0.0381777 0.0338284 0.0332348 0.0334517 0.0316734 0.037612 0.0510063 0.0440606 0.0432202 0.0745957 0.0475576 0.0402281 0.0389889 0.0340593 0.0328997 0.0318198 0.0438224 0.0318131 0.0288522 0.0538299 0.0432693 0.0342827 0.0386507 0.030258
threshold=83.570301050000012 0.53808549050000021 304.40000000000003 341.50000000000006 0.28125000000000006 0.87304651750000006 75.453098300000008 0.78125000000000011 354.44790115000006 0.94726499900000005 -1.5937499999999998 89.163997650000013 75.390598300000008 -0.96874999999999989 1.0000000180025095e-35 -4.9166666138888884 1064.5000000000002 87.507801050000012 90.632801050000012 870.18750000000011 85.20634840000001 0.34277300550000006 5180.1850600000007 32.18354990000001 86.36714935000002 300.09999980000003 86.913997650000013 946.50000000000011 86.413997650000013 875.18750000000011
decision_type=2 2 2 2 2 2 2 2 2 2 2 2 2 2 2 2 2 2 2 2 2 2 2 2 2 2 2 2 2 2
left_child=1 -1 10 -3 -5 6 8 -8 9 -6 -2 13 20 14 16 -16 -12 18 24 -20 -13 -19 -23 -17 29 27 -27 -26 -29 -15
right_child=2 3 -4 4 5 -7 7 -9 -10 -11 11 12 -14 17 15 23 -18 21 19 -21 -22 22 -24 -25 25 26 -28 28 -30 -31
leaf_value=-0.01597092116329198 0.017375256687116165 -0.0022322154448678098 -0.014016354411367827 0.026497553673482711 0.023117495386395605 -0.012669625738150595 0.012856677363223363 -0.010940871225102455 0.03177900472423062 0.0049917277189836439 0.011422528631519525 0.00057563644368201499 0.0080831554971217846 -4.9978843785929448e-05 -0.010999793403739617 0.0065327645848889879 -0.020081540655709156 0.0039442987864553606 0.020897572550627335 0.0018583180700344117 -0.023224226188176544 -0.0057371098722796884 -0.034746038631293115 0.028800596513253864 0.0058286836717131264 -0.008602084565423971 -0.034016430267365651 -0.012773570694944596 -0.001036555475821561 0.0058191430377649211
leaf_weight=48 26 72 67 31 40 24 28 32 25 70 25 20 29 11182 22 23 23 23 41 55 53 30 23 53 133 103 20 87 362 224
leaf_count=48 26 72 67 31 40 24 28 32 25 70 25 20 29 11182 22 23 23 23 41 55 53 30 23 53 133 103 20 87 362 224
internal_value=0 0.00450947 -0.000132169 0.00756245 0.0103833 0.0081023 0.0106588 0.000164651 0.0153229 0.0115829 -5.80878e-05 -9.42594e-05 -0.00965647 -1.57861e-05 0.00861902 0.0146397 -0.00367317 -0.000118422 -4.70246e-05 0.00998967 -0.0167037 -0.0115862 -0.0183259 0.0220616 -0.000126582 -0.00323073 -0.0127345 -0.0012222 -0.00331077 6.52836e-05
internal_weight=0 370 12624 322 250 219 195 60 135 110 12557 12531 102 12429 146 98 48 12283 12207 96 73 76 53 76 12111 705 123 582 449 11406
internal_count=12994 370 12624 322 250 219 195 60 135 110 12557 12531 102 12429 146 98 48 12283 12207 96 73 76 53 76 12111 705 123 582 449 11406
is_linear=0
shrinkage=0.5


Tree=18
num_leaves=31
num_cat=0
split_feature=23 23 36 26 28 24 12 19 22 26 22 25 36 23 22 22 28 1 22 11 24 26 24 22 0 7 15 0 11 30
split_gain=0.0241297 0.0514737 0.0503307 0.0657967 0.0791479 0.0590744 0.0716023 0.0584071 0.0570353 0.0485107 0.0627246 0.0664346 0.0547834 0.0530281 0.0482745 0.0482095 0.0461594 0.0461434 0.045537 0.0752615 0.0505135 0.0435151 0.0872339 0.0997168 0.0626365 0.0433744 0.0423618 0.0440886 0.0406481 0.0656129
threshold=84.99214935000002 84.632801050000012 83.428546900000015 75.234348300000008 0.15625000000000003 4750.8100600000007 339.35874785000004 863.68750000000011 1.4638650400000002 75.328098300000008 1.3681600050000002 164.15000150000003 93.587249750000012 84.74214935000002 0.61621052000000009 0.66699150200000001 0.21875000000000003 1.0000000180025095e-35 1.2675750250000002 0.48242150250000004 4544.4350600000007 74.796848300000008 4887.3100600000007 1.1738250250000002 309.28100600000005 79.92964935000002 823.50000000000011 296.71850600000005 0.32812450850000002 89.851497650000013
decision_type=2 2 2 2 2 2 2 2 2 2 2 2 2 2 2 2 2 2 2 2 2 2 2 2 2 2 2 2 2 2
left_child=1 -1 3 26 -5 6 9 8 15 10 11 12 17 16 -6 -8 -13 -4 -11 20 -20 22 23 -2 -24 -23 27 28 29 -3
right_child=21 2 5 4 14 -7 7 -9 -10 18 -12 13 -14 -15 -16 -17 -18 -19 19 -21 -22 25 24 -25 -26 -27 -28 -29 -30 -31
leaf_value=0.00090238410106940241 -0.03499845243562516 0.004592218691387269 0.032828401232291068 -0.0089126374639913828 0.00011187460325132595 0.0029682734042857008 0.0035391687736985511 -0.025333971613277259 0.0013262077337385144 -0.007091006766231687 -0.0050686114753013744 0.005163479308045448 -0.00062164548328336405 0.0033649889996322257 0.0098947961020567823 -0.010758837090805528 -0.014900232913976991 0.010143830048322094 -0.015539256096500057 0.0076330126929564993 0.002922117215803155 -0.019205292216681231 0.033504343265667556 -0.0046166424651892159 -0.0060672558960504826 0.0012730342063326943 -0.0055613756383870909 -0.0071426049235219329 0.0020300625731432512 0.040683883265592156
leaf_weight=3526 37 34 40 95 188 395 67 44 174 618 352 43 49 424 383 491 86 51 88 166 64 26 20 100 20 4714 435 89 155 20
leaf_count=3526 37 34 40 95 188 395 67 44 174 618 352 43 49 424 383 491 86 51 88 166 64 26 20 100 20 4714 435 89 155 20
internal_value=0 -0.000531618 -0.00164265 0.000853196 0.00445051 -0.00275041 -0.00356974 -0.00764098 -0.00657747 -0.00197495 0.000366722 0.00312753 0.0128572 0.000664313 0.0066738 -0.00904205 -0.00821233 0.0201151 -0.00458932 0.000272456 -0.00776605 0.000873272 -0.0068241 -0.0128219 0.0137185 0.00116071 -0.0024153 0.00217712 0.0061458 0.0179595
internal_weight=0 8077 4551 1399 666 3152 2757 776 732 1981 1045 693 140 553 571 558 129 91 936 318 152 4917 177 137 40 4740 733 298 209 54
internal_count=12994 8077 4551 1399 666 3152 2757 776 732 1981 1045 693 140 553 571 558 129 91 936 318 152 4917 177 137 40 4740 733 298 209 54
is_linear=0
shrinkage=0.5


Tree=19
num_leaves=31
num_cat=0
split_feature=22 25 36 19 11 15 11 0 10 3 26 24 15 9 34 25 30 24 26 24 0 36 36 11 22 3 7 3 11 30
split_gain=0.024454 0.05768 0.0409205 0.0858175 0.077555 0.0756106 0.0744411 0.0513099 0.125677 0.101309 0.0643394 0.0555486 0.0581397 0.0545928 0.0505946 0.0533586 0.0502866 0.0618313 0.0616106 0.049421 0.0461078 0.050943 0.0702728 0.0520224 0.0474266 0.0538982 0.0461076 0.0459166 0.0451845 0.053923
threshold=1.1542950300000003 177.25000000000003 99.301548000000011 730.43750000000011 0.43456999950000003 823.50000000000011 0.80078101150000014 291.40600600000005 1.0000000180025095e-35 51.46479990000001 75.484348300000008 4743.6850600000007 1141.5000000000002 47.355400100000004 263.48593988500005 172.75000000000003 88.257801050000012 4715.9350600000007 74.609348300000008 4624.0600600000007 292.53100600000005 78.793602000000007 88.888851150000008 0.35644450800000005 0.48730400200000007 46.46479990000001 86.17964935000002 48.62104990000001 0.61328101150000014 89.46089935000002
decision_type=2 2 2 2 2 2 2 2 2 2 2 2 2 2 2 2 2 2 2 2 2 2 2 2 2 2 2 2 2 2
left_child=1 2 7 6 5 -5 -4 -1 9 16 11 12 13 26 15 -6 18 20 -9 -20 -18 -22 23 -23 -25 28 -10 -19 29 -26
right_child=-2 -3 3 4 14 -7 -8 8 10 -11 -12 -13 -14 -15 -16 -17 17 27 19 -21 21 22 -24 24 25 -27 -28 -29 -30 -31
leaf_value=-0.0017824589838053926 0.00080598567766448253 0.0049315427791716418 -1.1006467149528563e-05 -0.0090867079390288073 -0.0058667247032701065 -0.029970912863650629 0.026889446409768425 -0.031639134710920711 0.0062615625704920876 0.0096967682755331429 -0.0018833915977586951 0.0025221571822102479 0.037957843431892492 0.026915382917370431 0.0027466249440068571 -0.034230513119837269 -0.0024982718450289884 -0.0022399167599806086 -0.0011879536825245595 -0.0096625327131001082 -0.0042375334021579917 0.0026270003995087781 -0.0050483745228231064 -0.0051530482363887128 0.0090245829279328154 0.0025771991243924608 0.027938537312106097 -0.020197428367713367 0.037199090049621096 0.036308115348219872
leaf_weight=3641 5458 446 131 144 97 62 32 21 198 213 138 148 24 52 173 20 199 563 487 266 84 81 66 20 55 33 28 38 49 27
leaf_count=3641 5458 446 131 144 97 62 32 21 198 213 138 148 24 52 173 20 199 563 487 266 84 81 66 20 55 33 28 38 49 27
internal_value=0 -0.000583741 -0.000930682 -0.00468312 -0.00795403 -0.0153722 0.00527006 -0.000546161 0.00106723 -0.000666873 0.00756127 0.0104576 0.0143465 0.0123082 -0.00268454 -0.0107152 -0.0017767 0.000229896 -0.0049266 -0.00418163 0.00375879 0.00675917 0.00954987 0.0131857 0.0178338 0.020637 0.00894721 -0.00337533 0.0251865 0.0180082
internal_weight=0 7536 7090 659 496 206 163 6431 2790 2202 588 450 302 278 290 117 1989 1215 774 753 614 415 331 265 184 164 226 601 131 82
internal_count=12994 7536 7090 659 496 206 163 6431 2790 2202 588 450 302 278 290 117 1989 1215 774 753 614 415 331 265 184 164 226 601 131 82
is_linear=0
shrinkage=0.5


end of trees

feature_importances:
Column_26=75
Column_28=64
Column_36=52
Column_22=49
Column_24=48
Column_23=42
Column_30=39
Column_11=38
Column_19=32
Column_1=30
Column_3=22
Column_12=19
Column_0=13
Column_7=12
Column_15=12
Column_10=9
Column_33=9
Column_9=7
Column_17=6
Column_21=6
Column_25=6
Column_13=5
Column_34=4
Column_38=1

parameters:
[boosting: gbdt]
[objective: regression]
[metric: rmse,l2]
[tree_learner: serial]
[device_type: cpu]
[data: ]
[valid: ]
[num_iterations: 20]
[learning_rate: 0.5]
[num_leaves: 31]
[num_threads: -1]
[deterministic: 0]
[force_col_wise: 0]
[force_row_wise: 0]
[histogram_pool_size: -1]
[max_depth: 20]
[min_data_in_leaf: 20]
[min_sum_hessian_in_leaf: 0.001]
[bagging_fraction: 1]
[pos_bagging_fraction: 1]
[neg_bagging_fraction: 1]
[bagging_freq: 0]
[bagging_seed: 3]
[feature_fraction: 1]
[feature_fraction_bynode: 1]
[feature_fraction_seed: 2]
[extra_trees: 0]
[extra_seed: 6]
[early_stopping_round: 1000]
[first_metric_only: 0]
[max_delta_step: 0]
[lambda_l1: 0]
[lambda_l2: 0]
[linear_lambda: 0]
[min_gain_to_split: 0]
[drop_rate: 0.1]
[max_drop: 50]
[skip_drop: 0.5]
[xgboost_dart_mode: 0]
[uniform_drop: 0]
[drop_seed: 4]
[top_rate: 0.2]
[other_rate: 0.1]
[min_data_per_group: 100]
[max_cat_threshold: 32]
[cat_l2: 10]
[cat_smooth: 10]
[max_cat_to_onehot: 4]
[top_k: 20]
[monotone_constraints: ]
[monotone_constraints_method: basic]
[monotone_penalty: 0]
[feature_contri: ]
[forcedsplits_filename: ]
[refit_decay_rate: 0.9]
[cegb_tradeoff: 1]
[cegb_penalty_split: 0]
[cegb_penalty_feature_lazy: ]
[cegb_penalty_feature_coupled: ]
[path_smooth: 0]
[interaction_constraints: ]
[verbosity: -1]
[saved_feature_importance_type: 0]
[linear_tree: 0]
[max_bin: 255]
[max_bin_by_feature: ]
[min_data_in_bin: 3]
[bin_construct_sample_cnt: 200000]
[data_random_seed: 1]
[is_enable_sparse: 1]
[enable_bundle: 1]
[use_missing: 1]
[zero_as_missing: 0]
[feature_pre_filter: 1]
[pre_partition: 0]
[two_round: 0]
[header: 0]
[label_column: ]
[weight_column: ]
[group_column: ]
[ignore_column: ]
[categorical_feature: ]
[forcedbins_filename: ]
[precise_float_parser: 0]
[objective_seed: 5]
[num_class: 1]
[is_unbalance: 0]
[scale_pos_weight: 1]
[sigmoid: 1]
[boost_from_average: 1]
[reg_sqrt: 0]
[alpha: 0.9]
[fair_c: 1]
[poisson_max_delta_step: 0.7]
[tweedie_variance_power: 1.5]
[lambdarank_truncation_level: 30]
[lambdarank_norm: 1]
[label_gain: ]
[eval_at: ]
[multi_error_top_k: 1]
[auc_mu_weights: ]
[num_machines: 1]
[local_listen_port: 12400]
[time_out: 120]
[machine_list_filename: ]
[machines: ]
[gpu_platform_id: -1]
[gpu_device_id: -1]
[gpu_use_dp: 0]
[num_gpu: 1]

end of parameters

pandas_categorical:null
