tree
version=v3
num_class=1
num_tree_per_iteration=1
label_index=0
max_feature_idx=41
objective=regression
feature_names=Column_0 Column_1 Column_2 Column_3 Column_4 Column_5 Column_6 Column_7 Column_8 Column_9 Column_10 Column_11 Column_12 Column_13 Column_14 Column_15 Column_16 Column_17 Column_18 Column_19 Column_20 Column_21 Column_22 Column_23 Column_24 Column_25 Column_26 Column_27 Column_28 Column_29 Column_30 Column_31 Column_32 Column_33 Column_34 Column_35 Column_36 Column_37 Column_38 Column_39 Column_40 Column_41
feature_infos=[0:351.125] [0:1] none [0:76.406196600000001] none [0:1] none [76.6875:94.140602099999995] [0:1] [0:74.273399400000002] [0:1] [0.027343999599999998:2.0957000300000002] [279.67991008999996:369.40150299999999] [0:1] [0:1] [-297:2985] none [245.35000079999998:312.44999919999998] [0:1] [657.625:970.5] [0:1] [-17.277778000000001:285.072225] [0.083984002500000002:3.6503899099999999] [81.609298699999997:91.468696600000001] [3872.37012:6123.5] [0:193.10000600000001] [73.218696600000001:82.625] [0:1] [-2.3125:1.5625] none [81.281196600000001:94.234298699999997] [0:1] none [0:555.93701199999998] [244.58749999999998:311.1030983] [0:1] [70.571403500000002:124.98400100000001] none [0.20100000500000001:0.30399999] none [0:1] none
tree_sizes=2689 2741 2756 2734 2760 2739

Tree=0
num_leaves=31
num_cat=0
split_feature=9 10 23 14 11 23 9 23 9 24 10 23 24 23 23 22 25 23 24 19 23 13 26 23 7 23 23 23 23 23
split_gain=135686 204375 6290.33 6309.76 5009.64 1936.44 1651.28 1965.05 905.856 694.049 2398.77 501.988 254.789 266.042 178.297 168.713 251.492 153.825 151.885 873.008 83.8123 68.0463 36.2518 244.087 34.0692 34.0669 30.3325 28.194 27.9475 23.7164
threshold=58.074199700000008 1.0000000180025095e-35 85.695301050000012 1.0000000180025095e-35 0.51074150200000012 84.33589935000002 54.335849800000005 87.593700400000003 55.949199700000008 4923.9350600000007 1.0000000180025095e-35 84.74214935000002 4831.7451200000005 83.601497650000013 86.726497650000013 2.0966750400000005 169.05000300000003 85.127498650000021 4442.6250000000009 808.31250000000011 89.226497650000013 1.0000000180025095e-35 75.640598300000008 84.71089935000002 85.351497650000013 86.30464935000002 84.05464935000002 84.913997650000013 85.36714935000002 85.30464935000002
decision_type=2 2 2 2 2 2 2 2 2 2 2 2 2 2 2 2 2 2 2 2 2 2 2 2 2 2 2 2 2 2
left_child=2 29 3 -1 -3 12 7 14 9 11 -11 18 13 24 25 21 -17 27 19 -7 -9 -15 -20 -24 -5 -4 -23 -13 -19 -2
right_child=1 4 6 5 -6 8 -8 20 -10 10 -12 17 -14 15 -16 16 -18 28 22 -21 -22 26 23 -25 -26 -27 -28 -29 -30 -31
leaf_value=81.97434888988073 89.337305903505282 54.23125938358455 89.883674795452151 88.311284968940257 44.592870221131392 89.126298258925928 85.746240053170268 91.301167764137759 86.857796150471543 89.402136003397018 83.546488852212079 89.338847185904228 87.108797559537194 88.711467235246985 90.41718700798414 88.871456728906281 86.611273740076371 89.506860938597853 89.23063827656955 86.32366317135056 91.872686113087155 88.874327107684692 89.228221236787348 87.579942408392327 88.619194484710945 90.063923495421434 89.049103830762931 89.416713758800213 89.638962800676481 89.957437580419921
leaf_weight=30 58 28 579 254 26 268 20 202 37 73 23 2278 23 303 275 32 20 1224 2275 31 94 408 165 26 139 479 634 2374 595 21
leaf_count=30 58 28 579 254 26 268 20 202 37 73 23 2278 23 303 275 32 20 1224 2275 31 94 408 165 26 139 479 634 2374 595 21
internal_value=89.1857 73.2974 89.35 89.2159 49.5906 89.2354 90.2618 90.3173 89.3269 89.3367 87.9992 89.3506 88.7624 88.7836 90.0585 88.8859 88.0022 89.4268 89.1723 88.8357 91.4827 88.92 89.2131 89.0038 88.4202 89.9653 88.9807 89.3786 89.5501 89.5022
internal_weight=0 133 12861 11212 54 11182 1649 1629 9369 9332 96 9236 1813 1790 1333 1397 52 6471 2765 299 296 1345 2466 191 393 1058 1042 4652 1819 79
internal_count=12994 133 12861 11212 54 11182 1649 1629 9369 9332 96 9236 1813 1790 1333 1397 52 6471 2765 299 296 1345 2466 191 393 1058 1042 4652 1819 79
is_linear=0
shrinkage=1


Tree=1
num_leaves=31
num_cat=0
split_feature=9 3 26 23 14 11 0 23 23 24 24 23 24 24 30 9 5 22 7 23 21 34 23 24 12 7 24 23 23 24
split_gain=36281.2 72444.8 18394.8 1866.19 1525.41 1416.71 831.465 588.799 456.678 218.063 196.763 135.718 112.406 342.437 923.818 96.0681 90.6442 807.901 77.4915 67.591 77.8206 306.405 56.9773 49.5717 271.724 26.1895 28.5161 25.8756 22.5894 22.278
threshold=56.820301100000009 29.035100000000003 75.234348300000008 85.92964935000002 1.0000000180025095e-35 0.49706999950000008 296.21850600000005 84.601497650000013 88.30464935000002 4899.4350600000007 4998.4350600000007 83.820301050000012 4957.4350600000007 4923.9350600000007 89.601497650000013 52.687450450000007 1.0000000180025095e-35 1.8115199800000001 85.02339935000002 85.038997650000013 13.138889222222224 299.18900050000002 86.945301050000012 4380.8100600000007 332.85325085000005 84.257801050000012 4406.8100600000007 89.851497650000013 83.21089935000002 4831.7451200000005
decision_type=2 2 2 2 2 2 2 2 2 2 2 2 2 2 2 2 2 2 2 2 2 2 2 2 2 2 2 2 2 2
left_child=3 2 -2 4 -1 -4 18 9 15 11 12 28 13 19 -15 22 17 -13 -3 20 25 -22 -5 24 -18 -9 -27 -10 -6 -25
right_child=1 6 5 8 7 -7 -8 10 27 -11 -12 16 -14 14 -16 -17 23 -19 -20 -21 21 -23 -24 29 -26 26 -28 -29 -30 -31
leaf_value=-3.4773616050520251 -7.7558690181800296 0.26562475900542226 -28.642808187575568 0.42475347543896408 -0.51097328999103642 -23.072116601467133 3.9476631087824128 0.033773880659258217 1.1691778419486969 -1.7146758765659549 -1.2940016866801307 0.003203100651165748 1.1293772272075768 -3.7658648625481872 0.98235174694231575 1.4834232516586781 -0.12068148482707329 -2.714527648560761 1.440713281929493 0.17700472114893095 -2.0527520446727672 0.11786691808245248 0.72953217828666772 -0.035500816551397363 -2.0240961808682187 0.67986285729884088 0.10886790679731734 1.7471250011807395 -0.29061343116763189 0.33680395627530607
leaf_weight=31 21 47 21 974 156 25 26 1502 249 22 25 188 27 20 21 24 300 32 20 2831 21 72 182 2011 20 22 3585 21 457 41
leaf_count=31 21 47 21 974 156 25 26 1502 249 22 25 188 27 20 21 24 300 32 20 2831 21 72 182 2011 20 22 3585 21 457 41
internal_value=0 -7.48273 -20.0175 0.0932864 0.0252403 -25.6153 1.54772 0.0348043 0.627518 -0.145887 0.106561 -0.135118 0.110883 0.107477 -1.33385 0.493294 -0.0850819 -0.392103 0.616397 0.114833 0.0809987 -0.372273 0.472738 -0.056606 -0.239645 0.0892497 0.112351 1.21413 -0.346692 -0.028062
internal_weight=0 160 67 12834 11384 46 93 11353 1450 3227 8126 3205 8101 8074 41 1180 2592 220 67 8033 5202 93 1156 2372 320 5109 3607 270 613 2052
internal_count=12994 160 67 12834 11384 46 93 11353 1450 3227 8126 3205 8101 8074 41 1180 2592 220 67 8033 5202 93 1156 2372 320 5109 3607 270 613 2052
is_linear=0
shrinkage=0.5


Tree=2
num_leaves=31
num_cat=0
split_feature=9 10 12 21 3 23 7 23 22 14 5 7 10 24 23 0 5 24 26 38 24 9 7 9 7 22 11 7 17 9
split_gain=9070.29 19159.2 3368.05 1060.81 1001.09 527.569 725.438 196.729 254.458 2822.37 2009.73 221.701 1508.63 141.179 133.858 125.289 104.198 788.276 244.023 799.37 155.757 60.7164 47.9147 40.7347 38.5359 46.4149 35.4945 33.524 349.912 28.3169
threshold=56.820301100000009 1.0000000180025095e-35 340.26230085000003 10.527777666666669 40.019498850000012 85.52339935000002 86.851497650000013 84.36714935000002 2.3798799500000007 1.0000000180025095e-35 1.0000000180025095e-35 86.070301050000012 1.0000000180025095e-35 4957.4350600000007 88.67964935000002 296.21850600000005 1.0000000180025095e-35 4842.2451200000005 75.578098300000008 0.25349999950000007 4923.9350600000007 53.71479990000001 85.663997650000013 55.49604990000001 81.913997650000013 1.8564400100000003 0.54003849600000009 84.21089935000002 286.49999990000003 7.3203101150000007
decision_type=2 2 2 2 2 2 2 2 2 2 2 2 2 2 2 2 2 2 2 2 2 2 2 2 2 2 2 2 2 2
left_child=5 4 -3 -4 -2 6 7 11 9 -9 -10 24 -13 16 21 -6 17 18 -11 -20 23 22 -7 27 -1 -26 -15 28 -18 -27
right_child=1 2 3 -5 15 14 -8 8 10 13 -12 12 -14 26 -16 -17 20 -19 19 -21 -22 -23 -24 -25 25 29 -28 -29 -30 -31
leaf_value=-0.19537071612838303 3.6607656717882491 -5.507075272500515 -16.028724098205565 -10.878939533233643 0.067021038802340629 0.16815359960826454 -2.3725474973907694 5.5865684384885039 -5.2709888641722502 0.093913111908696792 0.045197172493863035 0.042719757691366482 -3.7703034980258963 0.53080747745655199 0.6521516869553422 -1.3780235737562179 0.012886218694413192 -3.1761011249008808 -3.2131469305697831 0.074462975419624905 1.1184339085045982 1.0670322242446921 0.34780146979253018 0.55578090274372161 -0.058545107774498902 0.66246848113627899 1.4096322476863861 0.065374268303794475 -2.036626797396734 0.070403556658319474
leaf_weight=517 20 20 20 20 60 1064 32 23 20 465 160 137 32 27 226 20 2508 21 25 71 34 22 570 39 1194 36 20 5524 21 46
leaf_count=517 20 20 20 20 60 1064 32 23 20 465 160 137 32 27 226 20 2508 21 25 71 34 22 570 39 1194 36 20 5524 21 46
internal_value=0 -3.74137 -10.8049 -13.4538 0.496761 0.0466432 0.00461974 0.0115858 0.0429935 0.0550609 -0.54549 -0.131814 -0.679273 0.0405292 0.291192 -0.29424 0.0358646 -0.168506 -0.0559219 -0.781685 0.050502 0.241931 0.230821 0.0460149 -0.0802131 -0.0335544 0.904775 0.0435461 -0.00413228 0.330334
internal_weight=0 160 60 40 100 12834 10952 10920 8958 8778 180 1962 169 8755 1882 80 8708 582 561 96 8126 1656 1634 8092 1793 1276 47 8053 2529 82
internal_count=12994 160 60 40 100 12834 10952 10920 8958 8778 180 1962 169 8755 1882 80 8708 582 561 96 8126 1656 1634 8092 1793 1276 47 8053 2529 82
is_linear=0
shrinkage=0.5


Tree=3
num_leaves=31
num_cat=0
split_feature=9 3 25 28 14 0 7 7 26 9 23 23 24 26 9 5 22 24 30 21 22 15 12 22 7 23 10 21 23 23
split_gain=2267.57 7670.44 2162.33 1697.95 1393.02 619.47 160.949 165.027 139.812 104.265 101.441 88.1159 264.845 1829.4 61.845 53.8128 78.2019 73.5289 50.4445 734.858 69.9614 39.0653 44.5952 309.321 25.8957 52.9348 249.782 36.9162 292.621 23.7999
threshold=56.820301100000009 29.035100000000003 171.55000300000003 0.46875000000000006 1.0000000180025095e-35 296.21850600000005 86.913997650000013 86.851497650000013 75.578098300000008 55.949199700000008 85.55464935000002 84.92964935000002 4911.8750000000009 75.109348300000008 44.566400550000004 1.0000000180025095e-35 1.9287050350000003 4842.2451200000005 87.882801050000012 5.4722221694444455 2.5996049650000006 2015.5000000000002 352.36974945000003 1.4462800050000002 86.070301050000012 84.320301050000012 1.0000000180025095e-35 13.138889222222224 84.30464935000002 84.39839935000002
decision_type=2 2 2 2 2 2 2 2 2 2 2 2 2 2 2 2 2 2 2 2 2 2 2 2 2 2 2 2 2 2
left_child=4 2 3 -2 -1 8 7 9 -3 11 -8 12 18 14 -14 16 17 -13 19 -6 21 22 24 -24 27 26 -26 -20 -29 -23
right_child=1 5 -4 -5 6 -7 10 -9 -10 -11 -12 15 13 -15 -16 -17 -18 -19 20 -21 -22 29 23 -25 25 -27 -28 28 -30 -31
leaf_value=-3.2714928421191871 -0.35806992650032043 -0.20728570604795946 -9.406745199803952 -6.8733331799507145 -0.032913406695157403 3.1392721777352004 1.3167751679817836 -1.3477367660538717 1.3711102115572431 1.0043791652553611 0.26229301458711618 0.12374385849152049 1.3569758132100105 -4.533824423328042 0.22089548307754422 0.058900297332207967 1.2207115389894516 1.1276934593915939 0.021721468441174445 -2.410591828276996 0.68959489511624461 0.14477784492318396 -0.021923555483156366 -2.0810724489856511 0.037770618216660744 0.057275495401358185 2.0210137724876405 -0.034753600274613355 -1.9128696753283625 0.89056222978979349
leaf_weight=32 20 47 27 20 2130 26 24 22 20 27 459 207 25 24 23 4930 21 20 3197 33 39 23 207 20 77 870 20 362 22 20
leaf_count=32 20 47 27 20 2130 26 24 22 20 27 459 207 25 24 23 4930 21 20 3197 33 39 23 207 20 77 870 20 362 22 20
internal_value=0 -1.87068 -5.94941 -3.6157 0.0233216 1.06775 0.0315573 0.0204564 0.263877 0.0229041 0.31469 0.0207444 -0.0154608 -0.969539 0.812604 0.0703326 0.297596 0.212198 -0.00567542 -0.0691887 0.0226093 0.0172103 0.0129379 -0.203346 0.023733 0.0963374 0.446687 0.00412723 -0.142354 0.491654
internal_weight=0 160 67 40 12834 93 12802 12319 67 12297 483 12270 7092 72 48 5178 248 227 7020 2163 4857 4818 4775 227 4548 967 97 3581 384 43
internal_count=12994 160 67 40 12834 93 12802 12319 67 12297 483 12270 7092 72 48 5178 248 227 7020 2163 4857 4818 4775 227 4548 967 97 3581 384 43
is_linear=0
shrinkage=0.5


Tree=4
num_leaves=31
num_cat=0
split_feature=9 5 22 3 22 14 15 15 12 24 24 11 23 23 0 24 7 25 24 21 19 11 24 3 5 22 9 11 23 33
split_gain=566.893 2451.74 1644.27 942.906 462.253 348.254 68.688 113.416 188.773 64.3669 118.431 1087.76 115.456 75.7098 63.7669 54.6967 383.639 873.32 29.9042 64.6906 33.655 266.991 25.4777 29.6504 19.2351 18.2607 47.1983 67.6857 14.454 11.2325
threshold=56.820301100000009 1.0000000180025095e-35 1.4462800050000002 29.035100000000003 0.68066352600000013 1.0000000180025095e-35 1086.5000000000002 1082.5000000000002 337.64200055000003 4957.4350600000007 4911.8750000000009 0.51074150200000012 84.913997650000013 84.945301050000012 294.84350600000005 4442.6250000000009 84.17964935000002 163.05000300000003 4799.3100600000007 13.194444444444446 878.43750000000011 0.26562450850000002 4911.8750000000009 47.550699250000001 1.0000000180025095e-35 2.1923799500000007 1.0000000180025095e-35 0.43456999950000003 82.92964935000002 454.28100600000005
decision_type=2 2 2 2 2 2 2 2 2 2 2 2 2 2 2 2 2 2 2 2 2 2 2 2 2 2 2 2 2 2
left_child=5 -2 3 -3 -5 -1 7 9 -9 10 15 12 -12 -11 -6 16 28 -18 20 24 25 -22 -8 -24 -20 -17 27 -27 -7 -30
right_child=1 2 -4 4 14 6 22 8 -10 13 11 -13 -14 -15 -16 18 17 -19 19 -21 21 -23 23 -25 -26 26 -28 -29 29 -31
leaf_value=-1.6357465051114559 -5.4835853606462477 -3.0975228355211368 3.6596398875117302 2.1320614880416544 -0.27297052350272805 -0.38840979337692261 0.067040658137605305 -1.9465672091231681 0.023720355257542142 0.90776817397110987 1.4491459688414698 -2.9698376765591092 0.099729800400525037 0.13410118758732167 -1.3810968099161982 0.0029774658239395723 -4.033586097112857 -0.062656562855570683 0.42884806047111529 0.60584752649816942 -1.9291178251965904 0.059704903608050058 0.18316349338992155 0.80683350101822904 0.041046879262478832 0.1481446819797827 0.015627744948044104 1.2794953053860809 -0.033107357703925533 0.28243862410830656
leaf_weight=32 25 34 24 20 37 28 2957 20 31 36 23 32 51 260 20 7020 20 45 34 61 20 108 206 21 537 39 178 20 1026 29
leaf_count=32 25 34 24 20 37 28 2957 20 31 36 23 32 51 260 20 7020 20 45 34 61 20 108 206 21 537 39 178 20 1026 29
internal_value=0 -0.935342 -0.0930743 -0.904472 0.0638881 0.0116608 0.0157787 -0.00529381 -0.748941 -0.00132956 -0.00865773 -0.534134 0.519143 0.228196 -0.661787 -0.00258021 -0.104655 -1.28448 0.0120365 0.116424 0.00310316 -0.251049 0.0794329 0.24086 0.0641384 0.00758593 0.14409 0.531653 -0.0338439 -0.0244336
internal_weight=0 160 135 111 77 12834 12802 9618 51 9567 9271 106 74 296 57 9165 1148 65 8017 632 7385 128 3184 227 571 7257 237 59 1083 1055
internal_count=12994 160 135 111 77 12834 12802 9618 51 9567 9271 106 74 296 57 9165 1148 65 8017 632 7385 128 3184 227 571 7257 237 59 1083 1055
is_linear=0
shrinkage=0.5


Tree=5
num_leaves=31
num_cat=0
split_feature=22 9 3 14 10 9 7 20 17 9 24 22 22 15 3 9 26 24 23 24 23 9 9 7 26 38 23 25 0 13
split_gain=187.409 160.017 146.517 2468.23 694.841 1945.7 1858.11 1044.68 5267.92 658.8 446.604 408.045 283.17 592.871 260.698 91.6766 68.3453 56.5105 108.384 35.6332 32.8934 283.191 74.1962 31.1537 29.5297 54.3513 28.5362 89.6872 24.8697 19.4859
threshold=3.2275350100000004 63.550750750000006 12.011700150000001 1.0000000180025095e-35 1.0000000180025095e-35 7.0273401750000009 85.61714935000002 1.0000000180025095e-35 284.40000000000003 8.2929649350000023 4937.8750000000009 2.4531199900000007 1.8115199800000001 764.50000000000011 8.2382750500000004 59.023399350000005 75.671848300000008 4899.4350600000007 84.695301050000012 4831.7451200000005 86.070301050000012 51.605400100000004 56.820301100000009 86.851497650000013 75.578098300000008 0.25550000350000007 85.77339935000002 168.75000000000003 292.34350600000005 1.0000000180025095e-35
decision_type=2 2 2 2 2 2 2 2 2 2 2 2 2 2 2 2 2 2 2 2 2 2 2 2 2 2 2 2 2 2
left_child=1 2 4 -4 9 7 -7 8 -6 -1 11 12 14 -14 16 17 19 20 -19 24 22 -22 23 29 -9 -26 27 28 -20 -5
right_child=-2 -3 3 15 5 6 -8 10 -10 -11 -12 -13 13 -15 -16 -17 -18 18 26 -21 21 -23 -24 -25 25 -27 -28 -29 -30 -31
leaf_value=0.022908768793777672 -1.4259917064261136 -1.2612302124500274 5.2106452817502227 -0.077499898398776093 -0.0024959223444186917 -6.4956620668619873 -0.94538957321722261 0.019721691234865411 -9.0317470389883958 2.9035268137231469 -1.9598761281833565 2.2688452653586864 0.69830208919618442 -2.7562314337205693 -1.7025947503279895 0.82106972862190253 0.94231117155402899 1.223272791520382 -0.48960506680887195 0.63632766504226057 0.061926617744936983 1.9691939848475157 -0.7128491869661957 0.45821315322169348 1.0654907021205873 0.090222757272422308 0.079335910217606651 1.0006264729957495 0.29890154972672461 0.011781503091992275
leaf_weight=2616 23 25 23 666 84 25 38 449 20 20 29 20 23 27 20 36 25 24 20 29 724 20 36 38 20 50 390 35 20 7419
leaf_count=2616 23 25 23 666 84 25 38 449 20 20 29 20 23 27 20 36 25 24 20 29 724 20 36 38 20 50 390 35 20 7419
internal_value=0 0.00252855 0.00496899 0.0373157 -0.0825014 -0.473041 -3.14788 -0.261339 -1.73889 0.0447647 -0.0392795 0.0447285 -0.0244509 -1.16715 0.0718978 0.0246952 0.133835 0.0216426 0.187132 0.0969516 0.0125531 0.113197 0.00337561 0.00654981 0.0668131 0.368871 0.133653 0.416105 -0.0953518 0.00442697
internal_weight=0 12971 12946 9451 3495 859 63 796 104 2636 692 663 643 50 593 9428 573 9392 489 548 8903 744 8159 8123 519 70 465 75 40 8085
internal_count=12994 12971 12946 9451 3495 859 63 796 104 2636 692 663 643 50 593 9428 573 9392 489 548 8903 744 8159 8123 519 70 465 75 40 8085
is_linear=0
shrinkage=0.5


end of trees

feature_importances:
Column_23=36
Column_24=23
Column_9=20
Column_7=14
Column_22=13
Column_3=7
Column_26=7
Column_5=6
Column_10=6
Column_11=6
Column_14=6
Column_0=5
Column_21=5
Column_12=4
Column_15=4
Column_25=4
Column_13=2
Column_17=2
Column_19=2
Column_30=2
Column_38=2
Column_20=1
Column_28=1
Column_33=1
Column_34=1

parameters:
[boosting: gbdt]
[objective: regression]
[metric: rmse,l2]
[tree_learner: serial]
[device_type: cpu]
[data: ]
[valid: ]
[num_iterations: 20]
[learning_rate: 0.5]
[num_leaves: 31]
[num_threads: -1]
[deterministic: 0]
[force_col_wise: 0]
[force_row_wise: 0]
[histogram_pool_size: -1]
[max_depth: 20]
[min_data_in_leaf: 20]
[min_sum_hessian_in_leaf: 0.001]
[bagging_fraction: 1]
[pos_bagging_fraction: 1]
[neg_bagging_fraction: 1]
[bagging_freq: 0]
[bagging_seed: 3]
[feature_fraction: 1]
[feature_fraction_bynode: 1]
[feature_fraction_seed: 2]
[extra_trees: 0]
[extra_seed: 6]
[early_stopping_round: 1000]
[first_metric_only: 0]
[max_delta_step: 0]
[lambda_l1: 0]
[lambda_l2: 0]
[linear_lambda: 0]
[min_gain_to_split: 0]
[drop_rate: 0.1]
[max_drop: 50]
[skip_drop: 0.5]
[xgboost_dart_mode: 0]
[uniform_drop: 0]
[drop_seed: 4]
[top_rate: 0.2]
[other_rate: 0.1]
[min_data_per_group: 100]
[max_cat_threshold: 32]
[cat_l2: 10]
[cat_smooth: 10]
[max_cat_to_onehot: 4]
[top_k: 20]
[monotone_constraints: ]
[monotone_constraints_method: basic]
[monotone_penalty: 0]
[feature_contri: ]
[forcedsplits_filename: ]
[refit_decay_rate: 0.9]
[cegb_tradeoff: 1]
[cegb_penalty_split: 0]
[cegb_penalty_feature_lazy: ]
[cegb_penalty_feature_coupled: ]
[path_smooth: 0]
[interaction_constraints: ]
[verbosity: -1]
[saved_feature_importance_type: 0]
[linear_tree: 0]
[max_bin: 255]
[max_bin_by_feature: ]
[min_data_in_bin: 3]
[bin_construct_sample_cnt: 200000]
[data_random_seed: 1]
[is_enable_sparse: 1]
[enable_bundle: 1]
[use_missing: 1]
[zero_as_missing: 0]
[feature_pre_filter: 1]
[pre_partition: 0]
[two_round: 0]
[header: 0]
[label_column: ]
[weight_column: ]
[group_column: ]
[ignore_column: ]
[categorical_feature: ]
[forcedbins_filename: ]
[precise_float_parser: 0]
[objective_seed: 5]
[num_class: 1]
[is_unbalance: 0]
[scale_pos_weight: 1]
[sigmoid: 1]
[boost_from_average: 1]
[reg_sqrt: 0]
[alpha: 0.9]
[fair_c: 1]
[poisson_max_delta_step: 0.7]
[tweedie_variance_power: 1.5]
[lambdarank_truncation_level: 30]
[lambdarank_norm: 1]
[label_gain: ]
[eval_at: ]
[multi_error_top_k: 1]
[auc_mu_weights: ]
[num_machines: 1]
[local_listen_port: 12400]
[time_out: 120]
[machine_list_filename: ]
[machines: ]
[gpu_platform_id: -1]
[gpu_device_id: -1]
[gpu_use_dp: 0]
[num_gpu: 1]

end of parameters

pandas_categorical:null
