tree
version=v3
num_class=1
num_tree_per_iteration=1
label_index=0
max_feature_idx=41
objective=regression
feature_names=Column_0 Column_1 Column_2 Column_3 Column_4 Column_5 Column_6 Column_7 Column_8 Column_9 Column_10 Column_11 Column_12 Column_13 Column_14 Column_15 Column_16 Column_17 Column_18 Column_19 Column_20 Column_21 Column_22 Column_23 Column_24 Column_25 Column_26 Column_27 Column_28 Column_29 Column_30 Column_31 Column_32 Column_33 Column_34 Column_35 Column_36 Column_37 Column_38 Column_39 Column_40 Column_41
feature_infos=[0:351.125] [0:1] none [0:76.406196600000001] none [0:1] none [76.6875:94.140602099999995] [0:1] [0:74.273399400000002] [0:1] [0.027343999599999998:2.0957000300000002] [279.67991008999996:369.40150299999999] [0:1] [0:1] [-297:2985] none [245.35000079999998:312.44999919999998] [0:1] [657.625:970.5] [0:1] [-17.277778000000001:285.072225] [0.083984002500000002:3.6503899099999999] [81.609298699999997:91.468696600000001] [3872.37012:6123.5] [0:193.10000600000001] [73.218696600000001:82.625] [0:1] [-2.3125:1.5625] none [81.281196600000001:94.234298699999997] [0:1] none [0:555.93701199999998] [244.58749999999998:311.1030983] [0:1] [70.571403500000002:124.98400100000001] none [0.20100000500000001:0.30399999] none [0:1] none
tree_sizes=2681 2747 2738 2747 2749 2762 2740 2787 2786 2802 2751 2747 2723 2767 2775 2741 2731 2782 2776

Tree=0
num_leaves=31
num_cat=0
split_feature=17 19 33 19 19 21 19 7 34 19 19 33 19 19 30 19 30 34 19 33 19 30 30 19 19 19 19 7 19 17
split_gain=698736 557190 314983 319452 163964 135658 123243 105454 93271.7 84801.4 82408.1 70605.3 97649.7 64453.2 56252.2 53854.7 45205.6 39184.6 71158 39897.7 36978.4 27882 24292.7 32602.8 23873.6 23428.3 23237.8 22873.7 21690.8 21376.6
threshold=280.90000000000003 850.81250000000011 480.40600600000005 818.68750000000011 796.43750000000011 -1.8055555555555554 833.06250000000011 84.851497650000013 286.04840030000003 795.18750000000011 762.18750000000011 488.15600600000005 863.68750000000011 834.68750000000011 85.24214935000002 780.93750000000011 89.61714935000002 265.11093988500005 733.68750000000011 397.46850600000005 806.18750000000011 86.757801050000012 90.67964935000002 881.56250000000011 863.18750000000011 831.68750000000011 816.93750000000011 85.30464935000002 821.93750000000011 286.90000000000003
decision_type=2 2 2 2 2 2 2 2 2 2 2 2 2 2 2 2 2 2 2 2 2 2 2 2 2 2 2 2 2 2
left_child=4 2 3 8 5 10 28 25 9 -2 17 24 -13 -9 -12 -7 -8 18 -1 -20 -10 -6 23 -14 27 29 -23 -3 -4 -5
right_child=1 11 6 7 21 15 16 13 20 -11 14 12 22 -15 -16 -17 -18 -19 19 -21 -22 26 -24 -25 -26 -27 -28 -29 -30 -31
leaf_value=38.92716775891774 50.087482364820502 26.905508004757454 56.07502489582717 30.979533293252032 24.79346837118598 44.770485266701463 42.460405392278581 42.584290963240981 54.774759060818099 39.998887413804084 22.988073088184453 41.346923514928328 34.511519395837631 35.982879790731111 31.933216543686484 36.934443214245057 47.928261491398793 40.734707611208144 22.692963655383576 33.004161795041213 47.667379312969075 33.387010781405017 39.434670263344557 27.043273467015528 27.688030538650015 28.068858966794643 26.743580332346902 34.878053283197474 51.10001815301861 38.01513137885
leaf_weight=406 296 110 351 236 423 408 635 798 288 703 238 793 633 689 672 474 934 313 138 293 502 278 165 190 259 243 250 494 583 199
leaf_count=406 296 110 351 236 423 408 635 798 288 703 238 793 633 689 672 474 934 313 138 293 502 278 165 190 259 243 250 494 583 199
internal_value=39.1316 41.5296 44.0331 41.2546 33.5255 35.3704 48.4223 37.1692 46.1986 42.9881 33.1488 35.4158 37.2144 39.5255 29.5937 40.5593 45.7153 35.9619 34.1772 29.7027 50.2584 27.8182 33.8975 32.7874 31.704 32.0013 30.2414 33.4261 52.9696 34.1981
internal_weight=0 9101 6457 3954 3893 2942 2503 2165 1789 999 2060 2644 1781 1487 910 882 1569 1150 837 431 790 951 988 823 863 678 528 604 934 435
internal_count=12994 9101 6457 3954 3893 2942 2503 2165 1789 999 2060 2644 1781 1487 910 882 1569 1150 837 431 790 951 988 823 863 678 528 604 934 435
is_linear=0
shrinkage=1


Tree=1
num_leaves=31
num_cat=0
split_feature=21 19 33 19 19 10 9 21 10 33 19 19 19 19 34 7 10 19 10 7 5 19 30 30 19 30 10 7 19 30
split_gain=196815 207294 95716.8 86064.4 70797.7 63341.5 64008.9 62360.4 51616.8 38053 35591.9 35362.8 32156.8 28902.6 33161 27148.2 24905.3 24875 22423.7 22274.8 20557.8 19156.1 19930 18469 22396.1 18214 17281.2 16982.3 16302.5 15722
threshold=4.0833334138888899 842.06250000000011 473.71850600000005 809.43750000000011 806.18750000000011 1.0000000180025095e-35 56.820301100000009 -0.58333333888888872 1.0000000180025095e-35 492.21850600000005 775.93750000000011 867.68750000000011 775.06250000000011 813.93750000000011 295.36090030000003 82.14839935000002 1.0000000180025095e-35 745.18750000000011 1.0000000180025095e-35 83.851497650000013 1.0000000180025095e-35 775.06250000000011 85.757801050000012 83.632801050000012 696.00000000000011 84.86714935000002 1.0000000180025095e-35 85.67964935000002 857.93750000000011 85.80464935000002
decision_type=2 2 2 2 2 2 2 2 2 2 2 2 2 2 2 2 2 2 2 2 2 2 2 2 2 2 2 2 2 2
left_child=4 2 3 -2 7 9 20 8 10 27 15 -11 -9 -4 16 17 -15 23 -5 -6 -7 -10 -23 24 -1 -19 -14 -3 -29 -12
right_child=1 5 13 18 19 6 -8 12 21 11 29 -13 26 14 -16 -17 -18 25 -20 -21 -22 22 -24 -25 -26 -27 -28 28 -30 -31
leaf_value=5.058767680559928 6.1030447182192953 -5.9996725134329454 10.234718009447439 -1.9450551002971042 -9.4984396013594772 -0.12249973416037392 -18.871721437999181 7.9423573092080471 1.861177180069004 1.5860356976167009 -12.656924268970752 -3.7511134743913117 -1.0221860007547614 2.3126028339525733 7.8103759631812624 1.0983369143113575 6.6273409230058302 -10.779498511368466 3.458460341685492 -4.4313626372493991 4.6208530197478828 -7.3397550474699234 0.26636056431702204 0.35125893315792484 -10.592336390167475 -4.4525903581082824 3.8215732257904165 -0.81557182387223293 -5.0668546986343248 -6.4368614958721899
leaf_weight=30 602 671 312 1162 393 360 35 164 546 813 146 502 656 1006 753 278 501 194 230 484 625 146 210 299 96 275 256 512 403 334
leaf_count=30 602 671 312 1162 393 360 35 164 546 813 146 502 656 1006 753 278 501 194 230 484 625 146 210 299 96 275 256 512 403 334
internal_value=0 1.41806 3.70796 1.10799 -2.6703 -1.24853 2.14061 -1.69625 -3.04139 -2.44016 -4.70233 -0.451416 1.49658 5.72365 5.10088 -3.21708 3.74703 -4.55902 -1.05223 -6.70201 2.88724 0.000592264 -2.853 -1.78841 -6.86588 -7.06969 0.337466 -4.08909 -2.68799 -8.3288
internal_weight=0 8487 4566 1994 4507 3921 1020 3630 2554 2901 1652 1315 1076 2572 2260 1172 1507 894 1392 877 985 902 356 425 126 469 912 1586 915 480
internal_count=12994 8487 4566 1994 4507 3921 1020 3630 2554 2901 1652 1315 1076 2572 2260 1172 1507 894 1392 877 985 902 356 425 126 469 912 1586 915 480
is_linear=0
shrinkage=0.5


Tree=2
num_leaves=31
num_cat=0
split_feature=7 19 7 19 19 7 19 7 7 19 21 19 17 19 10 19 19 7 34 7 10 33 21 3 19 7 7 19 7 9
split_gain=57298.6 71154 54769.3 48711.5 41493.5 40653.4 34119.6 23767 17696.2 17630.4 17258.9 20916.1 17722 17379.8 16954 15947.8 14552.5 13006.2 12582.5 12091.5 10034.9 9554.42 9484.85 9309.24 9277.17 9160.84 7772.29 7574.84 7111.23 7003.71
threshold=83.507801050000012 828.43750000000011 85.21089935000002 856.81250000000011 788.56250000000011 85.11714935000002 789.31250000000011 85.913997650000013 87.351497650000013 877.68750000000011 -3.3055555833333332 712.93750000000011 259.59999980000003 766.81250000000011 1.0000000180025095e-35 752.56250000000011 890.43750000000011 84.288997650000013 286.47030010000003 81.913997650000013 1.0000000180025095e-35 376.40600600000005 10.249999888888892 32.347599050000007 821.18750000000011 85.788997650000013 79.413997650000013 802.43750000000011 82.99214935000002 58.074199700000008
decision_type=2 2 2 2 2 2 2 2 2 2 2 2 2 2 2 2 2 2 2 2 2 2 2 2 2 2 2 2 2 2
left_child=4 5 18 7 10 6 -2 29 9 22 11 21 26 -12 17 -14 -10 27 -3 -17 -9 -1 -5 -22 28 -7 -13 -8 -6 -4
right_child=1 2 3 8 24 25 14 20 16 -11 13 12 15 -15 -16 19 -18 -19 -20 -21 23 -23 -24 -25 -26 -27 -28 -29 -30 -31
leaf_value=-3.9081426082235393 5.999939501829564 -6.99351272083433 0.17860162229445423 -4.4968085043418862 -5.8621952431996416 3.7924765405942851 0.13950151477348074 1.8701543134859098 4.7806623386928724 -6.4518918879018416 4.3694681987073629 -13.957145190238952 0.65939285981636331 -0.42151213028023482 3.0295587447365864 -4.9533811251079234 -2.220032712150561 0.78662952887273185 -2.8561431127956745 -0.74337196776201098 2.1221712140062832 5.6649910910355468 -1.1301988250281172 6.3422039309395597 -10.923643215227935 6.7845764318167161 -5.3238773956969752 -3.4100473712416894 -2.798611125921763 -9.2359200641512871
leaf_weight=33 315 251 1611 260 401 909 239 1003 168 239 261 30 456 689 483 397 133 1003 686 299 227 124 1071 308 59 356 199 405 359 20
leaf_count=33 315 251 1611 260 401 909 239 1003 168 239 261 30 456 689 483 397 133 1003 686 299 227 124 1071 308 59 356 199 405 359 20
internal_value=0 0.61347 -0.454159 0.198448 -1.797 2.33347 1.14295 1.39284 -1.82455 -2.49784 -0.780846 -1.81583 -2.43754 0.894747 0.424666 -1.63896 1.68733 -0.339246 -3.96445 -3.14477 2.80292 3.6528 -1.78784 4.55165 -4.88393 4.63452 -6.45487 -2.09275 -4.41505 0.0631568
internal_weight=0 9687 5977 5040 3307 3710 2445 3169 1871 1570 2488 1538 1381 950 2130 1152 301 1647 937 696 1538 157 1331 535 819 1265 229 644 760 1631
internal_count=12994 9687 5977 5040 3307 3710 2445 3169 1871 1570 2488 1538 1381 950 2130 1152 301 1647 937 696 1538 157 1331 535 819 1265 229 644 760 1631
is_linear=0
shrinkage=0.5


Tree=3
num_leaves=31
num_cat=0
split_feature=10 9 9 17 19 17 19 19 19 7 17 19 30 7 19 28 28 19 33 30 17 7 19 7 19 34 19 19 34 19
split_gain=37310.4 37217.1 34335.8 21463.3 17603.4 18049.9 12431.1 11989.8 9588.35 9534.86 9423.53 9082.51 8583.62 7690.2 11547.4 7526.99 6445.64 6151 5880.23 5459.07 5331.44 5146.51 5759.85 4549.46 6869.75 6279.57 4401.69 4215.98 4070.09 3946.54
threshold=1.0000000180025095e-35 56.820301100000009 40.605400100000004 278.60000005000001 825.06250000000011 290.30000060000003 770.31250000000011 842.81250000000011 846.56250000000011 81.02339935000002 298.80000060000003 722.68750000000011 90.226497650000013 84.67964935000002 785.56250000000011 0.40625000000000006 0.40625000000000006 754.31250000000011 494.15600600000005 82.726497650000013 290.80000060000003 82.695301050000012 809.43750000000011 81.80464935000002 809.43750000000011 297.18900050000002 816.93750000000011 778.68750000000011 273.07968750000003 900.43750000000011
decision_type=2 2 2 2 2 2 2 2 2 2 2 2 2 2 2 2 2 2 2 2 2 2 2 2 2 2 2 2 2 2
left_child=3 2 23 6 13 -6 9 20 10 11 -7 19 16 14 -5 -3 -10 -11 -9 -1 -4 -8 -23 27 -25 28 -22 -2 -26 -14
right_child=1 15 7 4 5 8 21 18 12 17 -12 -13 29 -15 -16 -17 -18 -19 -20 -21 26 22 -24 24 25 -27 -28 -29 -30 -31
leaf_value=-6.3804075622558596 -0.42952615627220697 -3.3823698588779996 3.1982315923437974 3.4561941995335794 -3.0240567757811121 -0.0054133939426448674 -4.6085329169111295 0.38709011462977133 -2.3202449836553587 2.4610147154813662 2.85534133267103 -4.3149102837504714 1.7034888586646988 1.9120973916745021 -0.47930473910156546 -15.123621011391664 -0.45617847786288096 -0.75596484400969199 3.7276274640537759 1.6540470386236688 9.2143738661239389 -1.5708643324136016 -5.4354599631634075 2.0083960945911286 -3.4730107391078491 2.058105500560238 4.849681911060947 -4.0825639912749034 -0.38879305345302062 -2.526112074118394
leaf_weight=25 350 21 571 222 709 1322 395 415 959 244 368 272 364 1125 1162 39 898 380 193 137 67 508 119 530 128 234 419 102 651 65
leaf_count=25 350 21 571 222 709 1322 395 415 959 244 368 272 364 1125 1162 39 898 380 193 137 67 508 119 530 128 234 419 102 651 65
internal_value=0 1.33775 1.54024 -0.536601 -0.127593 -0.699965 -1.95122 3.2166 -0.285534 -0.749849 0.61752 -2.54968 -0.953145 0.941185 0.151967 -11.0142 -1.41883 0.501957 1.44749 0.414162 4.23422 -3.1949 -2.30434 0.141174 0.549836 -0.21328 5.4514 -1.25388 -0.895571 1.06264
internal_weight=0 3720 3660 9274 7194 4685 2080 1665 3976 1058 1690 434 2286 2509 1384 60 1857 624 608 162 1057 1022 627 1995 1543 1013 486 452 779 429
internal_count=12994 3720 3660 9274 7194 4685 2080 1665 3976 1058 1690 434 2286 2509 1384 60 1857 624 608 162 1057 1022 627 1995 1543 1013 486 452 779 429
is_linear=0
shrinkage=0.5


Tree=4
num_leaves=31
num_cat=0
split_feature=7 19 19 10 30 7 3 9 7 19 19 17 7 9 19 19 19 19 21 19 9 7 19 19 21 17 19 7 19 19
split_gain=11711.6 12684.4 10502.3 9213.04 9086.62 8635.17 7097.79 8292.66 6712.57 12472.8 7554.01 5956.35 5122.27 4905.62 4603.39 4564.79 3435.3 3339.24 3264.47 2999.72 2644.52 2610.27 4828.7 4417.97 2499.64 2278.79 2276.95 4001.57 4283.13 2732.01
threshold=86.195301050000012 855.68750000000011 872.06250000000011 1.0000000180025095e-35 88.67964935000002 87.11714935000002 40.58979990000001 56.820301100000009 84.11714935000002 801.06250000000011 812.18750000000011 301.59999980000003 89.27339935000002 39.675699250000001 874.18750000000011 837.68750000000011 838.43750000000011 922.62500000000011 8.5277777222222237 896.31250000000011 58.074199700000008 82.83589935000002 769.06250000000011 783.93750000000011 11.638888777777781 302.70000020000003 706.43750000000011 80.77339935000002 736.81250000000011 760.18750000000011
decision_type=2 2 2 2 2 2 2 2 2 2 2 2 2 2 2 2 2 2 2 2 2 2 2 2 2 2 2 2 2 2
left_child=1 3 5 8 -3 15 7 -5 10 -10 21 16 19 -8 -6 -2 -11 -14 -18 25 -17 23 -23 26 -16 -4 -1 29 -29 -28
right_child=2 4 12 6 14 -7 13 -9 9 11 -12 -13 17 -15 24 20 18 -19 -20 -21 -22 22 -24 -25 -26 -27 27 28 -30 -31
leaf_value=2.0566842600922373 3.30952117183107 -9.9007498236263505 -1.8072801737451576 0.23113024236652233 -1.0773407346209924 4.9285445066757108 -2.2234684350093206 -8.2948915650104649 2.9376809829684523 -0.019995860869261764 -3.5190199811576868 2.2175236288535398 3.8848040295211046 1.9583507508548252 -6.6963236287788108 0.98236819704288614 -2.3185239187690994 -2.7022517094245324 -0.50878796967762441 -5.7466715167869218 -4.8226079374551771 3.2914628847358154 -0.41220404521438997 -3.2794733569025993 -2.6625902855303138 2.5933716441645767 -2.0855807553622316 2.9091421460986813 -0.75667089879861338 -7.7639891893967334
leaf_weight=68 235 34 271 1721 817 190 75 29 346 2555 257 241 74 1080 54 1031 355 26 836 44 20 97 949 201 133 33 268 88 843 23
leaf_count=68 235 34 271 1721 817 190 75 29 346 2555 257 241 74 1080 54 1031 355 26 836 44 20 97 949 201 133 33 268 88 843 23
internal_value=0 -0.197895 1.13862 -0.025734 -1.86179 1.7822 0.724779 0.0898419 -0.331647 0.058008 -0.935932 -0.191896 -0.981759 1.6868 -1.58956 1.31735 -0.346907 2.17217 -1.04821 -1.88806 0.871902 -0.674263 -0.0687474 -1.09906 -3.82741 -1.32958 -0.759319 -0.91602 -0.410171 -2.53439
internal_weight=0 11070 1924 10032 1038 1476 2905 1750 7127 4333 2794 3987 448 1155 1004 1286 3746 100 1191 348 1051 2537 1046 1491 187 304 1290 1222 931 291
internal_count=12994 11070 1924 10032 1038 1476 2905 1750 7127 4333 2794 3987 448 1155 1004 1286 3746 100 1191 348 1051 2537 1046 1491 187 304 1290 1222 931 291
is_linear=0
shrinkage=0.5


Tree=5
num_leaves=31
num_cat=0
split_feature=28 7 19 21 7 19 10 17 19 19 33 33 28 19 7 9 19 30 19 21 7 19 7 19 19 23 7 19 17 13
split_gain=7431.75 4327.24 6355.33 4536.86 4273.37 4086.32 3330.87 3305.66 4993.4 3132.56 3523.03 3030.62 2974.51 2622.91 3900.2 2667.44 2578.06 2995.06 2482.01 2439.17 2354.45 4363.73 2290.14 2288.54 2126.16 2115.93 2102.7 2007.85 1976.72 1844.6
threshold=0.34375000000000006 86.538997650000013 821.56250000000011 4.5277778305555563 83.71089935000002 839.56250000000011 1.0000000180025095e-35 291.20000020000003 825.81250000000011 885.06250000000011 518.93750000000011 500.53100600000005 0.65625000000000011 787.18750000000011 80.945301050000012 55.949199700000008 791.43750000000011 86.070301050000012 868.81250000000011 9.8055558888888914 81.61714935000002 739.56250000000011 86.58589935000002 747.56250000000011 854.06250000000011 83.92964935000002 79.624950400000003 799.06250000000011 262.99999990000003 1.0000000180025095e-35
decision_type=2 2 2 2 2 2 2 2 2 2 2 2 2 2 2 2 2 2 2 2 2 2 2 2 2 2 2 2 2 2
left_child=1 2 4 5 16 -4 -6 13 -9 11 -11 24 22 14 -2 25 20 -18 19 -5 21 26 -10 -22 -3 -15 -1 -8 -23 -19
right_child=7 9 3 18 6 -7 27 8 12 10 -12 -13 -14 15 -16 -17 17 29 -20 -21 23 28 -24 -25 -26 -27 -28 -29 -30 -31
leaf_value=-1.7852896698284895 -0.8795978277659332 2.3431153449678925 -1.9450248801615089 -1.1236971871163499 0.30664014699614628 -6.6544882163666843 5.3227818975845969 2.0720214295563628 -0.012282576087993975 -1.8234862261692639 4.4970757972735624 4.4867459564254837 1.1261873821339807 -3.6268400425205427 1.3951412489628898 -5.7271713330410421 -3.705878502378861 0.64767191573475047 -2.3037321924745124 -0.11498930336941274 3.7134790287042656 -3.4398848161672371 3.7679443551999765 0.18506218217687889 -0.098503427189088569 -0.27520384218170624 1.1156411290168762 1.6586212468379897 -1.135273901899827 -1.4635321903099985
leaf_weight=80 284 168 240 1232 1099 57 45 583 1757 145 26 78 1072 49 560 24 108 152 245 1167 48 137 41 1079 190 1208 285 221 290 324
leaf_count=80 284 168 240 1232 1099 57 45 583 1757 145 26 78 1072 49 560 24 108 152 245 1167 48 137 41 1079 190 1208 285 221 290 324
internal_value=0 -0.327943 -0.44198 -0.995958 -0.0207666 -2.84886 0.6909 0.436003 0.737957 0.951256 -0.862465 1.6626 0.466961 -0.0546542 0.629708 -0.505553 -0.408871 -1.32872 -0.787822 -0.633009 -0.128937 -0.789595 0.0739184 0.335341 1.04728 -0.405856 0.479821 2.2785 -1.87469 -0.789366
internal_weight=0 7416 6809 2941 3868 297 1365 5578 3453 607 171 436 2870 2125 844 1281 2503 584 2644 2399 1919 792 1798 1127 358 1257 365 266 427 476
internal_count=12994 7416 6809 2941 3868 297 1365 5578 3453 607 171 436 2870 2125 844 1281 2503 584 2644 2399 1919 792 1798 1127 358 1257 365 266 427 476
is_linear=0
shrinkage=0.5


Tree=6
num_leaves=31
num_cat=0
split_feature=14 10 34 5 17 19 19 30 30 19 19 36 19 9 19 33 7 19 19 24 34 23 23 28 33 7 19 7 9 19
split_gain=3129.75 2868.91 2983.16 2651.27 2634.1 3435.39 3407.96 3261 3059.36 3045.44 2471.96 2244.96 2119.78 2111.6 1920.74 2232.94 1775.86 1696.95 1657.11 1651.55 1609.45 1598.98 1422.01 1851.01 1243.55 1227.6 1190.8 1335.69 1159.07 1106.13
threshold=1.0000000180025095e-35 1.0000000180025095e-35 297.97030010000003 1.0000000180025095e-35 277.00000002500002 838.06250000000011 745.18750000000011 84.632801050000012 83.882801050000012 706.43750000000011 772.06250000000011 92.952350600000003 872.06250000000011 56.820301100000009 844.93750000000011 477.59350600000005 88.52339935000002 888.25000000000011 879.93750000000011 4715.9350600000007 299.07965030000003 83.913997650000013 85.070301050000012 1.0000000180025095e-35 422.34350600000005 85.64839935000002 812.18750000000011 84.46089935000002 50.675699250000001 834.68750000000011
decision_type=2 2 2 2 2 2 2 2 2 2 2 2 2 2 2 2 2 2 2 2 2 2 2 2 2 2 2 2 2 2
left_child=-1 11 3 13 6 26 8 -8 9 -5 21 14 29 -3 20 -16 17 -17 -18 -13 22 -9 23 -2 -24 -7 27 -6 -28 -4
right_child=1 2 12 4 5 25 7 10 -10 -11 -12 19 -14 -15 15 16 18 -19 -20 -21 -22 -23 24 -25 -26 -27 28 -29 -30 -31
leaf_value=-4.9387221843935549 -1.1098711102122003 -0.50843864977736941 4.9925286842115 3.9595055566991078 1.6920822175649364 -1.180869711890365 -3.5501266688108446 -0.50233026164920724 4.0524318476919738 -1.7572790200545176 -0.73754633148127824 -0.40817161145555231 -0.61225160165333459 -5.7254607379436493 -1.8062758457518238 -0.2107701457723539 4.5743439044271197 -2.503453116863966 0.4794231215824506 -1.6949230451560156 1.4761597489530436 2.1146074634638024 -2.6530997907293252 0.087985164822120765 0.66047623606485872 0.42034676732973902 1.2336199900303308 3.9527169485078302 -1.970499839199086 1.9358477729278574
leaf_weight=32 366 642 33 34 272 165 80 94 85 74 638 1947 81 20 238 2060 35 84 84 286 233 154 29 2714 1198 436 477 86 30 287
leaf_count=32 366 642 33 34 272 165 80 94 85 74 638 1947 81 20 238 2060 35 84 84 286 233 154 29 2714 1198 436 477 86 30 287
internal_value=0 0.0121925 0.385211 0.228144 0.453652 0.898997 -0.109657 -0.492893 1.8085 0.0424495 -0.216844 -0.136146 1.67269 -0.666053 0.00239144 -0.349459 -0.196245 -0.300595 1.68381 -0.572977 0.196219 1.1227 0.126977 -0.0543575 0.58216 -0.0192551 1.537 2.23514 1.04403 2.25107
internal_weight=0 12962 3688 3287 2625 1466 1159 966 193 108 886 9274 401 662 7041 2501 2263 2144 119 2233 4540 248 4307 3080 1227 601 865 358 507 320
internal_count=12994 12962 3688 3287 2625 1466 1159 966 193 108 886 9274 401 662 7041 2501 2263 2144 119 2233 4540 248 4307 3080 1227 601 865 358 507 320
is_linear=0
shrinkage=0.5


Tree=7
num_leaves=31
num_cat=0
split_feature=17 19 7 19 19 17 19 34 19 33 17 7 19 7 19 7 33 13 19 33 19 7 5 28 10 7 19 13 19 17
split_gain=1915.19 2497.51 1769.14 2027.58 1478.68 3101.08 3025.01 2663.23 2595.45 1853.39 1602.53 1579.45 4225.38 2934.53 3267.69 2557.51 2215.88 2018.07 1880.92 1878.6 1738.86 1814.13 1409.1 1345.05 1328.33 1278.47 1241.77 1219.44 1155.18 1146.05
threshold=303.70000020000003 922.62500000000011 88.05464935000002 888.25000000000011 718.62500000000011 265.29999985500007 756.18750000000011 257.35314980000004 766.81250000000011 381.53100600000005 271.59999999000007 82.33589935000002 800.43750000000011 85.49214935000002 838.06250000000011 84.382801050000012 480.40600600000005 1.0000000180025095e-35 783.18750000000011 480.40600600000005 859.43750000000011 84.46089935000002 1.0000000180025095e-35 1.0000000180025095e-35 1.0000000180025095e-35 86.101497650000013 696.00000000000011 1.0000000180025095e-35 835.81250000000011 293.40000000000003
decision_type=2 2 2 2 2 2 2 2 2 2 2 2 2 2 2 2 2 2 2 2 2 2 2 2 2 2 2 2 2 2
left_child=1 2 3 4 7 8 10 26 9 -6 -7 -8 15 16 19 17 20 18 -13 -15 21 22 -14 -16 -17 -2 -1 -23 -24 -18
right_child=25 -3 -4 -5 5 6 11 -9 -10 -11 -12 12 13 14 23 24 29 -19 -20 -21 -22 27 28 -25 -26 -27 -28 -29 -30 -31
leaf_value=2.1849633673361191 0.67904509870858176 -5.4788617917469571 1.5347327875180377 -2.5690898308176782 -4.4893890446672833 1.0457528809138403 -0.70859430302520221 3.9772622109157965 -3.3346952571085207 -0.45267369036750715 4.0632522723891515 4.0858881957828999 -4.724664559418505 1.9250353537921812 -0.84850813756174348 1.7394086648687686 -3.3769536269445943 0.25768601728536672 0.89160063615967555 0.49542641764705209 -3.6798738026501319 2.1851133451354308 -0.57964893072795709 0.026230676636647191 5.0289497077465057 3.0934344851811018 -0.92437449051787324 -0.079586747266092092 -2.775853134129965 -1.1627534827910389
leaf_weight=48 253 21 180 79 30 220 795 64 108 545 55 68 22 298 524 208 73 1343 143 1004 38 61 1207 2724 36 70 97 2324 63 293
leaf_count=48 253 21 180 79 30 220 795 64 108 545 55 68 22 298 524 208 73 1343 143 1004 38 61 1207 2724 36 70 97 2324 63 293
internal_value=0 -0.0306478 -0.0216034 -0.0440685 -0.02797 -0.0505939 0.010888 1.29071 -1.0857 -0.663285 1.64925 -0.0292537 0.0225322 -0.122728 0.153385 0.719828 -0.430572 0.483534 1.92104 0.822633 -0.314929 -0.280154 -0.75732 -0.114891 2.22475 1.20229 0.104924 -0.0216636 -0.688594 -1.60438
internal_weight=0 12671 12650 12470 12391 12182 11499 209 683 575 275 11224 10429 8631 4550 1798 4081 1554 211 1302 3715 3677 1292 3248 244 323 145 2385 1270 366
internal_count=12994 12671 12650 12470 12391 12182 11499 209 683 575 275 11224 10429 8631 4550 1798 4081 1554 211 1302 3715 3677 1292 3248 244 323 145 2385 1270 366
is_linear=0
shrinkage=0.5


Tree=8
num_leaves=31
num_cat=0
split_feature=7 19 21 7 19 17 19 19 7 19 19 13 17 34 19 7 19 21 28 3 19 34 19 19 21 19 23 17 19 28
split_gain=1326.41 1448.96 1659.48 1172.94 1729.42 1091.69 1829.07 1678.22 1627.04 1736.89 1060.88 950.51 1010.7 1825.99 1582.31 1400.06 1164.78 1155.45 1053.56 933.736 901.916 2279.44 882.294 1245.49 838.022 1422.45 813.335 780.619 756.88 752.052
threshold=86.33589935000002 848.18750000000011 6.9166665555555564 80.02339935000002 727.43750000000011 269.000000145 770.31250000000011 780.93750000000011 83.226497650000013 783.18750000000011 706.43750000000011 1.0000000180025095e-35 289.40000000000003 286.04840030000003 814.43750000000011 84.55464935000002 795.18750000000011 4.7500001055555563 0.78125000000000011 38.660150550000004 861.06250000000011 283.59530010000003 850.81250000000011 852.06250000000011 -1.8055555555555554 782.43750000000011 84.601497650000013 277.90000000000003 871.56250000000011 0.093750000000000014
decision_type=2 2 2 2 2 2 2 2 2 2 2 2 2 2 2 2 2 2 2 2 2 2 2 2 2 2 2 2 2 2
left_child=1 3 -3 10 -5 7 -7 19 24 -10 -1 -11 13 14 15 26 -14 -16 29 -6 -2 -22 -4 -24 25 -8 -13 -26 -25 -18
right_child=20 2 22 4 5 6 8 -9 9 11 -12 12 16 -15 17 -17 18 -19 -20 -21 21 -23 23 28 27 -27 -28 -29 -30 -31
leaf_value=0.62510805913662337 0.91483193412119124 -2.8136603219168528 -1.1641434100174819 1.8415296247022019 0.94734982727095485 1.0327192807433532 1.0406549969022139 -2.1554691468772944 1.6344741374642693 0.91777634881039305 -1.4543146332171053 -1.3122068007128784 2.8865644734352829 -0.95319505240863478 -1.1878278252104897 1.8315759351080121 -0.40459166920246986 0.23833816795450125 0.94002115613713566 -0.45772025336137356 -4.8313268513783161 0.25098158160452438 1.1988641344683453 -0.16027140388760344 -1.1625377862884376 -0.89434581034801863 0.32626840469062296 -0.057946037103974328 -0.98183343329034012 0.19764550744411552
leaf_weight=83 628 70 281 135 144 491 193 128 187 328 235 83 40 617 350 149 641 239 401 661 23 541 144 1333 520 187 866 231 355 2710
leaf_count=83 628 70 281 135 144 491 193 128 187 328 235 83 40 617 350 149 641 239 401 661 23 541 144 1333 520 187 866 231 355 2710
internal_value=0 -0.0507689 -0.418523 0.0326917 0.064976 0.0388103 0.0968991 -0.473778 0.0375491 0.132356 -0.911572 0.0886301 0.0440172 -0.217169 0.0520232 0.406685 0.202713 -0.609129 0.1741 -0.206379 0.502664 0.0437243 -0.339177 -0.21264 -0.516624 0.0884309 0.182967 -0.822777 -0.333053 0.0824459
internal_weight=0 11802 2183 9619 9301 9166 8233 933 7742 6611 318 6424 6096 2304 1687 1098 3792 589 3752 805 1192 564 2113 1832 1131 380 949 751 1688 3351
internal_count=12994 11802 2183 9619 9301 9166 8233 933 7742 6611 318 6424 6096 2304 1687 1098 3792 589 3752 805 1192 564 2113 1832 1131 380 949 751 1688 3351
is_linear=0
shrinkage=0.5


Tree=9
num_leaves=31
num_cat=0
split_feature=34 0 23 19 17 7 17 21 15 19 33 7 23 7 19 21 33 7 33 7 7 5 19 0 22 19 7 13 17 34
split_gain=1048.76 1673.06 806.683 815.902 1497.38 805.617 752.913 739.961 680.794 834.228 1388.39 918.202 770.487 696.015 1441.48 926.171 1117.23 867.041 1000.35 742.233 717.559 667.963 711.104 1041.46 710.129 626.262 715.965 579.476 555.016 548.035
threshold=251.79064980000001 288.03100600000005 89.726497650000013 758.93750000000011 267.40000000000003 82.570301050000012 300.70000020000003 13.138889222222224 224.50000000000003 816.43750000000011 442.03100600000005 85.27339935000002 84.851497650000013 84.851497650000013 818.68750000000011 8.8611110000000028 480.40600600000005 85.757801050000012 488.15600600000005 84.601497650000013 86.05464935000002 1.0000000180025095e-35 867.06250000000011 316.99951200000004 1.7187450500000001 833.93750000000011 86.132801050000012 1.0000000180025095e-35 294.40000000000003 275.51718499500004
decision_type=2 2 2 2 2 2 2 2 2 2 2 2 2 2 2 2 2 2 2 2 2 2 2 2 2 2 2 2 2 2
left_child=1 -1 3 5 -5 -2 7 8 -6 11 -11 12 27 14 -12 21 28 -18 -19 -16 -20 24 23 -23 -15 -8 -27 29 -17 -10
right_child=2 -3 -4 4 6 -7 25 -9 9 10 13 -13 -14 15 19 16 17 18 20 -21 -22 22 -24 -25 -26 26 -28 -29 -30 -31
leaf_value=-5.5528364902870218 0.32789473664361007 0.187736177444458 2.4779409681531517 -1.1184312231418105 -0.89844461360221939 2.3128786680323108 1.6488593537565117 -2.3744477012797311 0.062029365305385546 -1.7197170800724024 -1.4681815155595541 1.0370610928400716 0.29667897007906213 -1.0112356682727626 0.14940655522066384 0.34921323792363762 -0.55784670067136577 0.52644909408260532 -0.76789394754757123 1.1440569350132184 -0.0065854564216641705 -0.39367913220055262 -1.7997254108278347 1.6686282034497708 -4.1208500441001812 -0.078430567932796111 0.78948944309153235 -0.37566049001317064 1.5325912648308886 1.6219567591189474
leaf_weight=22 957 30 33 310 225 54 91 34 306 134 100 282 2023 91 468 358 869 705 399 313 1380 1408 84 64 23 579 403 1043 137 69
leaf_count=22 957 30 33 310 225 54 91 34 306 134 100 282 2023 91 468 358 869 705 399 313 1380 1408 84 64 23 579 403 1043 137 69
internal_value=0 -2.24097 0.00900404 0.00269256 -0.0339496 0.433918 -0.00493776 -0.0456508 -0.0380962 -0.0192216 -0.126872 0.169679 0.0985945 -0.0935161 0.319176 -0.159406 -0.0244585 -0.127975 0.022411 0.548031 -0.177334 -0.470351 -0.384759 -0.304014 -1.63861 0.394035 0.277752 -0.184004 0.676734 0.349056
internal_weight=0 52 12942 12909 11898 1011 11588 10515 10481 10256 6533 3723 3441 6399 881 5518 3848 3353 2484 781 1779 1670 1556 1472 114 1073 982 1418 495 375
internal_count=12994 52 12942 12909 11898 1011 11588 10515 10481 10256 6533 3723 3441 6399 881 5518 3848 3353 2484 781 1779 1670 1556 1472 114 1073 982 1418 495 375
is_linear=0
shrinkage=0.5


Tree=10
num_leaves=31
num_cat=0
split_feature=14 19 33 30 10 9 19 28 7 19 33 0 5 21 23 15 19 33 24 19 19 21 19 7 7 21 24 24 19 7
split_gain=583.259 564.523 1011.58 732.891 526.553 870.227 3001.22 754.767 624.06 649.3 800.353 626.516 546.664 614.088 591.841 603.224 649.46 880.408 554.354 509.008 507.222 729.291 536.607 839.826 477.335 469.233 448.873 436.38 432.114 511.085
threshold=1.0000000180025095e-35 893.18750000000011 510.87451200000004 91.812450400000003 1.0000000180025095e-35 58.074199700000008 842.06250000000011 -0.21874999999999997 86.226497650000013 727.43750000000011 388.53100600000005 281.09350600000005 1.0000000180025095e-35 14.472222333333336 83.64839935000002 124.50000000000001 785.56250000000011 439.53100600000005 4563.6850600000007 745.18750000000011 859.43750000000011 10.472221888888891 823.68750000000011 84.757801050000012 86.726497650000013 -3.0277778055555555 4736.0600600000007 4238.8750000000009 751.06250000000011 81.413997650000013
decision_type=2 2 2 2 2 2 2 2 2 2 2 2 2 2 2 2 2 2 2 2 2 2 2 2 2 2 2 2 2 2
left_child=-1 2 4 -3 7 8 -7 -2 9 11 -11 -6 20 14 19 -16 17 18 -17 -14 21 22 23 -12 27 -18 -24 -9 29 -29
right_child=1 3 -4 -5 5 6 -8 24 -10 10 12 -13 13 -15 15 16 25 -19 -20 -21 -22 -23 26 -25 -26 -27 -28 28 -30 -31
leaf_value=-2.1320146340876818 -0.53236043954432954 -1.481423301243685 2.9663027977121286 1.3528823619708419 -0.10777447585548673 -6.475496144521804 1.2660929219376655 -1.0566204991514361 0.74988843507996605 -3.0729800492525099 -1.154862889360762 2.4188811531353553 1.0609925845938344 2.4236099494080388 -1.5402220094414509 0.3325728071011993 -0.6653513862955861 3.6207242797200498 1.6050445884923517 -1.2006082555486097 -1.6392326925415546 0.61179450591292062 -0.89161458519053183 0.8831665847832576 1.1154323718160071 0.22651358804298488 -3.344304526845614 0.21922308805049398 -0.036140135560242037 1.6708100950100313
leaf_weight=32 757 123 29 28 42 21 31 101 451 20 89 59 31 31 46 363 164 26 112 126 64 203 167 117 93 1464 21 300 7807 76
leaf_count=32 757 123 29 28 42 21 31 101 451 20 89 59 31 31 46 363 164 26 112 126 64 203 167 117 93 1464 21 300 7807 76
internal_value=0 0.00526342 0.0165919 -0.955857 0.00989955 0.170481 -1.86032 -0.0542345 0.199847 0.12097 0.0795872 1.36819 0.100437 0.212874 0.183486 0.251161 0.289867 0.78768 0.632608 -0.75405 -0.301511 -0.158104 -0.554778 0.00265871 -0.0110279 0.13667 -1.16559 -0.0236741 -0.0109248 0.512629
internal_weight=0 12962 12811 151 12782 3648 52 9134 3596 3145 3044 101 3024 2363 2332 2175 2129 501 475 157 661 597 394 206 8377 1628 188 8284 8183 376
internal_count=12994 12962 12811 151 12782 3648 52 9134 3596 3145 3044 101 3024 2363 2332 2175 2129 501 475 157 661 597 394 206 8377 1628 188 8284 8183 376
is_linear=0
shrinkage=0.5


Tree=11
num_leaves=31
num_cat=0
split_feature=22 19 7 19 19 21 7 19 7 9 23 7 7 28 22 19 7 0 17 5 28 7 9 9 19 26 3 28 36 24
split_gain=522.641 446.56 653.446 664.033 419.178 1005.64 757.784 556.132 753.191 489.275 541.264 407.74 528.38 399.81 407.147 388.742 444.639 588.254 379.723 434.459 368.338 365.219 403.756 397.539 350.326 310.962 298.32 293.216 332.889 274.692
threshold=0.95312449350000017 696.00000000000011 80.382801050000012 727.43750000000011 823.18750000000011 3.1388888083333337 84.55464935000002 846.81250000000011 84.52339935000002 39.675699250000001 84.08589935000002 85.46089935000002 84.851497650000013 0.59375000000000011 2.0654250400000005 908.81250000000011 86.42964935000002 319.71850600000005 288.76000015000005 1.0000000180025095e-35 0.40625000000000006 87.913997650000013 46.785100950000007 55.49604990000001 792.81250000000011 75.295597100000023 56.906200450000007 -0.40624999999999994 96.063449850000012 4911.8750000000009
decision_type=2 2 2 2 2 2 2 2 2 2 2 2 2 2 2 2 2 2 2 2 2 2 2 2 2 2 2 2 2 2
left_child=1 -1 -3 -4 6 7 9 8 -6 -2 -11 12 -7 14 21 16 26 -18 -14 20 -20 23 25 -13 -8 -23 29 28 -12 -5
right_child=4 2 3 15 5 11 24 -9 -10 10 27 13 18 -15 -16 -17 17 -19 19 -21 -22 22 -24 -25 -26 -27 -28 -29 -30 -31
leaf_value=2.0352606096615395 0.35334684207946354 -1.1154853979608528 1.9594546141914833 -0.15184448897267808 -1.5653986640604614 0.37784780160516729 2.0098201625568923 -2.4446516274313987 0.8710549202317126 -1.3869423894397914 0.32132179747767203 0.0007564725456086647 -1.6576706125711402 0.4970357148503704 -0.77172898969336134 -2.0036723506119518 0.24174520266316241 2.5244736075401306 -3.2923934590958415 -0.21806701531205031 -0.76517864511064859 0.53640052448895015 -1.1485745884478091 2.2437716104090213 0.54504128194975188 2.2602587094347171 0.46915117689828179 0.035406569551400036 -1.477548477874286 -1.2658555857571108
leaf_weight=24 1066 162 39 4666 79 258 43 58 53 75 41 1606 60 586 148 27 315 31 21 630 46 59 20 20 805 47 193 1691 69 56
leaf_count=24 1066 162 39 4666 79 258 43 58 53 75 41 1606 60 586 148 27 315 31 21 630 46 59 20 20 805 47 193 1691 69 56
internal_value=0 -0.116812 -0.126221 -0.0961367 0.0860824 -0.0338502 0.202882 -1.15416 -0.587126 0.0828494 -0.0708554 0.0269493 -0.240095 0.13598 0.0246225 -0.111297 -0.101585 0.446267 -0.450701 -0.346802 -1.55729 0.0918942 0.911971 0.0283458 0.619317 1.30075 -0.140152 -0.0160489 -0.80706 -0.165056
internal_weight=0 5513 5489 5327 7481 3691 3790 190 132 2942 1876 3501 1015 2486 1900 5288 5261 346 757 697 67 1752 126 1626 848 106 4915 1801 110 4722
internal_count=12994 5513 5489 5327 7481 3691 3790 190 132 2942 1876 3501 1015 2486 1900 5288 5261 346 757 697 67 1752 126 1626 848 106 4915 1801 110 4722
is_linear=0
shrinkage=0.5


Tree=12
num_leaves=31
num_cat=0
split_feature=38 13 34 19 19 7 28 9 23 28 7 24 23 11 38 23 28 3 9 17 19 30 22 11 11 3 23 19 28 34
split_gain=314.879 444.806 578.672 497.727 320.482 522.696 396.428 334.757 288.303 269.416 273.639 352.629 525.383 265.549 269.705 247.675 503.948 310.419 263.739 239.174 593.193 273.043 234.206 285.859 233.258 227.595 221.651 320.449 225.944 214.977
threshold=0.25049999350000002 1.0000000180025095e-35 275.93905999500004 712.93750000000011 834.68750000000011 84.695301050000012 -0.84374999999999989 42.042900100000004 83.21089935000002 0.15625000000000003 86.726497650000013 4911.8750000000009 84.74214935000002 0.70019447800000012 0.25949999650000005 86.413997650000013 -0.84374999999999989 50.136650100000004 46.74604990000001 298.20000020000003 896.31250000000011 90.476497650000013 0.67187449350000017 0.70898401750000006 0.51562449350000017 35.070249550000007 87.968700400000003 877.68750000000011 -0.53124999999999989 253.65784970000001
decision_type=2 2 2 2 2 2 2 2 2 2 2 2 2 2 2 2 2 2 2 2 2 2 2 2 2 2 2 2 2 2
left_child=22 2 3 -2 5 6 24 8 -8 15 11 29 -13 14 -4 -3 17 19 26 20 21 -17 23 -1 -5 -25 27 28 -18 -11
right_child=1 9 13 4 -6 -7 7 -9 -10 10 -12 12 -14 -15 -16 16 18 -19 -20 -21 -22 -23 -24 25 -26 -27 -28 -29 -30 -31
leaf_value=-0.32721473013440178 2.3804163921337862 -0.17291332729416584 2.8106078674085437 -2.2038510963320732 -0.87405671495134418 2.5977301234784336 -1.0718520784919912 -1.1534457276330183 0.44235454241149574 -1.4637010563974795 1.0915445080026984 -3.0776344320990821 0.463206778652966 -0.074900542597540407 0.99648340880161235 -0.38624782172240774 -0.36181931290775537 -2.2197619351957525 -0.39016969604417684 1.2460968395136296 -2.8853118391264054 1.4649598455429078 -0.090507099673876379 -2.5763690896608211 -0.30752443343400954 -0.66713714136465174 2.4256472019922164 -0.44302294192754704 1.3012754062911238 0.067741828299629964
leaf_weight=366 26 2722 40 24 69 23 33 38 663 23 64 22 20 22 42 98 24 21 50 25 21 25 1976 27 50 37 21 46 137 6239
leaf_count=366 26 2722 40 24 69 23 33 38 663 23 64 22 20 22 42 98 24 21 50 25 21 25 1976 27 50 37 21 46 137 6239
internal_value=0 0.0371032 0.349289 0.223692 0.161387 0.247362 0.180458 0.291661 0.37056 0.00346106 0.0628755 0.0524322 -1.39152 1.46758 1.88142 -0.115144 0.220854 -0.40675 0.649792 -0.181464 -0.429304 -0.0099861 -0.163279 -0.49769 -0.922549 -1.47259 0.877854 0.720831 1.05336 0.0621169
internal_weight=0 10588 1030 926 900 831 808 734 696 9558 6368 6304 42 104 82 3190 468 190 278 169 144 123 2406 430 74 64 228 207 161 6262
internal_count=12994 10588 1030 926 900 831 808 734 696 9558 6368 6304 42 104 82 3190 468 190 278 169 144 123 2406 430 74 64 228 207 161 6262
is_linear=0
shrinkage=0.5


Tree=13
num_leaves=31
num_cat=0
split_feature=23 21 36 19 7 19 19 19 30 33 33 21 19 19 19 17 33 19 7 24 33 19 33 17 17 34 19 10 34 33
split_gain=326.59 435.432 426.225 305.312 602.122 485.423 790.614 456.849 381.455 452.162 609.58 502.922 350.824 339.12 418.805 278.788 1115.26 527.947 497.139 397.654 371.337 346.63 321.139 524.514 512.64 431.184 535.139 316.435 289.129 278.431
threshold=84.445301050000012 13.638889000000002 77.396747600000012 846.81250000000011 87.11714935000002 842.06250000000011 839.56250000000011 844.18750000000011 89.05464935000002 488.15600600000005 486.15600600000005 12.52777788888889 867.06250000000011 850.81250000000011 870.81250000000011 294.90000000000003 480.40600600000005 833.06250000000011 85.382801050000012 4923.9350600000007 484.28100600000005 809.43750000000011 473.71850600000005 288.99999990000003 291.49999940000004 286.04840030000003 831.68750000000011 1.0000000180025095e-35 295.36090030000003 480.40600600000005
decision_type=2 2 2 2 2 2 2 2 2 2 2 2 2 2 2 2 2 2 2 2 2 2 2 2 2 2 2 2 2 2
left_child=1 2 -1 4 5 6 15 -7 12 10 13 -11 -5 29 -15 16 18 20 22 27 21 -18 23 25 -24 -2 -27 28 -17 -10
right_child=3 -3 -4 8 -6 7 -8 -9 9 11 -12 -13 -14 14 -16 19 17 -19 -20 -21 -22 -23 24 -25 -26 26 -28 -29 -30 -31
leaf_value=-1.9618824882628887 0.081468200922915887 0.1754025804662612 -0.26780892983621507 -0.45543894186266698 1.9292041865092786 0.98837303330200788 -0.73144786771820303 0.10675604157280351 0.81153100311756132 -0.41714043366581716 1.0409152824288377 0.19787302594917883 -2.4709945117001948 0.42134507460000448 -1.0221418386449683 0.70138997809782544 0.60185307003557686 0.37702764580026271 0.6012208638671187 -1.7266641963611951 -0.16635478783693328 -1.5756768846076052 -1.2229871534821919 0.56029389043107969 -0.018784918454564682 -0.70633157128910329 0.93793734291504172 0.90470353180100604 -0.10642901524615071 -1.0434586389587734
leaf_weight=38 4209 653 1620 352 44 271 318 321 25 931 195 517 23 376 58 177 20 80 448 22 85 212 123 529 314 337 58 236 296 106
leaf_count=38 4209 653 1620 352 44 271 318 321 25 931 195 517 23 376 58 177 20 80 448 22 85 212 123 529 314 337 58 236 296 106
internal_value=0 -0.17043 -0.306636 0.0368683 0.0846009 0.0745261 0.0399604 0.510334 -0.112816 -0.0336303 0.278686 -0.197553 -0.57906 0.0156162 0.228437 0.0742884 0.0409507 -0.770742 0.094497 0.366849 -1.0604 -1.38796 0.0537407 0.088771 -0.357725 0.034593 -0.464895 0.43181 0.195863 -0.689453
internal_weight=0 2311 1658 10683 8100 8056 7464 592 2583 2208 760 1448 375 565 434 7146 6415 397 6018 731 317 232 5570 5133 437 4604 395 709 473 131
internal_count=12994 2311 1658 10683 8100 8056 7464 592 2583 2208 760 1448 375 565 434 7146 6415 397 6018 731 317 232 5570 5133 437 4604 395 709 473 131
is_linear=0
shrinkage=0.5


Tree=14
num_leaves=31
num_cat=0
split_feature=23 19 36 19 17 34 19 7 21 19 17 19 19 19 21 13 21 33 30 19 7 30 19 34 30 7 13 9 19 24
split_gain=282.063 393.519 246.781 312.999 449.509 418.761 396.009 330.765 609.98 870.485 626.1 548.421 733.171 418.852 383.32 402.211 347.015 379.609 315.529 331.357 311.678 329.342 592.471 757.726 433.625 326.332 305.273 297.266 383.522 293.317
threshold=89.67964935000002 908.81250000000011 111.61850000000001 749.31250000000011 262.99999990000003 256.50159970000004 730.43750000000011 82.788997650000013 -1.8055555555555554 797.81250000000011 272.40000000000003 780.93750000000011 762.18750000000011 790.81250000000011 -1.3055555694444443 1.0000000180025095e-35 0.58333333888888894 440.15600600000005 86.757801050000012 796.43750000000011 79.92964935000002 85.24214935000002 762.18750000000011 265.87656488500005 84.08589935000002 81.413997650000013 1.0000000180025095e-35 38.49604990000001 808.31250000000011 4476.8100600000007
decision_type=2 2 2 2 2 2 2 2 2 2 2 2 2 2 2 2 2 2 2 2 2 2 2 2 2 2 2 2 2 2
left_child=1 2 3 4 -1 -5 -6 8 9 10 20 12 -10 26 27 -16 18 -18 19 -17 -7 22 24 25 -22 -24 -9 -15 -29 -19
right_child=-2 -3 -4 5 6 7 -8 13 11 -11 -12 -13 -14 14 15 16 17 29 -20 -21 21 -23 23 -25 -26 -27 -28 28 -30 -31
leaf_value=0.049877090231628618 1.3426349206994741 -1.4638698010745903 -0.65669646863792597 -2.0141207002676449 2.5275481713540628 -1.8491080061842997 0.64733137731767587 1.3957995087353152 0.93327307556906058 -2.4634523364050049 1.1081493200035766 -0.23973186430758087 -1.7072130645049273 -0.12556269232779033 0.66992441475529663 -1.5267005391694881 1.958844336271286 -0.35558225735323057 -1.327672043715113 0.53522607191864935 1.6160535909450398 -0.28841016838368677 -0.39499301540774184 2.4469035247758288 -0.57150644212114543 1.1201380976955548 0.28100323604050337 -0.45056996142139305 -2.2652850526695452 0.030288101419929509
leaf_weight=428 39 46 141 26 33 24 185 67 31 35 128 295 173 158 229 27 25 523 93 70 26 516 77 58 176 66 736 74 48 8441
leaf_count=428 39 46 141 26 33 24 185 67 31 35 128 295 173 158 229 27 25 523 93 70 26 516 77 58 176 66 736 74 48 8441
internal_value=0 -0.0040419 0.00116006 0.00842493 0.347543 -0.0096472 0.931951 -0.00533864 -0.216726 -0.00968232 0.0705062 -0.675626 -1.30596 0.0270012 -0.00176169 0.0153962 -0.000933123 0.013201 -0.669624 -0.0387123 -0.0703403 -0.0238872 0.314807 0.922562 -0.289939 0.304298 0.374019 -0.578267 -1.16456 0.00777469
internal_weight=0 12955 12909 12768 646 12122 218 12096 1605 1106 1071 499 204 10491 9688 9408 9179 8989 190 97 943 919 403 201 202 143 803 280 122 8964
internal_count=12994 12955 12909 12768 646 12122 218 12096 1605 1106 1071 499 204 10491 9688 9408 9179 8989 190 97 943 919 403 201 202 143 803 280 122 8964
is_linear=0
shrinkage=0.5


Tree=15
num_leaves=31
num_cat=0
split_feature=7 9 5 12 33 19 11 28 28 22 23 15 15 19 21 3 36 7 13 19 19 22 17 19 23 15 26 7 17 24
split_gain=213.764 941.54 216.53 359.192 753.78 319.792 306.136 273.397 233.98 227.6 195.298 282.208 692.903 185.816 623.122 428.233 275.838 247.045 412.61 309.028 331.169 283.985 246.259 222.291 216.916 215.792 238.435 213.95 210.82 228.896
threshold=78.414051050000012 33.863199250000001 1.0000000180025095e-35 339.62980115000005 487.65600600000005 812.18750000000011 0.6708979905000001 0.90625000000000011 0.90625000000000011 2.0400350100000004 84.21089935000002 738.50000000000011 666.50000000000011 768.06250000000011 -3.7499999999999996 39.644498850000012 101.39649950000002 81.195301050000012 1.0000000180025095e-35 722.68750000000011 762.18750000000011 1.5400300050000002 264.70000019000003 756.18750000000011 84.36714935000002 1585.5000000000002 75.609348300000008 79.624950400000003 288.99999990000003 4736.0600600000007
decision_type=2 2 2 2 2 2 2 2 2 2 2 2 2 2 2 2 2 2 2 2 2 2 2 2 2 2 2 2 2 2
left_child=1 -1 3 4 7 -5 9 -2 13 10 -7 12 -12 15 16 17 22 19 -19 -4 23 -20 -15 27 28 26 -17 -21 -16 -30
right_child=2 -3 8 5 -6 6 -8 -9 -10 -11 11 -13 -14 14 24 25 -18 18 21 20 -22 -23 -24 -25 -26 -27 -28 -29 29 -31
leaf_value=1.1729107742959803 -0.30269233627895853 -3.5077018631356105 1.7709671141159149 1.3331809755414725 -3.5399074544283478 0.71815085593287065 0.43854048009961843 -2.2389930039644241 0.40051878784468004 -1.5801317491701672 -0.13962135786811511 -0.097883271375024714 -3.0508102664663905 -2.3215974611895427 -0.47625593879712286 0.060823158592023245 -0.10762014804203386 1.9389178273238195 -0.57870883792638783 -0.9727629088165779 1.7063069650186942 1.6919026066149985 -0.75363422850469119 -1.2360061667859554 0.03888900073807449 0.96899127631791326 -0.66886469673772808 0.57722541779468328 0.05192486880544879 -0.81964097165369565
leaf_weight=22 206 21 31 40 22 46 169 20 393 35 60 241 31 28 414 893 173 78 40 31 26 21 237 40 8598 57 128 79 730 84
leaf_count=22 206 21 31 40 22 46 169 20 393 35 60 241 31 28 414 893 173 78 40 31 26 21 237 40 8598 57 128 79 730 84
internal_value=0 -1.11297 0.00369529 -0.237223 -0.746018 -0.0343591 -0.128348 -0.474046 0.0210447 -0.360319 -0.247374 -0.381151 -1.13135 0.00828522 -0.0151969 0.177541 -0.598709 0.66152 1.1771 0.315309 0.0589142 0.202977 -0.919306 -0.226634 0.0108135 0.0222012 -0.0306558 0.140411 -0.185761 -0.0380156
internal_weight=0 43 12951 870 248 622 582 226 12081 413 378 332 91 11688 10264 1424 438 346 139 207 176 61 265 150 9826 1078 1021 110 1228 814
internal_count=12994 43 12951 870 248 622 582 226 12081 413 378 332 91 11688 10264 1424 438 346 139 207 176 61 265 150 9826 1078 1021 110 1228 814
is_linear=0
shrinkage=0.5


Tree=16
num_leaves=31
num_cat=0
split_feature=23 26 33 25 19 19 33 33 30 7 10 19 17 19 24 19 33 7 7 19 13 34 3 19 30 19 19 21 7 19
split_gain=151.122 207.884 214.925 204.893 179.51 440.744 599.627 418.794 386.977 536.28 223.172 212.248 223.784 203.091 186.319 253.588 179.186 161.951 156.293 151.39 146.414 155.489 201.902 276.184 173.949 154.1 383.623 220.344 270.328 190.163
threshold=89.226497650000013 75.140598300000008 510.87451200000004 171.05000300000003 860.18750000000011 863.68750000000011 488.15600600000005 498.71850600000005 90.67964935000002 85.913997650000013 1.0000000180025095e-35 865.43750000000011 289.70000020000003 886.81250000000011 4957.4350600000007 881.56250000000011 510.87451200000004 87.257801050000012 86.007801050000012 844.56250000000011 1.0000000180025095e-35 253.65784970000001 35.538999550000007 813.43750000000011 87.14839935000002 856.81250000000011 854.06250000000011 9.9166663333333354 85.30464935000002 850.81250000000011
decision_type=2 2 2 2 2 2 2 2 2 2 2 2 2 2 2 2 2 2 2 2 2 2 2 2 2 2 2 2 2 2
left_child=4 -2 3 -3 7 6 18 17 9 13 -9 -11 -13 -7 -14 -16 -10 20 -6 -19 21 -1 -23 -24 -25 26 29 28 -28 -22
right_child=1 2 -4 -5 5 8 -8 10 16 11 -12 12 14 -15 15 -17 -18 19 -20 -21 25 22 23 24 -26 -27 27 -29 -30 -31
leaf_value=-0.88179594331554001 1.7691522525357348 0.57926855161786084 1.4586830464276401 -1.4660258603592713 -0.21706740030005009 -0.4094523864767961 -1.208911045330572 0.3448702441915148 -1.5009472954197456 1.0256592447403818 1.3128392616659403 -1.3114251854130998 0.16645465654959807 -1.9950891570611433 0.12929587292351893 2.3441808552791676 -0.26336156751896289 1.9372784830629826 0.97663113159970161 0.26590137121578056 -0.034126956041487425 0.073728718328451362 0.84095377574086116 -1.0277640245070583 0.56823580688045872 0.33250636434425757 0.25261199048587252 -0.32514047877361568 -1.823015549933658 0.33178200393952934
leaf_weight=35 28 25 22 24 79 246 203 289 59 85 75 24 624 22 28 24 58 20 42 42 8803 917 212 38 31 291 21 195 62 370
leaf_count=35 28 25 22 24 79 246 203 289 59 85 75 24 624 22 28 24 58 20 42 42 8803 917 212 38 31 291 21 195 62 370
internal_value=0 0.615398 0.160396 -0.422508 -0.00472465 -0.167692 -0.683762 0.0166308 -0.0247803 0.0710711 0.544314 0.279561 0.188963 -0.539617 0.242231 1.15155 -0.887443 -0.000772232 0.197274 0.805055 -0.00532451 0.157006 0.187355 0.558158 -0.310721 -0.02587 -0.0369045 -0.615556 -1.29786 -0.0193677
internal_weight=0 99 71 49 12895 1494 324 11401 1170 1053 364 785 700 268 676 52 117 11037 121 62 10975 1233 1198 281 69 9742 9451 278 83 9173
internal_count=12994 99 71 49 12895 1494 324 11401 1170 1053 364 785 700 268 676 52 117 11037 121 62 10975 1233 1198 281 69 9742 9451 278 83 9173
is_linear=0
shrinkage=0.5


Tree=17
num_leaves=31
num_cat=0
split_feature=19 7 17 23 17 30 19 19 21 19 19 10 7 12 7 21 33 19 33 19 19 17 19 7 19 7 19 7 26 11
split_gain=182.71 195.101 144.465 132.627 138.735 133.857 746.267 408.91 389.6 330.193 233.733 219.12 196.086 192.822 222.042 225.528 172.994 650.885 621.051 562.126 315.05 305.976 290.382 283.566 280.391 262.211 234.104 323.603 199.394 176.452
threshold=922.62500000000011 90.531200400000003 307.40000000000003 83.21089935000002 304.80000060000003 89.61714935000002 830.43750000000011 883.18750000000011 10.694444444444446 850.81250000000011 853.68750000000011 1.0000000180025095e-35 85.820301050000012 328.51624905000006 86.11714935000002 10.361111444444447 480.40600600000005 833.06250000000011 478.09350600000005 836.18750000000011 850.81250000000011 294.99999940000004 806.68750000000011 85.30464935000002 852.43750000000011 86.27339935000002 850.06250000000011 86.788997650000013 75.515598300000008 0.33300750000000007
decision_type=2 2 2 2 2 2 2 2 2 2 2 2 2 2 2 2 2 2 2 2 2 2 2 2 2 2 2 2 2 2
left_child=1 2 3 -1 5 7 11 8 16 13 -11 -7 -12 -8 -15 -16 18 22 26 -19 21 25 -18 -22 -20 -21 27 29 -28 -5
right_child=-2 -3 -4 4 -6 6 9 -9 -10 10 12 -13 -14 14 15 -17 17 19 24 20 23 -23 -24 -25 -26 -27 28 -29 -30 -31
leaf_value=-0.47772873661898335 -1.275861328733819 1.3211690876632929 1.3102591122899736 -0.1061303489756454 0.67228977377345034 0.44181133314289089 -1.912948954318251 -1.8482403712796753 0.44016147606020822 0.51679449126648602 -0.74668702650983054 1.5157117303460836 -0.054086989612876793 -0.65389562141633806 -1.1532116355777431 -0.056184206064396697 0.99462794426542067 1.4317936928151813 0.71215479920540092 -0.59840555171047272 1.9517026099686821 0.12936533723273372 -0.72435707940548788 0.17787858691134834 -0.43990761574047305 -2.5141727693378924 -0.67587810479428456 1.7119839553322111 0.55658972970186138 0.061919396084541813
leaf_weight=145 28 28 21 2282 77 228 21 29 552 167 111 60 1288 416 52 473 26 73 441 167 24 166 446 368 60 20 207 28 39 4951
leaf_count=145 28 28 21 2282 77 228 21 29 552 167 111 60 1288 416 52 473 26 73 441 167 24 166 446 368 60 20 207 28 39 4951
internal_value=0 0.00275522 -9.80526e-05 -0.00222838 0.00316995 -0.000888514 -0.0970528 0.026523 0.0320426 -0.18393 -0.0422999 0.665541 -0.10904 -0.414485 -0.381044 -0.164842 0.00781359 -0.162112 0.0351867 0.107676 -0.0220703 -0.36471 -0.629667 0.28648 0.574183 -0.8033 -0.0007847 0.0154674 -0.480487 0.00889997
internal_weight=0 12966 12938 12917 12772 12695 2816 9879 9850 2528 1566 288 1399 962 941 525 9298 1290 8008 818 745 353 472 392 501 187 7507 7261 246 7233
internal_count=12994 12966 12938 12917 12772 12695 2816 9879 9850 2528 1566 288 1399 962 941 525 9298 1290 8008 818 745 353 472 392 501 187 7507 7261 246 7233
is_linear=0
shrinkage=0.5


Tree=18
num_leaves=31
num_cat=0
split_feature=26 19 1 21 10 21 9 22 19 23 36 26 24 24 24 30 19 19 34 30 23 19 17 21 17 21 17 21 9 1
split_gain=121.067 197.121 187.886 170.587 211.239 200.309 167.347 151.94 189.057 159.405 150.847 205.052 532.18 149.58 143.992 175.079 315.074 534.557 314.907 192.797 294.234 214.914 189.926 722.342 503.16 241.225 515.786 432.908 284.588 700.53
threshold=75.484348300000008 922.62500000000011 1.0000000180025095e-35 0.47222221888888899 1.0000000180025095e-35 13.027777666666669 56.820301100000009 1.0595700150000003 742.81250000000011 85.445301050000012 78.793602000000007 75.140598300000008 4911.8750000000009 4849.7451200000005 4106.5000000000009 83.632801050000012 742.81250000000011 733.68750000000011 258.93130005000006 84.632801050000012 85.92964935000002 757.43750000000011 280.90000000000003 2.9722223027777788 279.79999985500007 4.0833334138888899 283.59999980000003 4.4166666944444453 56.820301100000009 1.0000000180025095e-35
decision_type=2 2 2 2 2 2 2 2 2 2 2 2 2 2 2 2 2 2 2 2 2 2 2 2 2 2 2 2 2 2
left_child=1 10 6 7 -5 -6 -2 -4 -9 -10 11 13 -13 -1 -12 16 17 -16 19 20 -17 -22 24 -24 -20 26 -25 -27 -29 -30
right_child=2 -3 3 4 5 -7 -8 8 9 -11 14 12 -14 -15 15 18 -18 -19 22 -21 21 -23 23 25 -26 27 -28 28 29 -31
leaf_value=0.13176132945052113 -0.0052606344972677835 -1.5599888921493577 -0.58036247335901825 0.19546613085647008 0.87907106592093853 -0.74195466793718789 -1.1760388486868432 1.0468660629457898 -0.44230605409701623 0.53769247722811997 -1.0712256079320521 0.13763067263639328 -2.4339903170863786 1.0226121678469924 0.31422695901590525 -0.9902224482071621 -0.98795432109257275 2.9071594071388245 0.024057264683677044 -2.1239384625639235 1.4743522219359875 -0.52198535616376573 -1.1824523665374527 -0.059947842032398065 0.97517438846753557 -0.98838115375838242 1.3903582330500142 -0.046134026545468144 0.89090779229350714 -2.7510540379631903
leaf_weight=83 1978 21 113 1013 206 21 31 45 118 64 34 479 21 109 97 108 29 25 2300 21 26 28 146 197 148 128 89 5262 23 31
leaf_count=83 1978 21 113 1013 206 21 31 45 118 64 34 479 21 109 97 108 29 25 2300 21 26 28 146 197 148 128 89 5262 23 31
internal_value=0 -0.029814 0.0781277 0.207128 0.293157 0.729108 -0.0233264 -0.106623 0.129203 -0.0976912 -0.0263897 0.198284 0.0296226 0.637505 -0.0442767 -0.0402438 0.493433 0.845566 -0.0497166 -0.69852 -0.513744 0.439214 -0.0354529 -0.0842014 0.0815594 -0.0562181 0.391371 -0.0797322 -0.0578535 -1.19985
internal_weight=0 9405 3589 1580 1240 227 2009 340 227 182 9384 692 500 192 8692 8658 151 122 8507 183 162 54 8324 5876 2448 5730 286 5444 5316 54
internal_count=12994 9405 3589 1580 1240 227 2009 340 227 182 9384 692 500 192 8692 8658 151 122 8507 183 162 54 8324 5876 2448 5730 286 5444 5316 54
is_linear=0
shrinkage=0.5


end of trees

feature_importances:
Column_19=183
Column_7=82
Column_17=38
Column_33=34
Column_21=32
Column_30=25
Column_34=21
Column_9=20
Column_23=20
Column_28=18
Column_10=17
Column_24=13
Column_13=10
Column_3=8
Column_5=7
Column_22=7
Column_26=6
Column_36=6
Column_11=5
Column_15=5
Column_0=4
Column_1=2
Column_12=2
Column_14=2
Column_38=2
Column_25=1

parameters:
[boosting: gbdt]
[objective: regression]
[metric: rmse,l2]
[tree_learner: serial]
[device_type: cpu]
[data: ]
[valid: ]
[num_iterations: 20]
[learning_rate: 0.5]
[num_leaves: 31]
[num_threads: -1]
[deterministic: 0]
[force_col_wise: 0]
[force_row_wise: 0]
[histogram_pool_size: -1]
[max_depth: 20]
[min_data_in_leaf: 20]
[min_sum_hessian_in_leaf: 0.001]
[bagging_fraction: 1]
[pos_bagging_fraction: 1]
[neg_bagging_fraction: 1]
[bagging_freq: 0]
[bagging_seed: 3]
[feature_fraction: 1]
[feature_fraction_bynode: 1]
[feature_fraction_seed: 2]
[extra_trees: 0]
[extra_seed: 6]
[early_stopping_round: 1000]
[first_metric_only: 0]
[max_delta_step: 0]
[lambda_l1: 0]
[lambda_l2: 0]
[linear_lambda: 0]
[min_gain_to_split: 0]
[drop_rate: 0.1]
[max_drop: 50]
[skip_drop: 0.5]
[xgboost_dart_mode: 0]
[uniform_drop: 0]
[drop_seed: 4]
[top_rate: 0.2]
[other_rate: 0.1]
[min_data_per_group: 100]
[max_cat_threshold: 32]
[cat_l2: 10]
[cat_smooth: 10]
[max_cat_to_onehot: 4]
[top_k: 20]
[monotone_constraints: ]
[monotone_constraints_method: basic]
[monotone_penalty: 0]
[feature_contri: ]
[forcedsplits_filename: ]
[refit_decay_rate: 0.9]
[cegb_tradeoff: 1]
[cegb_penalty_split: 0]
[cegb_penalty_feature_lazy: ]
[cegb_penalty_feature_coupled: ]
[path_smooth: 0]
[interaction_constraints: ]
[verbosity: -1]
[saved_feature_importance_type: 0]
[linear_tree: 0]
[max_bin: 255]
[max_bin_by_feature: ]
[min_data_in_bin: 3]
[bin_construct_sample_cnt: 200000]
[data_random_seed: 1]
[is_enable_sparse: 1]
[enable_bundle: 1]
[use_missing: 1]
[zero_as_missing: 0]
[feature_pre_filter: 1]
[pre_partition: 0]
[two_round: 0]
[header: 0]
[label_column: ]
[weight_column: ]
[group_column: ]
[ignore_column: ]
[categorical_feature: ]
[forcedbins_filename: ]
[precise_float_parser: 0]
[objective_seed: 5]
[num_class: 1]
[is_unbalance: 0]
[scale_pos_weight: 1]
[sigmoid: 1]
[boost_from_average: 1]
[reg_sqrt: 0]
[alpha: 0.9]
[fair_c: 1]
[poisson_max_delta_step: 0.7]
[tweedie_variance_power: 1.5]
[lambdarank_truncation_level: 30]
[lambdarank_norm: 1]
[label_gain: ]
[eval_at: ]
[multi_error_top_k: 1]
[auc_mu_weights: ]
[num_machines: 1]
[local_listen_port: 12400]
[time_out: 120]
[machine_list_filename: ]
[machines: ]
[gpu_platform_id: -1]
[gpu_device_id: -1]
[gpu_use_dp: 0]
[num_gpu: 1]

end of parameters

pandas_categorical:null
