tree
version=v3
num_class=1
num_tree_per_iteration=1
label_index=0
max_feature_idx=38
objective=regression
feature_names=Column_0 Column_1 Column_2 Column_3 Column_4 Column_5 Column_6 Column_7 Column_8 Column_9 Column_10 Column_11 Column_12 Column_13 Column_14 Column_15 Column_16 Column_17 Column_18 Column_19 Column_20 Column_21 Column_22 Column_23 Column_24 Column_25 Column_26 Column_27 Column_28 Column_29 Column_30 Column_31 Column_32 Column_33 Column_34 Column_35 Column_36 Column_37 Column_38
feature_infos=[224.35000079999998:274.75000001999996] [0:1] [223.16570129999997:273.93124999999998] [497.625:918.875] [64.158698999999999:87.460296600000007] [0:102.875] [0:1] none [0:1] none [0:1] [0:475.875] [17997:39005] none [0:306.39999399999999] [0.0410160013:3.4316399099999999] [0:1] none [332.71769939999996:375.18399699999998] [0:62.953098300000001] none [-4:6.6875] none [0:154] none [43.3125:72.406196600000001] [0:1] none [0:4.0039000500000004] none [0:58.828098300000001] [0.555999994:0.79299998299999996] none none [64.781196600000001:94.6875] [75.781196600000001:89.5] [1035.75:2512.5] [-39.611112833333337:223.24444222222223] none
tree_sizes=2748 2747 2740 2752 2746 2759 2762 2782 2777 2765 2770 2783 2773 2756 2750 2708 2729 2777 2762 2746

Tree=0
num_leaves=31
num_cat=0
split_feature=3 34 34 6 19 19 6 15 19 3 3 4 15 30 15 28 15 3 34 2 18 34 34 30 4 15 3 34 3 34
split_gain=15155.8 22501.3 16080 12428.3 14576.8 12813.2 10852.3 11284 11343.7 10229.5 9835.78 9340.75 11304.9 10524.8 9157.98 6186.49 5263.27 5104.4 4948.41 4325.65 4186.95 4183.06 3646.91 3574.36 3539.96 3456.81 2864.14 3929.07 2709.26 2882.96
threshold=758.81250000000011 85.55464935000002 85.86714935000002 1.0000000180025095e-35 39.507751500000005 39.507751500000005 1.0000000180025095e-35 1.3964800200000003 31.214799900000003 786.93750000000011 727.43750000000011 78.03170015000002 1.4062450500000001 31.550700200000005 0.66699150200000001 1.0761650200000001 1.9248000400000003 739.18750000000011 87.038997650000013 240.07970085000002 359.23664705000004 84.820301050000012 84.33589935000002 30.706999800000002 76.444396950000012 1.5087800050000002 845.06250000000011 88.55464935000002 729.43750000000011 84.132801050000012
decision_type=2 2 2 2 2 2 2 2 2 2 2 2 2 2 2 2 2 2 2 2 2 2 2 2 2 2 2 2 2 2
left_child=1 6 25 5 9 15 7 20 10 18 -9 12 26 24 28 23 -13 22 -5 -3 -1 -19 -16 -4 -14 -2 27 -11 29 -8
right_child=2 19 3 4 -6 -7 14 8 -10 11 -12 16 13 -15 17 -17 -18 21 -20 -21 -22 -23 -24 -25 -26 -27 -28 -29 -30 -31
leaf_value=1.3059648175985028 2.0648259721075704 -1.7409228875104281 0.27951595857163014 0.5877150487188767 -3.0164437219823035 3.1652899075158838 -2.0367571763430932 -5.9886200674159582 0.038479448574894604 2.3102951801823597 1.0752382661808357 1.0010153926279042 8.954936717254089 2.4076830937242977 -0.29866255449921053 -2.6712206045399549 -3.555601572740771 3.203387596901448 -2.6033759884765626 -4.4607327288076704 -0.19318263817378606 -0.082192836106825498 -2.419446750114254 -1.1623151995636614 3.3597838641846298 4.44993180476812 3.6646728526094492 -0.32217174925121406 -0.70524579352932615 -4.6822938146235868
leaf_weight=1872 595 240 781 495 200 210 809 179 547 372 68 279 147 170 1401 411 82 177 161 374 620 214 237 956 35 204 164 229 330 118
leaf_count=1872 595 240 781 495 200 210 809 179 547 372 68 279 147 170 1401 411 82 177 161 374 620 214 237 956 35 204 164 229 330 118
internal_value=-0.0250749 -0.50297 0.60034 0.247253 1.06519 -0.562355 -0.232533 0.40998 -1.23148 1.44772 -4.04391 2.17703 2.89161 5.23657 -0.875047 -0.926789 -0.0340056 -0.218051 -0.195464 -3.39761 0.932983 1.40514 -0.605516 -0.514031 7.87895 2.67379 1.81263 1.30724 -1.93554 -2.37351
internal_weight=0 7186 5491 4692 2334 2358 6572 3286 794 2134 247 1478 1117 352 3286 2148 361 2029 656 614 2492 391 1638 1737 182 799 765 601 1257 927
internal_count=12677 7186 5491 4692 2334 2358 6572 3286 794 2134 247 1478 1117 352 3286 2148 361 2029 656 614 2492 391 1638 1737 182 799 765 601 1257 927
is_linear=0
shrinkage=1


Tree=1
num_leaves=31
num_cat=0
split_feature=3 34 34 3 3 34 34 35 3 34 34 35 3 35 3 11 37 3 3 11 15 34 4 15 34 34 4 30 3 25
split_gain=6254.44 12366.4 10350.5 8787.63 4966.44 11915.8 6499.61 4868.6 4831.2 8260.94 7744.31 4749.32 5696.15 4994.43 3722.46 3542.7 3068.05 3060.85 2920.48 4545.54 2884.68 2813.07 2741.54 2579.04 2563.48 2317.09 2228.97 2216.1 2150.01 2140.84
threshold=773.06250000000011 86.226497650000013 87.24214935000002 807.43750000000011 741.68750000000011 84.71089935000002 84.851497650000013 85.538997650000013 715.18750000000011 83.351497650000013 83.05464935000002 86.42964935000002 861.43750000000011 87.257801050000012 839.18750000000011 402.09350600000005 -28.027778194444441 835.93750000000011 798.93750000000011 417.21850600000005 1.0478450050000003 87.070301050000012 77.523746500000001 0.33593699350000006 88.74214935000002 90.288997650000013 71.492050150000026 30.386699650000004 728.81250000000011 67.453098300000008
decision_type=2 2 2 2 2 2 2 2 2 2 2 2 2 2 2 2 2 2 2 2 2 2 2 2 2 2 2 2 2 2
left_child=1 4 18 7 5 8 -6 -4 9 23 -10 17 13 14 -13 -3 -8 25 19 20 -2 -17 27 26 -9 -5 -1 -22 -12 -15
right_child=2 15 3 11 6 -7 16 24 10 -11 28 12 -14 29 -16 21 -18 -19 -20 -21 22 -23 -24 -25 -26 -27 -28 -29 -30 -31
leaf_value=-3.6587046898073621 1.0227637776608738 -0.97570129697916175 -0.13778250623509844 1.7578822574587827 2.0808124803975678 -2.4921817072997703 0.51308655603245656 -1.7414999901206449 3.5683777203258034 -2.7829844046992505 -0.36704597817174606 -0.73816208851495779 1.7383005121065414 -1.0361004093041022 1.9606846723591491 -2.6956724925971716 -0.97473678705103051 5.0976831225057442 3.5128222022516034 -0.37783746124126466 4.9747828490775206 -6.0936087740537443 0.73375810865984592 -0.02230688330331021 -4.4260511394782824 -1.1159069979699647 -0.65533688022438341 2.382196539622873 0.83086538589959724 -3.7047985418089504
leaf_weight=90 495 247 482 485 531 572 1166 381 195 336 766 367 340 156 196 278 493 60 174 298 145 78 122 2760 116 82 197 191 733 145
leaf_count=90 495 247 482 485 531 572 1166 381 195 336 766 367 340 156 196 278 493 60 174 298 145 78 122 2760 116 82 197 191 733 145
internal_value=0 -0.248748 0.495852 -0.0607942 -0.0809078 -0.328706 0.558276 -1.27001 -0.0849584 -0.430102 0.60431 0.585753 0.0046374 -0.677591 0.201401 -2.43067 0.0709546 1.70164 1.59352 1.32657 1.85953 -3.44016 2.76389 -0.170644 -2.36808 1.34227 -1.59716 3.50102 0.218724 -2.32169
internal_weight=0 8442 4235 2810 7839 5649 2190 979 5077 3383 1694 1831 1204 864 563 603 1659 627 1425 1251 953 356 458 3047 497 567 287 336 1499 301
internal_count=12677 8442 4235 2810 7839 5649 2190 979 5077 3383 1694 1831 1204 864 563 603 1659 627 1425 1251 953 356 458 3047 497 567 287 336 1499 301
is_linear=0
shrinkage=0.5


Tree=2
num_leaves=31
num_cat=0
split_feature=15 28 6 4 15 3 0 30 15 18 4 6 15 21 30 15 28 19 3 19 6 15 4 18 0 19 23 28 3 30
split_gain=2365.53 3835.98 3503.33 4247.73 3990.29 3874.19 2946.36 2777.89 3295.65 3085.35 2865.69 4731.98 3636.19 3282.81 2570.69 5889.6 2523.63 2634.28 2214.99 2064.15 3037.42 2030.59 1981.64 1980.19 1874.36 1691.6 1647.13 1569.47 1551.36 1484.31
threshold=0.56640601150000014 0.78710901750000006 1.0000000180025095e-35 75.682453150000015 1.8271400350000002 748.93750000000011 235.79999964999999 30.988200200000005 0.93554651750000006 358.06204835000005 75.999950400000003 1.0000000180025095e-35 1.6874950500000001 -2.4687499999999996 30.949199650000004 0.99804502950000007 1.2050749650000003 30.878899550000003 746.43750000000011 42.179649350000012 1.0000000180025095e-35 1.5693299800000002 72.571350100000004 346.31599655000002 247.70000020000001 42.179649350000012 114.09349800000001 0.50585901750000006 825.18750000000011 26.191399550000003
decision_type=2 2 2 2 2 2 2 2 2 2 2 2 2 2 2 2 2 2 2 2 2 2 2 2 2 2 2 2 2 2
left_child=19 7 6 5 -5 -4 -3 8 9 -2 11 12 13 -10 15 -7 26 28 -14 -1 23 -12 -11 -21 -15 -24 -8 -23 -18 -26
right_child=1 2 3 4 -6 14 16 -9 10 22 21 -13 18 24 -16 -17 17 -19 -20 20 -22 27 25 -25 29 -27 -28 -29 -30 -31
leaf_value=-0.18929498208852674 0.87577748625313467 1.1633287600048308 -0.306706845808151 0.039926508216811832 -2.0665617405294299 -0.11834894491465024 -1.5865485885752235 0.052018305387161894 -3.160032563443695 0.35819736046976941 1.294733321032254 3.5718675219887124 -4.6479904910638217 2.7399467609014159 0.77881427316885887 4.7373074154663639 -4.5654221537212534 -1.2592756153829396 1.3734119733174641 -1.9046331224116413 -2.1017125256611284 0.96764341660968534 -1.9748933254227414 1.4538933493708837 -3.305286637374333 0.77218098353062359 -0.15759695063721216 -1.4729651124484238 0.19104199968278407 1.1609123978261018
leaf_weight=2239 726 159 526 692 333 106 303 3314 35 279 320 273 42 258 471 152 120 300 24 66 370 106 281 131 21 70 603 174 20 163
leaf_count=2239 726 159 526 692 333 106 303 3314 35 279 320 273 42 258 471 152 120 300 24 66 370 106 281 131 21 70 603 174 20 163
internal_value=0 0.115157 -0.280083 0.110738 -0.644425 0.727506 -0.872158 0.360964 0.730316 0.1732 1.26383 1.87376 1.02002 1.50131 1.47373 2.74235 -1.11261 -2.09503 -2.45839 -0.4051 -1.25728 0.434315 -0.636437 0.328702 1.87042 -1.42704 -0.635491 -0.54902 -3.88593 0.651183
internal_weight=0 9871 3785 2280 1025 1255 1505 6086 2772 1356 1416 816 543 477 729 258 1346 440 66 2806 567 600 630 197 442 351 906 280 140 184
internal_count=12677 9871 3785 2280 1025 1255 1505 6086 2772 1356 1416 816 543 477 729 258 1346 440 66 2806 567 600 630 197 442 351 906 280 140 184
is_linear=0
shrinkage=0.5


Tree=3
num_leaves=31
num_cat=0
split_feature=3 34 34 3 3 34 11 3 34 34 11 3 23 3 11 34 3 2 37 3 34 34 3 34 3 34 4 34 3 34
split_gain=2529.57 4706.53 3484.03 3214.61 3107.6 2646.03 2626.3 2681.84 3690.12 3348.22 2403.37 2213.72 2248.71 2145.37 1955.37 1866.3 3246.7 1841.08 1656.09 1598.52 2577.21 2027.67 1582.02 2098.37 2300.69 1647.34 1533.85 1529.27 1475.99 1417.41
threshold=790.81250000000011 86.538997650000013 88.02339935000002 767.93750000000011 822.43750000000011 90.413997650000013 393.03100600000005 704.31250000000011 82.570301050000012 82.33589935000002 421.28100600000005 748.31250000000011 118.09349800000001 852.93750000000011 407.40600600000005 93.39839935000002 881.06250000000011 250.11099950000002 -28.250000194444443 731.31250000000011 83.788997650000013 83.99214935000002 684.93750000000011 80.757801050000012 664.18750000000011 81.55464935000002 76.063449850000012 88.17964935000002 763.93750000000011 89.02339935000002
decision_type=2 2 2 2 2 2 2 2 2 2 2 2 2 2 2 2 2 2 2 2 2 2 2 2 2 2 2 2 2 2
left_child=1 3 -2 6 10 -6 7 9 -9 22 -4 12 -8 18 28 -15 17 -17 -7 20 -10 -21 23 24 -1 -24 -13 -16 -3 -12
right_child=2 14 4 -5 5 13 11 8 19 -11 29 26 -14 15 27 16 -18 -19 -20 21 -22 -23 25 -25 -26 -27 -28 -29 -30 -31
leaf_value=-0.32444117900246799 1.2536789042758485 -1.9106190986566098 0.22132972424001698 0.91739394862316381 1.5043617657414612 0.35906826013672177 -2.0983991498019456 2.3634280728665504 0.44206013953792955 -1.4912929969590667 -0.74940283287268805 0.31395445275153372 -0.50773927255956808 1.3755968717419227 -1.350418705264802 -0.92681426578952419 1.2220794869788798 -6.4692691194600069 -1.8972953936611914 2.0983172550606422 -0.8645017740142239 0.37134271932913032 1.996030114289653 -1.3123624502530136 1.301631380890363 0.063344520718888631 -1.0082525130617213 -3.829482768324838 0.26248882283891611 -2.6186139634576255
leaf_weight=975 862 102 350 868 452 138 379 217 861 487 234 707 537 314 632 31 83 29 198 195 672 1324 173 373 280 304 318 69 334 179
leaf_count=975 862 102 350 868 452 138 379 217 861 487 234 707 537 314 632 31 83 29 198 195 672 1324 173 373 280 304 318 69 334 179
internal_value=0 -0.120825 0.412869 0.00461107 0.0519231 0.538866 -0.0969392 0.070003 0.371172 -0.309828 -0.74263 -0.601034 -1.16588 -0.0114541 -1.07732 0.69372 -0.803549 -3.60567 -0.970575 0.229521 -0.130679 0.593041 -0.0364915 -0.271121 0.0383479 0.764298 -0.0962522 -1.59443 -0.245899 -1.55955
internal_weight=0 9807 2870 8670 2008 1245 7802 5861 3269 2592 763 1941 916 793 1137 457 143 60 336 3052 1533 1519 2105 1628 1255 477 1025 701 436 413
internal_count=12677 9807 2870 8670 2008 1245 7802 5861 3269 2592 763 1941 916 793 1137 457 143 60 336 3052 1533 1519 2105 1628 1255 477 1025 701 436 413
is_linear=0
shrinkage=0.5


Tree=4
num_leaves=31
num_cat=0
split_feature=23 11 1 3 34 35 15 19 4 6 4 30 19 28 3 3 34 21 6 21 4 11 15 35 3 35 30 37 19 4
split_gain=1744.14 2280.09 1846.41 1501.9 2181.62 1585.42 1431.52 2653.56 1901.29 1817.33 1801.42 1619.75 1580.54 1335.62 1769.94 1285.74 1268.62 1230.92 1135.78 1091.07 1066.65 1032.76 927.729 1031.68 1121.09 1174.54 858.356 836.584 826.827 804.509
threshold=114.03099800000001 380.71850600000005 1.0000000180025095e-35 694.56250000000011 81.99214935000002 82.27339935000002 0.9423825145000001 31.175700200000005 74.158649450000013 1.0000000180025095e-35 69.904750800000002 33.65229990000001 27.660100000000003 0.58398401750000006 814.18750000000011 721.56250000000011 86.257801050000012 2.4687500000000004 1.0000000180025095e-35 -0.84374999999999989 77.904750800000002 430.28100600000005 2.0419900450000004 84.52339935000002 776.93750000000011 85.99214935000002 45.64839940000001 -24.305555555555554 29.972600000000003 72.063449850000012
decision_type=2 2 2 2 2 2 2 2 2 2 2 2 2 2 2 2 2 2 2 2 2 2 2 2 2 2 2 2 2 2
left_child=1 15 -2 5 -5 18 26 8 9 12 -9 16 -8 -10 22 19 -11 -7 -4 -1 -16 -22 23 -15 -25 -26 -6 -12 -17 -29
right_child=2 -3 3 4 6 17 7 10 13 11 27 -13 -14 14 20 28 -18 -19 -20 -21 21 -23 -24 24 25 -27 -28 29 -30 -31
leaf_value=-0.46438642568064326 -2.4117330312728882 -0.57578745324103686 0.49170554382105669 2.3276754873692989 -0.076195823355415873 -2.0093362299403594 2.5451368393449041 -1.9332053901075765 1.4385479795855431 4.626343095582901 0.27368164411525508 -0.97339292689550505 -0.38190141268398453 1.0332093851413668 2.8671874441206455 1.4834556341029541 1.8448678295033565 1.7897677849978209 -0.61509668623293534 0.33297036200972452 3.5768883489072323 -0.04618697428922041 -1.2497928942918677 -1.7651629091477861 1.2015169196692872 -1.5194395783088974 2.3159913404011414 -3.3435965930974043 0.28815550103974646 -0.40901957400616884
leaf_weight=958 70 2445 450 125 2843 191 77 108 342 101 1769 23 115 205 86 230 69 24 478 777 24 109 148 102 121 59 38 27 390 173
leaf_count=958 70 2445 450 125 2843 191 77 108 342 101 1769 23 115 205 86 230 69 24 478 777 24 109 148 102 121 59 38 27 390 173
internal_value=0 -0.237581 0.144775 0.167697 0.258522 -0.361835 0.218968 0.426584 0.914691 1.8811 0.0550405 2.9646 0.791963 0.603596 0.269224 0.11355 3.49739 -1.58525 -0.078393 -0.107299 1.49493 0.607601 -0.153498 0.179667 -0.440816 0.309648 -0.0446432 0.164096 0.731573 -0.805187
internal_weight=0 4800 7877 7807 6664 1143 6539 3658 1581 385 2077 193 192 1196 854 2355 170 215 928 1735 219 133 635 487 282 180 2881 1969 620 200
internal_count=12677 4800 7877 7807 6664 1143 6539 3658 1581 385 2077 193 192 1196 854 2355 170 215 928 1735 219 133 635 487 282 180 2881 1969 620 200
is_linear=0
shrinkage=0.5


Tree=5
num_leaves=31
num_cat=0
split_feature=37 3 34 35 3 5 3 34 3 3 3 34 4 34 3 25 4 15 12 3 15 19 15 18 25 4 35 19 15 15
split_gain=943.298 1651.65 2713.04 1458.96 1434.98 1439.43 1267.11 2099.5 2020.74 1958.29 1001.74 1496.79 1355.51 1341.52 1080.47 976.183 910.415 1024.02 856.428 952.585 845.199 1452.07 832.61 804.21 800.292 787.649 762.247 741.847 1027.68 1978.85
threshold=-26.361111527777776 752.56250000000011 85.257801050000012 84.14839935000002 898.62500000000011 98.61714935000002 857.31250000000011 89.36714935000002 842.93750000000011 828.06250000000011 781.93750000000011 87.320301050000012 77.333248150000017 87.58589935000002 798.93750000000011 66.859348300000008 70.793602000000007 1.7910100250000003 34999.500000000007 795.06250000000011 2.3583949800000004 31.581999800000002 1.3613250250000002 361.13410035000004 66.953098300000008 78.793602000000007 84.71089935000002 29.871049900000003 0.70312449350000017 1.5312450500000001
decision_type=2 2 2 2 2 2 2 2 2 2 2 2 2 2 2 2 2 2 2 2 2 2 2 2 2 2 2 2 2 2
left_child=1 2 16 -3 5 6 7 9 -9 18 11 12 -5 -12 -15 -10 17 -1 22 -20 27 -22 -2 -24 -8 -21 -16 28 -18 -30
right_child=4 3 -4 10 -6 -7 24 8 15 -11 13 -13 -14 14 26 -17 20 -19 19 25 21 -23 23 -25 -26 -27 -28 -29 29 -31
leaf_value=-0.87987702286683778 0.1907324762920064 0.91858579032755472 -1.1430629715099334 0.30970251638536228 3.2490544617176056 -2.5091391668563157 2.3935700908303259 -3.1684621155631443 0.97996859044274864 1.9336012647265479 1.0375745979092446 -1.6939994915668573 -0.96753647438420132 -0.76030199389469666 3.4099394738674165 -1.6529009666242829 -0.058683517779936863 1.2000696402700508 -1.2440593032254779 0.14261852872532305 -2.6087044509024255 1.1794416097303231 -1.4239786892647956 -0.019534658525746301 0.30537388619417566 -2.0671053825189238 0.29403078769518337 -0.034467832920027697 1.3149218697487837 -0.1912215840029346
leaf_weight=456 1031 810 561 912 29 71 65 121 68 105 576 143 269 274 20 73 726 68 395 327 72 39 185 227 156 46 1054 2876 568 354
leaf_count=456 1031 810 561 912 29 71 65 121 68 105 576 143 269 274 20 73 726 68 395 327 72 39 185 227 156 46 1054 2876 568 354
internal_value=0 0.0742652 -0.0988211 0.318241 -0.250488 -0.285849 -0.229453 -0.327951 -1.6695 -0.176188 0.168524 -0.166209 0.0187819 0.398871 0.125953 -0.383148 0.0147319 -0.60996 -0.276381 -0.702935 0.0853551 -1.27773 -0.0493591 -0.650171 0.919549 -0.129894 0.352055 0.1188 0.386274 0.736641
internal_weight=0 9778 5720 4058 2899 2870 2799 2578 262 2316 3248 1324 1181 1924 1348 141 5159 524 2211 768 4635 111 1443 412 221 373 1074 4524 1648 922
internal_count=12677 9778 5720 4058 2899 2870 2799 2578 262 2316 3248 1324 1181 1924 1348 141 5159 524 2211 768 4635 111 1443 412 221 373 1074 4524 1648 922
is_linear=0
shrinkage=0.5


Tree=6
num_leaves=31
num_cat=0
split_feature=4 2 3 34 3 34 34 18 28 15 4 3 18 15 19 34 23 0 35 3 30 11 3 4 34 19 30 3 31 34
split_gain=799.512 1335.32 920.442 1744.31 846.348 1686.97 1605.01 1372.36 921.648 915.033 1513.16 1124.41 1370.86 1242.25 969.498 942.5 967.421 911.49 865.365 828.918 814.659 787.293 998.141 1627.73 1745.38 1389.2 796.743 777.872 986.343 757.169
threshold=80.317447650000005 240.73600045000001 872.06250000000011 92.61714935000002 818.81250000000011 89.71089935000002 88.820301050000012 367.63959735000003 0.7333979905000001 0.95312449350000017 68.761852250000018 711.68750000000011 349.02664795000004 1.2451150400000002 30.980400100000004 83.820301050000012 118.53099800000001 236.90000000000001 83.61714935000002 728.81250000000011 29.527299900000003 425.15600600000005 780.31250000000011 75.682453150000015 86.08589935000002 28.636699650000004 27.175700200000005 691.31250000000011 0.70049998150000004 84.30464935000002
decision_type=2 2 2 2 2 2 2 2 2 2 2 2 2 2 2 2 2 2 2 2 2 2 2 2 2 2 2 2 2 2
left_child=2 -2 3 4 5 9 -6 -8 -7 29 -11 12 -12 14 -14 20 17 -17 27 -19 -13 22 23 24 25 -21 -26 -15 -29 -1
right_child=1 -3 -4 -5 6 8 7 -9 -10 10 11 15 13 18 -16 16 -18 19 -20 21 -22 -23 -24 -25 26 -27 -28 28 -30 -31
leaf_value=0.073003336153009066 0.07221184477862326 -1.1479038422195507 1.2298946243552666 -2.36885605576007 2.0089901410910773 -2.9042598625568496 0.5102681963766158 -1.1745137246388968 -0.57238563387147567 -1.6989392502773031 0.37701331043111469 2.1708861015279566 2.0600075347948881 -1.5837962336000837 -0.29239000160356654 1.0758095873804221 0.62268937317385153 -1.1827774670944637 -3.9576872557401659 2.1685708772134165 0.62229369340503626 -1.0021687566411275 0.81746852385618218 -0.68356106586160392 -3.7233874946832657 0.40129422360008088 -0.53388554665647192 2.9625825626509532 -0.62182057257992274 -0.31666722060022157
leaf_weight=2340 524 392 159 76 146 73 680 147 101 107 576 114 59 238 170 203 1148 146 25 145 333 163 424 599 22 477 178 21 223 2668
leaf_count=2340 524 392 159 76 146 73 680 147 101 107 576 114 59 238 170 203 1148 146 25 145 333 163 424 599 22 477 178 21 223 2668
internal_value=0 -0.449934 0.0350429 0.018668 0.0344108 -0.00673006 0.480618 0.210797 -1.5507 0.019154 0.16251 0.200347 -0.200719 -0.652858 0.313686 0.333494 0.246295 0.062969 -1.08942 -0.0324844 1.01724 0.0511524 0.14421 -0.0566778 0.400139 0.81328 -0.884731 -0.940654 -0.313327 -0.134593
internal_weight=0 916 11761 11602 11526 10553 973 827 174 10379 5371 5264 1312 736 229 3952 3505 2357 507 2154 447 2008 1845 1421 822 622 200 482 244 5008
internal_count=12677 916 11761 11602 11526 10553 973 827 174 10379 5371 5264 1312 736 229 3952 3505 2357 507 2154 447 2008 1845 1421 822 622 200 482 244 5008
is_linear=0
shrinkage=0.5


Tree=7
num_leaves=31
num_cat=0
split_feature=23 34 3 11 3 11 34 3 34 4 34 2 21 19 4 3 34 23 15 23 0 3 25 3 36 23 1 12 12 28
split_gain=860.632 1163.7 621.74 1040.23 620.649 1508.89 1188.27 966.196 1275.09 905.888 974.552 813.502 722.653 711.686 658.381 726.385 1096.97 751.331 715.328 627.696 572.734 525.826 745.942 525.467 522.444 724.794 515.695 515.374 509.841 509.022
threshold=127.03099800000001 91.55464935000002 850.68750000000011 436.31250000000006 763.93750000000011 404.34350600000005 85.39839935000002 735.06250000000011 84.33589935000002 77.777751900000013 84.163997650000013 244.72034970000001 -1.3437499999999998 35.93354990000001 78.666652700000014 795.06250000000011 86.92964935000002 112.15599800000001 0.87304651750000006 104.90599800000001 232.50000035000002 814.18750000000011 64.578098300000008 848.93750000000011 1862.1850000000002 122.21849800000001 1.0000000180025095e-35 35995.500000000007 35999.500000000007 0.69960898150000006
decision_type=2 2 2 2 2 2 2 2 2 2 2 2 2 2 2 2 2 2 2 2 2 2 2 2 2 2 2 2 2 2
left_child=1 2 3 4 6 29 7 8 24 10 19 -8 -10 20 15 16 28 -18 -16 -9 -11 -5 -23 -3 -1 -26 -2 -17 -7 -6
right_child=26 23 -4 21 5 14 11 9 12 13 -12 -13 -14 -15 18 27 17 -19 -20 -21 -22 22 -24 -25 25 -27 -28 -29 -30 -31
leaf_value=-0.0039503950467948221 -1.4241537717548576 -3.0063893331421747 0.76846524291732887 -2.5300029611045662 1.0605011645914806 0.34496025825746063 -0.2538886436995616 -0.5344772306581338 -0.65429755936217127 2.2828738320441473 0.33151483486477307 -1.1671662918243606 -2.4104112655572267 -3.0660110347283385 -1.6831171762397779 0.82531116370043556 -2.9813752536262785 -0.5802404287838695 -0.21006100245106679 1.9578256035019876 -0.43747790645603546 0.24966214931516992 -1.3993604614789927 -0.87358553021227658 -2.8685993292444461 -0.33734612405921022 0.47325482256451362 0.10505726190994398 -0.92032572318696315 0.29483734546928941
leaf_weight=3975 37 36 244 44 496 690 665 30 388 21 1026 385 69 24 112 410 35 471 312 160 246 123 155 146 37 120 1114 630 90 386
leaf_count=3975 37 36 244 44 496 690 665 30 388 21 1026 385 69 24 112 410 35 471 312 160 246 123 155 146 37 120 1114 630 90 386
internal_value=0 -0.0411689 -0.0210454 -0.0384004 -0.0119439 0.156355 -0.0974832 -0.0128641 -0.126936 0.334498 0.524138 -0.588757 -0.919444 -0.45795 -0.0261573 0.0782956 -0.172977 -0.746327 -0.59917 1.5643 -0.223518 -0.923952 -0.669757 -1.29546 -0.0392843 -0.933884 0.412261 0.389004 0.198966 0.725415
internal_weight=0 11526 11344 11100 10778 3632 7146 6096 4589 1507 1216 1050 457 291 2750 2326 1286 506 424 190 267 322 278 182 4132 157 1151 1040 780 882
internal_count=12677 11526 11344 11100 10778 3632 7146 6096 4589 1507 1216 1050 457 291 2750 2326 1286 506 424 190 267 322 278 182 4132 157 1151 1040 780 882
is_linear=0
shrinkage=0.5


Tree=8
num_leaves=31
num_cat=0
split_feature=23 2 3 34 35 3 21 15 11 18 3 15 4 34 15 19 15 34 3 4 28 6 0 36 23 3 34 19 11 11
split_gain=592.749 622.268 699.108 943.265 845.034 704.253 923.869 942.752 639.191 691.091 630.066 579.537 810.43 577.446 651.935 668.671 546.848 522.372 662.274 573.348 690.139 522.125 880.413 486.128 483.226 451.223 700.72 472.589 463.731 449.604
threshold=110.59349800000001 253.06409970000001 744.18750000000011 85.257801050000012 83.42964935000002 672.56250000000011 -0.34374999999999994 0.34765599700000005 364.53100600000005 342.79220045000005 710.06250000000011 1.0068300350000003 71.682453150000015 83.11714935000002 1.4462800050000002 31.265599250000005 0.41406200850000002 85.163997650000013 723.06250000000011 75.047550200000003 1.2851550000000003 1.0000000180025095e-35 244.70000020000001 1669.6250000000002 135.03099800000004 835.93750000000011 90.476497650000013 29.496049900000003 389.40600600000005 368.15600600000005
decision_type=2 2 2 2 2 2 2 2 2 2 2 2 2 2 2 2 2 2 2 2 2 2 2 2 2 2 2 2 2 2
left_child=29 2 4 -4 5 6 -2 -8 9 -7 13 16 -13 14 15 -10 -5 18 -6 20 -20 22 -19 -12 -14 26 28 -28 -18 -1
right_child=1 -3 3 11 17 8 7 -9 10 -11 23 12 24 -15 -16 -17 25 21 19 -21 -22 -23 -24 -25 -26 -27 27 -29 -30 -31
leaf_value=0.066796178905942916 -1.1077795976693796 -0.23860942193074455 0.87043096824334221 0.46053632724160876 -1.1946893887058512 -0.32152031127201475 -1.4669130411108626 0.35791087137033223 1.1435922488038028 0.95488484377065863 2.4739680480957031 -0.56713892304363245 0.40388082467672531 -1.2510609647979702 -0.91882832271527426 -0.31877073288847835 0.81756273253811795 -0.55120562565597619 0.59975114832985721 -0.74333166633164738 -2.3005777692252938 -0.40465621713680766 -3.4208098816183896 0.24124676055088071 2.6158506768941878 0.54874096630497815 -3.0939439129498272 -0.22956312944491705 -0.2877387712338158 -0.37145655850532799
leaf_weight=909 259 1538 520 428 146 138 85 423 140 458 25 226 1995 137 157 177 103 55 303 164 22 113 52 982 25 188 36 24 1206 1643
leaf_count=909 259 1538 520 428 146 138 85 423 140 458 25 226 1995 137 157 177 103 55 303 164 22 113 52 982 25 188 36 24 1206 1643
internal_value=0 0.05428 0.106739 0.234933 -0.0520333 0.0736477 -0.339252 0.0525762 0.216689 0.659341 0.0536357 0.156829 0.330795 -0.346925 -0.0856024 0.327068 -0.0400114 -0.490227 -0.260188 0.0188251 0.403421 -1.1542 -1.94578 0.296677 0.431257 -0.177606 -0.277352 -1.94819 -0.200767 -0.215355
internal_weight=0 10125 8587 4751 3836 2981 767 508 2214 596 1618 4231 2246 611 474 317 1985 855 635 489 325 220 107 1007 2020 1557 1369 60 1309 2552
internal_count=12677 10125 8587 4751 3836 2981 767 508 2214 596 1618 4231 2246 611 474 317 1985 855 635 489 325 220 107 1007 2020 1557 1369 60 1309 2552
is_linear=0
shrinkage=0.5


Tree=9
num_leaves=31
num_cat=0
split_feature=15 15 21 19 3 34 11 15 35 36 3 34 35 3 21 4 18 18 4 28 30 31 4 6 18 18 6 15 23 15
split_gain=512.108 530.536 659.98 500.212 706.417 2372.74 789.791 527.336 990.171 637.787 505.018 980.278 693.203 502.852 502.106 451.412 763.427 691.269 912.871 910.327 640.445 632.526 618.58 599.182 1089.61 895.898 595.013 509.545 474.025 469.713
threshold=2.8505799800000005 2.4218699900000007 -2.6562499999999996 32.24604990000001 645.56250000000011 79.27339935000002 336.71850600000005 1.6249950500000001 80.17964935000002 1878.1850000000002 675.43750000000011 80.882801050000012 81.46089935000002 660.18750000000011 3.0312500000000004 78.349147800000011 356.70674745000002 356.43565215000001 72.888851150000008 0.48828099650000006 31.480400100000004 0.74649998550000018 69.460247050000007 1.0000000180025095e-35 342.25010145000005 349.65909805000007 1.0000000180025095e-35 1.3613250250000002 117.03099800000001 0.88085901750000006
decision_type=2 2 2 2 2 2 2 2 2 2 2 2 2 2 2 2 2 2 2 2 2 2 2 2 2 2 2 2 2 2
left_child=1 3 -3 4 6 -6 -1 14 -9 13 12 -12 -7 -10 15 17 20 18 -5 -19 21 -17 26 24 -20 -25 -21 -24 -26 -18
right_child=-2 2 -4 7 5 10 -8 8 9 -11 11 -13 -14 -15 -16 16 29 19 23 22 -22 -23 27 25 28 -27 -28 -29 -30 -31
leaf_value=0.19326183686984313 2.3074564437071481 1.2214666575384445 -0.9962171123479493 -1.2397754201251012 3.0715232331524875 -0.035307451512783632 -1.461067791779836 2.1144629514310509 -1.3509212347065531 -0.49791019569467349 1.9426730681915541 0.11202678384574183 -1.6708592409672944 0.45221919400222454 1.1565385513797239 -2.2819650453531137 -1.929317581828113 -0.48676775894209479 -1.9595284021645785 -2.0642930720415382 0.20842374646831507 0.13522810548543929 0.46317594839836873 -0.05614247299862378 0.15174737321076431 -1.3389307982374534 0.13131856928682989 -0.41838366298803259 1.3372642489715068 -0.69996702169790925
leaf_weight=139 24 39 240 264 68 219 150 64 41 321 74 6202 92 679 69 59 111 570 50 54 364 50 1235 368 273 216 72 189 122 259
leaf_count=139 24 39 240 264 68 219 150 64 41 321 74 6202 92 679 69 59 111 570 50 54 364 50 1235 368 273 216 72 189 122 259
internal_value=0 -0.00437674 -0.686218 0.0109969 0.0998939 0.133127 -0.665387 -0.102686 0.20558 0.0882228 0.102793 0.133612 -0.519136 0.34954 -0.181446 -0.203138 -0.530788 -0.122209 -0.410343 0.0535251 -0.109954 -1.17316 0.252213 -0.197544 0.239543 -0.530598 -0.809658 0.346171 0.517907 -1.06877
internal_weight=0 12653 279 12374 6944 6655 289 5430 1105 1041 6587 6276 311 720 4325 4256 843 3413 1293 2120 473 109 1550 1029 445 584 126 1424 395 370
internal_count=12677 12653 279 12374 6944 6655 289 5430 1105 1041 6587 6276 311 720 4325 4256 843 3413 1293 2120 473 109 1550 1029 445 584 126 1424 395 370
is_linear=0
shrinkage=0.5


Tree=10
num_leaves=31
num_cat=0
split_feature=12 3 34 11 25 34 3 18 3 34 34 36 2 3 19 28 18 37 28 3 34 34 4 18 2 23 28 4 15 23
split_gain=372.567 290.003 1494.47 831.121 552.475 548.298 357.991 364.967 351.774 796.241 717.798 670.225 496.795 460.41 443.353 412.602 361.436 359.853 460.815 435.899 850.5 785.453 403.415 537.516 664.105 547.224 494.631 587.965 505.81 502.97
threshold=37001.500000000007 639.56250000000011 78.71089935000002 367.21850600000005 51.734350200000009 76.226497650000013 619.68750000000011 342.61149825000001 695.81250000000011 82.382801050000012 81.99214935000002 1881.5600000000002 228.45470085000002 707.56250000000011 33.441400550000004 0.43456999950000003 362.67009965000005 -22.027777583333329 0.66015601150000014 837.31250000000011 90.86714935000002 90.538997650000013 78.920551300000014 345.14139785000003 235.67350045000001 116.78099800000001 0.41992150250000004 77.20634840000001 2.0107400450000004 120.59349800000001
decision_type=2 2 2 2 2 2 2 2 2 2 2 2 2 2 2 2 2 2 2 2 2 2 2 2 2 2 2 2 2 2
left_child=1 3 5 4 6 -3 7 -1 9 11 13 15 -12 16 -15 -4 -10 19 -19 21 -21 22 26 25 -25 -24 27 28 -14 -28
right_child=-2 2 8 -5 -6 -7 -8 -9 10 -11 12 -13 17 14 -16 -17 -18 18 -20 20 -22 -23 23 24 -26 -27 29 -29 -30 -31
leaf_value=1.2645628343268138 -0.53180281877099911 3.8106454299254851 0.3748104094085854 -3.4371881101812636 -0.73315932722430932 1.1421707252451738 1.3879783441623053 -0.44956459348031785 1.0455263921287545 -1.2049581037523847 1.1553510484518483 -1.8086348228432514 -0.41510204618084728 3.9415901510611824 0.92794475647119379 -0.22248895686656567 -0.85681105624226961 -1.8543319054718674 -0.10705589534093936 1.1728736244556845 0.0089971216894492289 -1.13533559643867 -1.7949215667477498 0.78383940029007615 -0.31121690323940776 -0.040038681649542475 0.038649289981277868 0.46687176336802666 0.48381646465133415 0.37028355598431517
leaf_weight=41 321 22 449 21 253 154 60 128 94 180 96 54 1295 23 26 812 34 58 108 238 461 151 105 169 766 77 4472 295 178 1536
leaf_count=41 321 22 449 21 253 154 60 128 94 180 96 54 1295 23 26 812 34 58 108 238 461 151 105 169 766 77 4472 295 178 1536
internal_value=0 0.0138159 0.0295957 -0.358029 -0.223875 1.47573 0.338784 -0.0337112 0.007799 -0.218682 0.0410527 -0.0836787 0.0233951 1.03916 2.34251 -0.00981059 0.540218 0.0124285 -0.71755 0.0248658 0.405281 -0.00453607 0.0146645 -0.266314 -0.113287 -1.05247 0.0550263 -0.177438 -0.306475 0.123435
internal_weight=0 12356 11853 503 482 176 229 169 11677 1495 10182 1315 10005 177 49 1261 128 9909 166 9743 699 9044 8893 1117 935 182 7776 1768 1473 6008
internal_count=12677 12356 11853 503 482 176 229 169 11677 1495 10182 1315 10005 177 49 1261 128 9909 166 9743 699 9044 8893 1117 935 182 7776 1768 1473 6008
is_linear=0
shrinkage=0.5


Tree=11
num_leaves=31
num_cat=0
split_feature=1 11 3 34 30 18 3 34 11 15 5 34 2 3 34 37 21 34 18 3 4 28 0 21 18 15 30 4 30 15
split_gain=336.392 269.844 383.997 728.287 347.067 309.974 319.213 1108.28 739.683 539.079 511.411 461.181 830.008 442.99 728.006 1127.24 472.085 584.706 566.141 534.752 430.486 733.476 596.401 450.858 498.898 439.629 559.42 403.212 399.711 452.661
threshold=1.0000000180025095e-35 463.96850600000005 872.06250000000011 93.58589935000002 28.136699650000004 366.55534975 804.31250000000011 89.71089935000002 413.09350600000005 1.1318300350000003 92.570301050000012 87.67964935000002 247.65784970000001 769.81250000000011 85.99214935000002 -25.805555972222219 -2.4062499999999996 86.163997650000013 352.81314695000003 780.31250000000011 75.682453150000015 0.5595700145000001 239.19999924999999 -1.9062499999999998 359.95949785000005 0.59960901750000006 27.542900100000004 74.412647250000006 33.300699250000001 0.71191352600000013
decision_type=2 2 2 2 2 2 2 2 2 2 2 2 2 2 2 2 2 2 2 2 2 2 2 2 2 2 2 2 2 2
left_child=-1 2 3 5 -4 6 7 11 -8 -9 -10 13 -13 14 20 -16 -15 18 -18 -20 23 -22 25 24 -2 26 -23 -21 29 -25
right_child=1 -3 4 -5 -6 -7 8 9 10 -11 -12 12 -14 16 15 -17 17 -19 19 27 21 22 -24 28 -26 -27 -28 -29 -30 -31
leaf_value=-1.0852863018886305 -0.48711677845108858 -1.3421899540400184 2.3235887870192529 -2.310515142593752 0.4253196168870314 -0.29385405941111525 1.4647584823810536 -0.74135463136351776 2.0009583313432007 -3.6111846305429935 0.090087624768631136 -0.053678770453071727 -1.486467140426212 0.73501349369828251 -0.35587502026705392 -3.1601752927036664 -1.2750735394656658 -0.10721409960264541 0.33558614844375328 2.3638948039213816 0.15660312258714559 -2.3131569986316292 -0.69274220199804404 0.082428788148382046 0.41490772285383343 0.11613648641548717 -0.26392251503293529 0.64805960480774205 -0.089818113933890886 0.49024550401693279
leaf_weight=71 528 37 30 34 122 802 115 36 36 30 1279 357 141 407 629 38 36 896 230 75 1300 44 704 1294 216 670 137 63 885 1435
leaf_count=71 528 37 30 34 122 802 115 36 36 30 1279 357 141 407 629 38 36 896 230 75 1300 44 704 1294 216 670 137 63 885 1435
internal_value=0 0.00611259 0.0100817 0.000412314 0.799978 0.00675743 0.0275752 -0.00358148 0.248744 -2.04582 0.1424 0.00978371 -0.459348 0.0341529 -0.0158712 -0.51564 0.265078 0.117952 0.617332 0.802458 0.0303434 -0.120571 -0.352293 0.12921 -0.225239 -0.070652 -0.762079 1.58058 0.202179 0.296873
internal_weight=0 12606 12569 12417 152 12383 11581 10151 1430 66 1315 10085 498 9587 7880 667 1707 1300 404 368 7213 2855 1555 4358 744 851 181 138 3614 2729
internal_count=12677 12606 12569 12417 152 12383 11581 10151 1430 66 1315 10085 498 9587 7880 667 1707 1300 404 368 7213 2855 1555 4358 744 851 181 138 3614 2729
is_linear=0
shrinkage=0.5


Tree=12
num_leaves=31
num_cat=0
split_feature=23 21 4 11 2 34 3 3 35 34 0 21 30 15 4 4 36 5 28 21 30 3 34 35 19 34 0 3 35 30
split_gain=280.663 323.855 329.012 322.807 385.515 280.08 744.167 664.646 600.481 473.655 495.671 448.129 465.411 430.461 384.643 378.255 376.505 488.536 399.489 435.669 363.781 350.034 902.111 613.64 487.325 368.922 363.423 451.541 433.403 330.322
threshold=107.09349800000001 -2.6562499999999996 73.20634840000001 377.96850600000005 247.22034970000001 88.39839935000002 780.31250000000011 788.81250000000011 84.882801050000012 86.726497650000013 245.99999940000001 -2.5937499999999996 30.988200200000005 2.2861299500000007 75.428546900000015 77.523746500000001 1924.6850000000002 98.49214935000002 0.94531199350000017 -3.7187499999999996 30.167900100000004 723.68750000000011 83.507801050000012 83.913997650000013 30.386699650000004 83.86714935000002 251.90000000000001 782.56250000000011 85.288997650000013 28.972600000000003
decision_type=2 2 2 2 2 2 2 2 2 2 2 2 2 2 2 2 2 2 2 2 2 2 2 2 2 2 2 2 2 2
left_child=1 -1 3 -3 -5 7 -7 9 15 21 -11 13 -13 16 -15 -9 17 -8 19 -18 -20 23 29 25 -24 -2 28 -28 -26 -23
right_child=5 2 -4 4 -6 6 11 8 -10 10 -12 12 -14 14 -16 -17 18 -19 20 -21 -22 22 24 -25 26 -27 27 -29 -30 -31
leaf_value=1.1426650111268206 0.016449542689827911 0.45206490452821035 -0.4778492948653586 -1.278268873844653 0.54605231779472285 -2.7114301389000111 -0.35551545742833823 0.86630831491437899 0.29383117774535944 0.075480301684001466 -0.76810418395188407 -0.032071919082761642 -1.2887078853275038 0.12733542246203269 2.7087036553356381 2.7860808184272363 1.151036629486563 -2.6232208316524823 0.82847823845342505 -0.29340179494004576 -0.0042722938271860279 -0.10737238191068173 0.29609279025518931 -1.2894899967393958 0.00078157091101681351 -0.54932833892121025 -0.78088279684057593 0.86439566184975658 1.8546319110319018 1.7573181085386558
leaf_weight=41 2977 233 742 73 48 28 114 79 1019 320 382 143 152 31 27 38 56 30 233 770 300 30 1783 101 2133 319 280 49 32 114
leaf_count=41 2977 233 742 73 48 28 114 79 1019 320 382 143 152 31 27 38 56 30 233 770 300 30 1783 101 2133 319 280 49 32 114
internal_value=0 -0.237016 -0.288628 0.107989 -0.554571 0.0233524 -0.152994 0.0577597 0.41701 0.00985963 -0.383564 -0.114397 -0.679559 -0.00759166 1.32901 1.48982 -0.0591703 -0.827954 0.0222902 -0.195474 0.359763 0.0451863 0.137926 -0.075509 0.0964828 -0.0383087 -0.0462215 -0.535841 0.0281826 1.36884
internal_weight=0 1137 1096 354 121 11540 1884 9656 1136 8520 702 1856 295 1561 58 117 1503 144 1359 826 533 7818 4421 3397 4277 3296 2494 329 2165 144
internal_count=12677 1137 1096 354 121 11540 1884 9656 1136 8520 702 1856 295 1561 58 117 1503 144 1359 826 533 7818 4421 3397 4277 3296 2494 329 2165 144
is_linear=0
shrinkage=0.5


Tree=13
num_leaves=31
num_cat=0
split_feature=37 3 23 15 15 12 19 35 3 34 36 0 18 19 15 19 28 30 3 11 30 35 3 34 15 21 3 21 28 36
split_gain=310.042 441.424 250.08 220.628 414.692 365.727 714.035 336.548 401.959 446.41 381.452 357.942 483.01 436.529 549.641 649.487 453.031 430.102 428.361 1028.42 632.497 483.505 598.462 399.232 386.034 424.886 678.413 511.235 397.676 368.537
threshold=-36.583334611111106 735.81250000000011 132.53099800000004 1.1415950050000003 0.40917950900000005 32002.500000000004 36.003900550000004 79.226497650000013 720.81250000000011 84.132801050000012 1636.7450000000001 239.29999964999999 350.38194885000001 31.175700200000005 1.8271400350000002 29.706999800000002 0.52636650200000001 31.949199650000004 741.68750000000011 401.15600600000005 27.175700200000005 84.632801050000012 756.43750000000011 86.195301050000012 1.6874950500000001 -2.0312499999999996 801.93750000000011 -3.2812499999999996 0.68972650200000019 1687.2450000000001
decision_type=2 2 2 2 2 2 2 2 2 2 2 2 2 2 2 2 2 2 2 2 2 2 2 2 2 2 2 2 2 2
left_child=1 -1 3 4 -2 6 -6 -5 9 -9 -10 -12 -13 14 18 -16 29 -18 19 20 -14 -20 23 -23 25 26 -24 -28 -29 -15
right_child=2 -3 -4 7 5 -7 -8 8 10 -11 11 12 13 16 15 -17 17 -19 21 -21 -22 22 24 -25 -26 -27 27 28 -30 -31
leaf_value=0.27111265488329961 0.1644632371640955 2.1123777776956558 0.41340672840483111 1.5570511206783153 0.34733862488914552 -0.20285232309140663 -0.72890359335724497 -0.1235801434448574 0.95942432259706623 -1.4469194194830175 0.51657663889112626 -0.99549891222097453 -1.6353924694574542 1.264027442140826 -0.54793539097935129 0.7650552613299284 -0.45437646520763841 0.24409562445575961 1.3454371329742609 -2.9420149285217811 1.1918451302760356 0.03142230212688446 -0.61945653999153572 -2.8997083930742171 1.7890583210756954 1.1844916602201534 -0.5361268321673075 0.38314777254485166 2.2512964007873384 -0.56837487155115052
leaf_weight=227 1367 38 337 37 781 4537 192 1305 133 67 447 109 27 29 317 134 288 939 194 29 74 26 158 21 59 132 48 52 63 510
leaf_count=227 1367 38 337 37 781 4537 192 1305 133 67 447 109 27 29 317 134 288 939 194 29 74 26 158 21 59 132 48 52 63 510
internal_value=0 0.535143 -0.0114255 -0.0232821 -0.0820413 -0.143198 0.134966 0.0544569 0.0436845 -0.188204 0.127652 0.0973928 0.0390023 0.0753767 0.291257 -0.157823 -0.0876948 0.0801511 0.520628 -0.317519 0.436049 0.665329 0.429298 -1.27823 0.586044 0.42936 0.118838 0.834486 1.40657 -0.469786
internal_weight=0 265 12412 12075 6877 5510 973 5198 5161 1372 3789 3656 3209 3100 1334 451 1766 1227 883 130 101 753 559 47 512 453 321 163 115 539
internal_count=12677 265 12412 12075 6877 5510 973 5198 5161 1372 3789 3656 3209 3100 1334 451 1766 1227 883 130 101 753 559 47 512 453 321 163 115 539
is_linear=0
shrinkage=0.5


Tree=14
num_leaves=31
num_cat=0
split_feature=3 34 34 3 35 19 3 35 30 37 18 30 28 18 15 14 12 3 3 21 4 35 3 34 12 11 19 11 37 0
split_gain=272.231 951.557 342.8 363.721 358.941 331.855 422.416 302.746 345.859 225.428 396.89 433.019 339.286 461.952 440.717 386.547 284.959 408.952 378.467 457.662 399.441 386.368 418.98 313.785 283.839 296.511 277.669 274.05 273.187 266.824
threshold=660.18750000000011 79.61714935000002 77.24214935000002 645.56250000000011 81.24214935000002 30.675700200000005 675.43750000000011 81.24214935000002 33.480400100000004 -31.249999999999996 350.74334945000004 28.183549900000003 0.21679650250000002 342.97290265000004 0.41406200850000002 257.05000300000006 34006.000000000007 747.06250000000011 726.68750000000011 -0.46874999999999994 75.301548000000011 83.913997650000013 705.81250000000011 85.007801050000012 36004.500000000007 406.78100600000005 30.081999800000002 375.96850600000005 -27.527777361111109 252.20000020000001
decision_type=2 2 2 2 2 2 2 2 2 2 2 2 2 2 2 2 2 2 2 2 2 2 2 2 2 2 2 2 2 2
left_child=2 5 3 7 -4 -2 -7 -1 -9 12 11 -11 -3 14 -14 -16 18 24 20 29 21 22 -12 -19 25 -18 -17 -22 -25 -20
right_child=1 9 4 -5 -6 6 -8 8 -10 10 16 -13 13 -15 15 26 17 23 19 -21 27 -23 -24 28 -26 -27 -28 -29 -30 -31
leaf_value=0.20157938335897096 2.6914562658297227 0.72470382564121261 -0.34731987833954792 2.0134977934261165 -1.5400567758834869 0.2208070610190781 2.4585536976655322 -2.5040936587999263 0.18019344036777815 -1.5935206866512697 -0.12774956965872439 -0.26642896381431613 1.0768707812763751 0.13586587638352074 -1.0385905312382817 -1.1852682469567906 -0.29107893653094147 0.57549981554928598 0.41699962719764433 1.7009836619254202 0.25715334120799194 -0.85823059198216045 0.74411509863240011 0.082018461212542471 -2.1964157181126729 -2.1094892750615659 0.84210302105598278 -1.1953010491786464 -0.16626852434543224 -0.053381810601437422
leaf_weight=268 34 212 509 24 72 71 30 24 24 78 366 290 40 2927 217 24 886 214 805 56 44 101 221 2176 21 23 57 124 2257 482
leaf_count=268 34 212 509 24 72 71 30 24 24 78 366 290 40 2927 217 24 886 214 805 56 44 101 221 2176 21 23 57 124 2257 482
internal_value=0 0.0205084 -0.261777 0.136981 -0.495129 1.34032 0.885484 -0.00553902 -1.16195 0.00517622 -0.0403264 -0.547715 0.111755 0.0719551 -0.481497 -0.690674 -0.0163142 -0.076417 0.136116 0.30172 -0.123704 0.0450753 0.200499 -0.0158466 -0.379074 -0.337089 0.2414 -0.814896 -0.0443934 0.240835
internal_weight=0 11756 921 340 581 135 101 316 48 11621 8144 368 3477 3265 338 298 7776 5577 2199 1343 856 688 587 4647 930 909 81 168 4433 1287
internal_count=12677 11756 921 340 581 135 101 316 48 11621 8144 368 3477 3265 338 298 7776 5577 2199 1343 856 688 587 4647 930 909 81 168 4433 1287
is_linear=0
shrinkage=0.5


Tree=15
num_leaves=31
num_cat=0
split_feature=3 11 0 3 34 37 36 3 25 4 11 4 14 11 18 34 19 11 34 25 18 4 4 15 3 37 15 30 30 3
split_gain=178.93 321.076 281.317 203.931 458.041 457.692 374.983 363.579 349.544 300.28 285.737 413.052 342.551 330.546 284.994 276.77 256.893 238.319 236.198 236.195 232.952 310.706 227.989 224.004 267.808 368.023 274.572 475.446 221.927 221.717
threshold=898.62500000000011 460.24951200000004 259.70000020000003 837.31250000000011 89.11714935000002 -24.583333333333332 1929.9350000000002 810.31250000000011 64.453098300000008 82.476146700000015 429.59350600000005 73.396747600000012 254.05000300000003 433.28100600000005 365.65179675000002 87.58589935000002 32.613199250000001 449.90600600000005 91.99214935000002 59.953100200000009 367.45884935000004 74.222148900000022 84.730102550000012 2.4843699900000007 816.68750000000011 -30.972222222222218 1.4970650050000003 28.300700200000005 26.863200200000005 793.68750000000011
decision_type=2 2 2 2 2 2 2 2 2 2 2 2 2 2 2 2 2 2 2 2 2 2 2 2 2 2 2 2 2 2
left_child=1 3 -3 4 7 6 16 10 14 17 22 -12 -13 -14 -5 19 -6 -10 23 -9 28 -22 29 24 26 -26 -8 -28 -19 -1
right_child=-2 2 -4 8 5 -7 18 15 9 -11 11 12 13 -15 -16 -17 -18 20 -20 -21 21 -23 -24 -25 25 -27 27 -29 -30 -31
leaf_value=-0.020890192719123343 1.113121188349194 -2.2389456706742448 0.11500495655292814 0.42807960952632129 -2.3140509589833931 -1.6936972415636455 -0.73640928777662673 -0.16493955271487887 0.44636565690464508 -1.2611646792954869 -2.1057405161360898 -1.8288937635395839 -0.46403327193998156 1.8044163414205496 2.4478699141933071 0.25777591711119474 -0.14536247199231928 1.0144450914114713 -1.6005676410816334 1.7268087975116391 -0.70054822241266568 1.3862172299043529 1.5739860016366709 -1.6125060404124467 1.8855387868754792 0.1064582217759529 2.0321842623608455 -0.62771891421150594 -0.77108676901691831 0.27487959296056008
leaf_weight=9889 36 30 22 40 36 63 174 22 419 36 39 23 42 26 31 336 22 20 27 66 30 44 23 23 33 244 28 42 134 677
leaf_count=9889 36 30 22 40 36 63 174 22 419 36 39 23 42 26 31 336 22 20 27 66 30 44 23 23 33 244 28 42 134 677
internal_value=0 -0.00317003 -1.24304 0.00195138 -0.0141113 -0.408829 -0.280137 0.0104014 0.254075 0.144313 -0.00756143 -0.744331 -0.16087 0.403315 1.30996 0.464513 -1.49144 0.222516 -0.157097 1.25387 -0.188858 0.540231 0.00148381 -0.0854546 -0.0180416 0.318406 -0.399993 0.436242 -0.5392 -0.0019392
internal_weight=0 12641 52 12589 11835 692 629 11143 754 683 10719 130 91 68 71 424 58 647 571 88 228 74 10589 544 521 277 244 70 154 10566
internal_count=12677 12641 52 12589 11835 692 629 11143 754 683 10719 130 91 68 71 424 58 647 571 88 228 74 10589 544 521 277 244 70 154 10566
is_linear=0
shrinkage=0.5


Tree=16
num_leaves=31
num_cat=0
split_feature=4 6 3 25 23 0 18 34 11 15 3 19 4 19 4 15 18 34 36 0 21 6 34 4 3 34 4 19 3 34
split_gain=167.952 230.315 321.355 180.35 242.011 290.887 296.905 272.014 315.795 227.408 226.6 203.107 528.073 198.823 415.122 198.046 189.668 289.004 280.652 298.576 272.104 188.158 184.839 222.434 180.28 268.186 242.789 229.688 223.481 213.913
threshold=67.301548000000011 1.0000000180025095e-35 723.68750000000011 60.109350200000009 116.09349800000001 232.50000035000002 346.13530195000004 84.882801050000012 385.65600600000005 1.7910100250000003 780.31250000000011 30.503899550000003 77.015850050000012 50.691400550000004 77.777751900000013 0.6220700145000001 353.81540145000002 86.257801050000012 1831.0600000000002 249.49999940000001 -2.5937499999999996 1.0000000180025095e-35 86.445301050000012 83.872951500000013 789.56250000000011 86.601497650000013 79.111049650000012 25.644499800000002 776.18750000000011 86.351497650000013
decision_type=2 2 2 2 2 2 2 2 2 2 2 2 2 2 2 2 2 2 2 2 2 2 2 2 2 2 2 2 2 2
left_child=1 2 -1 10 5 -5 7 -7 -9 24 13 -11 -13 22 15 -15 -12 18 19 -18 -19 -22 23 -2 26 -26 29 -27 -28 -8
right_child=3 -3 -4 4 -6 6 9 8 -10 11 16 12 -14 14 -16 -17 17 20 -20 -21 21 -23 -24 -25 25 27 28 -29 -30 -31
leaf_value=-2.4200406158963839 0.058525879063699084 0.34059949140205525 0.064097063423579806 0.51814516440093039 0.0092207011094178493 -0.22734119018187393 -0.18489511997433916 -3.5246119782328607 -0.77943224121223798 -0.32696884903496348 -0.9391617601271719 0.093902234613667923 2.3318312100388785 -0.49673818701139377 -2.3598998648424945 0.40590760051070346 2.2225237683607983 2.0171347130089998 2.8131720473368964 0.2220511753041523 0.50487931054085489 -0.29248219610459797 -0.59225397384426459 1.5529764771461487 1.0927400900257958 1.4259931186125392 -1.8898190909351866 -0.26805936096385474 -0.070689161904156209 -0.76714080224000736
leaf_weight=30 6153 33 23 126 3770 37 507 20 22 113 25 131 33 179 24 92 26 20 21 66 150 146 109 25 45 21 52 424 25 229
leaf_count=30 6153 33 23 126 3770 37 507 20 22 113 25 131 33 179 24 92 26 20 21 66 150 146 109 25 45 21 52 424 25 229
internal_value=0 -0.696363 -1.34202 0.00475635 -0.0625908 -0.21426 -0.269886 -1.21584 -2.08666 -0.222588 0.0579277 0.188824 0.544217 0.0343616 -0.366814 -0.190305 0.399583 0.477599 1.16387 0.787402 0.23219 0.111586 0.0531857 0.0645733 -0.310048 -0.0704857 -0.454434 -0.188115 -1.29919 -0.366056
internal_weight=0 86 53 12591 5555 1785 1659 79 42 1580 7036 277 164 6582 295 271 454 429 113 92 316 296 6287 6178 1303 490 813 445 77 736
internal_count=12677 86 53 12591 5555 1785 1659 79 42 1580 7036 277 164 6582 295 271 454 429 113 92 316 296 6287 6178 1303 490 813 445 77 736
is_linear=0
shrinkage=0.5


Tree=17
num_leaves=31
num_cat=0
split_feature=1 23 36 15 2 28 30 18 31 30 21 5 21 5 36 19 18 15 35 30 15 18 2 36 35 3 12 28 4 35
split_gain=159.143 168.761 503.016 225.725 354.022 223.955 200.673 204.101 206.67 197.861 294.174 360.673 324.826 298.933 251.853 208.867 239.712 198.815 329.034 272.707 454.447 475.918 271.802 243.356 279.718 262.287 351.718 241.097 427.878 309.469
threshold=1.0000000180025095e-35 112.34349800000001 1865.6850000000002 2.3330050700000005 243.09534970000001 0.5595700145000001 25.988200200000005 364.11575165000005 0.76049998400000007 33.363199250000001 -3.4687499999999996 97.02339935000002 -3.2187499999999996 98.49214935000002 1879.8100000000002 31.417900100000004 360.14020005000003 1.0068300350000003 88.55464935000002 29.746049900000003 2.0732400450000004 346.31599655000002 236.36100045000001 1735.1850000000002 83.070301050000012 681.76998900000012 29999.500000000004 1.3212850100000002 72.888851150000008 82.42964935000002
decision_type=2 2 2 2 2 2 2 2 2 2 2 2 2 2 2 2 2 2 2 2 2 2 2 2 2 2 2 2 2 2
left_child=-1 2 3 -2 5 -5 7 8 -3 17 13 12 -12 -11 15 16 -14 18 27 20 21 22 -19 24 -21 -25 -27 29 -29 -8
right_child=1 6 -4 4 -6 -7 9 -9 -10 10 11 -13 14 -15 -16 -17 -18 19 -20 23 -22 -23 -24 25 -26 26 -28 28 -30 -31
leaf_value=-0.74647350263007928 -0.048956004501769186 -0.15082909089799684 -2.321356834769249 0.67980856134979861 -2.3121385898973261 -0.99334394356442823 0.30946377782098033 0.6637468987666979 -1.0771739010591632 1.9929246969764147 1.7792522286375363 -0.86709920355739689 -1.0419841526168769 0.093425384072481465 -0.27890435730910473 0.13736603180628332 0.37120064845348294 -0.097910220506795057 -1.9072794446891004 0.35009728554481018 -0.32060360774781477 0.62823463492095466 -2.1422904843375798 -1.4603497902241847 2.077263973121132 2.1155483417212961 0.0042403977068325039 1.2040395833488204 -0.089373563013389598 -0.084482845916638599
leaf_weight=71 3527 143 25 36 28 45 623 41 104 34 24 144 83 53 866 1157 47 72 22 144 193 905 21 30 28 20 1438 117 141 2495
leaf_count=71 3527 143 25 36 28 45 623 41 104 34 24 144 83 53 866 1157 47 72 22 144 193 905 21 30 28 20 1438 117 141 2495
internal_value=0 0.00420432 -0.0862248 -0.0708567 -0.779516 -0.249721 0.0412151 -0.369379 -0.540869 0.0548746 -0.0668963 -0.100731 -0.050039 0.835758 -0.0704305 0.0698479 -0.531063 0.101798 0.0201065 0.199163 0.381728 0.51755 -0.559544 0.0681781 0.631264 0.00309016 0.0332021 0.0326665 0.497174 -0.00576933
internal_weight=0 12606 3661 3636 109 81 8945 288 247 8657 2408 2321 2177 87 2153 1287 130 6249 3398 2851 1191 998 93 1660 172 1488 1458 3376 258 3118
internal_count=12677 12606 3661 3636 109 81 8945 288 247 8657 2408 2321 2177 87 2153 1287 130 6249 3398 2851 1191 998 93 1660 172 1488 1458 3376 258 3118
is_linear=0
shrinkage=0.5


Tree=18
num_leaves=31
num_cat=0
split_feature=3 34 36 35 3 0 35 3 34 21 25 36 34 3 4 4 18 15 4 37 3 15 34 3 34 30 15 36 5 19
split_gain=169.922 327.251 254.19 222.707 349.043 236.498 211.974 478.847 368.27 298.015 288.395 233.093 286.852 231.57 232.683 228.145 251.121 217.894 208.216 241.061 234.132 242.365 221.21 202.703 418.341 337.462 296.791 269.769 294.295 241.24
threshold=619.68750000000011 76.226497650000013 1674.0600000000002 79.788997650000013 651.31250000000011 230.40000000000001 81.17964935000002 688.81250000000011 82.21089935000002 -0.53124999999999989 56.203100200000009 1852.5600000000002 81.163997650000013 670.56250000000011 73.20634840000001 72.952350600000003 354.44790115000006 1.7685500400000003 82.412647250000006 -30.527778194444441 889.62500000000011 1.0165950050000003 93.58589935000002 755.93750000000011 85.42964935000002 26.605400100000004 0.50878852600000013 1896.8100000000002 91.52339935000002 36.769498850000012
decision_type=2 2 2 2 2 2 2 2 2 2 2 2 2 2 2 2 2 2 2 2 2 2 2 2 2 2 2 2 2 2
left_child=2 -2 -1 -3 5 -5 9 8 11 13 15 17 -13 -6 -15 16 -9 -8 19 -12 22 -22 23 26 25 -25 29 -27 -29 -21
right_child=1 3 -4 4 6 -7 7 10 -10 -11 18 12 -14 14 -16 -17 -18 -19 -20 20 21 -23 -24 24 -26 27 -28 28 -30 -31
leaf_value=-0.25526096716361202 1.1020940003149651 0.69782868616707749 -2.0725031793117523 -2.0714247369247936 -0.52371393707953395 -0.40488347663850216 0.019146371642215519 -0.88146103261969988 -1.2432359966915101 0.76006708370085374 0.12239707580880889 -0.37284149948714507 -2.7345535695552825 -1.041408645361662 0.60779477827049588 0.099455805666094868 0.98407054925337434 -0.82604086722564352 -0.47374715209921953 0.47558778195613716 0.16842811927199364 2.117973805963993 -0.9416150639670483 -1.1190373229569401 -0.02882334350204566 0.44225417593553296 -0.25853042379438351 0.8003730591047894 3.0074053614035896 -0.57441372170612437
leaf_weight=230 68 114 21 23 125 286 404 20 112 222 3382 36 20 25 148 268 184 94 224 264 44 25 69 29 4135 283 1686 44 23 69
leaf_count=230 68 114 21 23 125 286 404 20 112 222 3382 36 20 25 148 268 184 94 224 264 44 25 69 29 4135 283 1686 44 23 69
internal_value=0 0.00822731 -0.407301 0.0022083 -0.0042684 -0.52893 0.00931522 -0.00490687 -0.416319 0.321517 0.0205839 -0.249145 -1.21631 -0.00518735 0.369471 0.402741 0.801175 -0.140387 0.00303227 0.0136558 -0.0414728 0.874785 -0.0510489 -0.041643 0.0172592 0.520033 -0.173334 0.655842 1.55801 0.25802
internal_weight=0 12426 251 12358 12244 309 11935 11415 666 520 10749 554 56 298 173 472 204 498 10277 10053 6671 69 6602 6533 4514 379 2019 350 67 333
internal_count=12677 12426 251 12358 12244 309 11935 11415 666 520 10749 554 56 298 173 472 204 498 10277 10053 6671 69 6602 6533 4514 379 2019 350 67 333
is_linear=0
shrinkage=0.5


Tree=19
num_leaves=31
num_cat=0
split_feature=23 28 4 19 3 18 4 34 28 36 4 37 19 4 3 19 15 15 5 30 14 2 23 6 4 31 18 0 15 2
split_gain=152.465 129.971 449.888 170.836 165.864 336.269 508.876 266.151 241.651 155.526 180.661 260.884 227.183 203.533 251.513 227.003 216.256 201.783 195.681 172.455 160.565 206.59 156.761 254.548 1040.73 660.801 847.45 594.943 455.374 381.526
threshold=104.59349800000001 0.33300750000000007 78.984050750000009 35.503900550000004 769.18750000000011 363.57365265000004 72.444396950000012 85.96089935000002 0.15917950100000003 1628.3100000000002 73.904750800000002 -33.916666249999999 35.503900550000004 70.984050750000009 695.81250000000011 31.074199650000004 0.59374949350000017 0.69531199350000017 87.632801050000012 32.816400550000004 249.65000150000003 233.84535065 125.21849800000001 1.0000000180025095e-35 72.317447650000005 0.76049998400000007 347.21954955000001 254.40000000000001 0.64160150300000007 233.56410065000003
decision_type=2 2 2 2 2 2 2 2 2 2 2 2 2 2 2 2 2 2 2 2 2 2 2 2 2 2 2 2 2 2
left_child=-1 2 3 4 5 -2 -7 -6 -9 10 13 12 19 -3 17 16 -16 18 -15 -12 21 -19 23 24 -11 26 29 28 -28 -26
right_child=1 9 -4 -5 7 6 -8 8 -10 22 11 -13 -14 14 15 -17 -18 20 -20 -21 -22 -23 -24 -25 25 -27 27 -29 -30 -31
leaf_value=-0.24818740465236291 -0.27224816007688346 -0.072013760330500429 0.79219011026620867 0.20467772146908458 1.5552782592950043 -0.41094231292194988 -2.8871996703092009 -1.4549414590001106 0.070765381973040734 -0.47471739894350351 0.50645763359963891 -0.27896761483762472 -0.89859260942624963 1.699492671891399 0.91262208074331286 0.33395366556942463 3.0653091355093887 0.22689427382179669 0.11762025190846008 1.9305178263673075 0.57508726964072099 -1.8205832080407576 0.16645140743842535 -0.098685406813752305 0.10595137752791858 -0.12043627530440967 0.068090508038382597 -0.38986943990836831 0.71908875107636383 -0.86888360195079739
leaf_weight=590 883 108 125 227 27 59 32 29 247 706 100 263 23 46 20 26 28 28 34 27 53 22 1457 4148 243 1122 337 172 1324 171
leaf_count=590 883 108 125 227 27 59 32 29 247 706 100 263 23 46 20 26 28 28 34 27 53 22 1457 4148 243 1122 337 172 1324 171
internal_value=0 0.0121147 -0.119256 -0.195007 -0.266055 -0.366562 -1.28171 0.057024 -0.0895444 0.0325777 0.247655 0.0211468 0.547347 0.503951 0.74599 1.52384 2.16836 0.431451 1.0272 0.809211 -0.0312637 -0.673996 0.0152915 -0.0114919 0.0772637 0.192936 0.349412 0.495342 0.587008 -0.296698
internal_weight=0 12087 1629 1504 1277 974 91 303 276 10458 778 413 150 365 257 74 48 183 80 127 103 50 9680 8223 4075 3369 2247 1833 1661 414
internal_count=12677 12087 1629 1504 1277 974 91 303 276 10458 778 413 150 365 257 74 48 183 80 127 103 50 9680 8223 4075 3369 2247 1833 1661 414
is_linear=0
shrinkage=0.5


end of trees

feature_importances:
Column_3=103
Column_34=85
Column_15=55
Column_4=51
Column_19=33
Column_18=30
Column_30=28
Column_11=26
Column_35=25
Column_28=21
Column_21=19
Column_23=19
Column_36=16
Column_0=15
Column_2=13
Column_6=13
Column_37=13
Column_25=9
Column_12=8
Column_5=7
Column_1=4
Column_31=4
Column_14=3

parameters:
[boosting: gbdt]
[objective: regression]
[metric: rmse,l2]
[tree_learner: serial]
[device_type: cpu]
[data: ]
[valid: ]
[num_iterations: 20]
[learning_rate: 0.5]
[num_leaves: 31]
[num_threads: -1]
[deterministic: 0]
[force_col_wise: 0]
[force_row_wise: 0]
[histogram_pool_size: -1]
[max_depth: 20]
[min_data_in_leaf: 20]
[min_sum_hessian_in_leaf: 0.001]
[bagging_fraction: 1]
[pos_bagging_fraction: 1]
[neg_bagging_fraction: 1]
[bagging_freq: 0]
[bagging_seed: 3]
[feature_fraction: 1]
[feature_fraction_bynode: 1]
[feature_fraction_seed: 2]
[extra_trees: 0]
[extra_seed: 6]
[early_stopping_round: 1000]
[first_metric_only: 0]
[max_delta_step: 0]
[lambda_l1: 0]
[lambda_l2: 0]
[linear_lambda: 0]
[min_gain_to_split: 0]
[drop_rate: 0.1]
[max_drop: 50]
[skip_drop: 0.5]
[xgboost_dart_mode: 0]
[uniform_drop: 0]
[drop_seed: 4]
[top_rate: 0.2]
[other_rate: 0.1]
[min_data_per_group: 100]
[max_cat_threshold: 32]
[cat_l2: 10]
[cat_smooth: 10]
[max_cat_to_onehot: 4]
[top_k: 20]
[monotone_constraints: ]
[monotone_constraints_method: basic]
[monotone_penalty: 0]
[feature_contri: ]
[forcedsplits_filename: ]
[refit_decay_rate: 0.9]
[cegb_tradeoff: 1]
[cegb_penalty_split: 0]
[cegb_penalty_feature_lazy: ]
[cegb_penalty_feature_coupled: ]
[path_smooth: 0]
[interaction_constraints: ]
[verbosity: -1]
[saved_feature_importance_type: 0]
[linear_tree: 0]
[max_bin: 255]
[max_bin_by_feature: ]
[min_data_in_bin: 3]
[bin_construct_sample_cnt: 200000]
[data_random_seed: 1]
[is_enable_sparse: 1]
[enable_bundle: 1]
[use_missing: 1]
[zero_as_missing: 0]
[feature_pre_filter: 1]
[pre_partition: 0]
[two_round: 0]
[header: 0]
[label_column: ]
[weight_column: ]
[group_column: ]
[ignore_column: ]
[categorical_feature: ]
[forcedbins_filename: ]
[precise_float_parser: 0]
[objective_seed: 5]
[num_class: 1]
[is_unbalance: 0]
[scale_pos_weight: 1]
[sigmoid: 1]
[boost_from_average: 1]
[reg_sqrt: 0]
[alpha: 0.9]
[fair_c: 1]
[poisson_max_delta_step: 0.7]
[tweedie_variance_power: 1.5]
[lambdarank_truncation_level: 30]
[lambdarank_norm: 1]
[label_gain: ]
[eval_at: ]
[multi_error_top_k: 1]
[auc_mu_weights: ]
[num_machines: 1]
[local_listen_port: 12400]
[time_out: 120]
[machine_list_filename: ]
[machines: ]
[gpu_platform_id: -1]
[gpu_device_id: -1]
[gpu_use_dp: 0]
[num_gpu: 1]

end of parameters

pandas_categorical:null
