tree
version=v3
num_class=1
num_tree_per_iteration=1
label_index=0
max_feature_idx=41
objective=regression
feature_names=Column_0 Column_1 Column_2 Column_3 Column_4 Column_5 Column_6 Column_7 Column_8 Column_9 Column_10 Column_11 Column_12 Column_13 Column_14 Column_15 Column_16 Column_17 Column_18 Column_19 Column_20 Column_21 Column_22 Column_23 Column_24 Column_25 Column_26 Column_27 Column_28 Column_29 Column_30 Column_31 Column_32 Column_33 Column_34 Column_35 Column_36 Column_37 Column_38 Column_39 Column_40 Column_41
feature_infos=[0:351.125] [0:1] none [0:76.406196600000001] none [0:1] none [76.6875:94.140602099999995] [0:1] [0:74.273399400000002] [0:1] [0.027343999599999998:2.0957000300000002] [279.67991008999996:369.40150299999999] [0:1] [0:1] [-297:2985] none [245.35000079999998:312.44999919999998] [0:1] [657.625:970.5] [0:1] [-17.277778000000001:285.072225] [0.083984002500000002:3.6503899099999999] [81.609298699999997:91.468696600000001] [3872.37012:6123.5] [0:193.10000600000001] [73.218696600000001:82.625] [0:1] [-2.3125:1.5625] none [81.281196600000001:94.234298699999997] [0:1] none [0:555.93701199999998] [244.58749999999998:311.1030983] [0:1] [70.571403500000002:124.98400100000001] none [0.20100000500000001:0.30399999] none [0:1] none
tree_sizes=2741 2776 2760 2763 2779 2778 2783 2797 2787 2765 2785 2767 2749 2782 2717 2767 2757 2690 2723 2757

Tree=0
num_leaves=31
num_cat=0
split_feature=19 33 19 34 26 19 1 19 24 7 22 19 26 33 26 22 30 22 19 34 22 36 26 19 28 26 33 19 36 22
split_gain=123388 67885.1 50732.9 40275.4 32598.5 30520.9 28059.5 16371.9 16048.6 15950.2 12764.6 12413.7 12197.2 12112.8 11054.6 9247.96 9794.36 8329.93 9554.74 20341.8 8280.72 7006.09 11860.3 6265.23 5935.01 5898.77 5335.85 7455.88 5115.82 5022.6
threshold=846.81250000000011 479.40600600000005 818.68750000000011 284.45464985000007 75.078098300000008 826.31250000000011 1.0000000180025095e-35 804.31250000000011 4721.9350600000007 84.382801050000012 2.3173799500000007 829.68750000000011 75.109348300000008 486.40600600000005 75.295597100000023 1.3613250250000002 89.77339935000002 2.2431600100000004 783.18750000000011 277.59531011500002 1.5927700400000002 90.857051850000019 75.046848300000008 706.43750000000011 0.65625000000000011 75.328098300000008 492.71850600000005 867.68750000000011 87.809452050000019 1.3408150050000003
decision_type=2 2 2 2 2 2 2 2 2 2 2 2 2 2 2 2 2 2 2 2 2 2 2 2 2 2 2 2 2 2
left_child=1 2 3 6 8 -3 10 -5 15 -4 21 -11 28 -7 20 16 -2 18 19 -8 -6 22 29 -23 -20 -24 -16 -28 -13 -1
right_child=4 5 9 7 14 13 17 -9 -10 11 -12 12 -14 -15 26 -17 -18 -19 24 -21 -22 23 25 -25 -26 -27 27 -29 -30 -31
leaf_value=-2.166014111566299 7.4033033455366581 -6.4492578561989191 4.8094047739420631 -6.7937801755279263 2.2582144057028946 -0.55245443273962247 0.22032222787115269 -2.474274315130284 2.542627471617291 -0.34216430247805524 4.1343685641858618 6.4869583343378023 1.2573589747131715 -3.3362965876087669 1.7608933642862774 10.231886181227489 0.78047240425781905 8.4091702382744327 1.5316252550157898 -9.4027311212197286 5.7418090669910127 -6.0404048659032581 -6.1787213739803777 -1.0926026837145129 6.6168773984863005 -2.8286437282494563 -1.4193947967165645 1.9590548384325397 1.7803121006170948 4.7372038002179986
leaf_weight=49 203 594 370 338 909 633 1033 625 280 750 91 201 722 1021 729 173 77 36 966 58 210 67 227 1420 61 312 442 259 81 57
leaf_count=49 203 594 370 338 909 633 1033 625 280 750 91 201 722 1021 729 173 77 36 966 58 210 67 227 1420 61 312 442 259 81 57
internal_value=-0.0705487 -0.966221 -0.240758 -1.06288 2.5799 -3.37497 -0.418792 -3.99036 5.51844 1.82616 -1.66496 1.19685 2.34651 -2.2709 1.73488 7.3578 5.58202 0.867291 0.7391 -0.291261 2.91197 -1.91249 -3.28871 -1.31554 1.83367 -4.23953 0.813786 -0.171152 5.13505 1.54609
internal_weight=0 9712 7464 5340 3282 2248 4377 963 733 2124 2223 1754 1004 1654 2549 453 280 2154 2118 1091 1119 2132 645 1487 1027 539 1430 701 282 106
internal_count=12994 9712 7464 5340 3282 2248 4377 963 733 2124 2223 1754 1004 1654 2549 453 280 2154 2118 1091 1119 2132 645 1487 1027 539 1430 701 282 106
is_linear=0
shrinkage=1


Tree=1
num_leaves=31
num_cat=0
split_feature=19 30 19 34 7 19 1 7 28 19 36 19 26 24 19 36 36 26 34 19 34 24 22 1 11 22 1 7 19 36
split_gain=40533.5 19395 18272.9 22089.2 10853.8 9374.16 8999.57 8614.22 7848.64 7100.76 6777.23 6562.57 5910.39 5756.75 5580.2 5396.54 5257.5 4800.99 4605.4 4007.85 11231.4 3920.77 3816.38 3789.93 3529.61 3158.73 3543.81 2991.7 6103.1 5287.21
threshold=857.56250000000011 89.695301050000012 822.31250000000011 288.43900005000006 84.96089935000002 836.18750000000011 1.0000000180025095e-35 87.351497650000013 0.71875000000000011 841.31250000000011 84.317447650000005 811.56250000000011 75.109348300000008 4836.5600600000007 870.18750000000011 80.317447650000005 84.571350100000004 75.109348300000008 296.90780010000003 792.18750000000011 280.56406011500002 4684.3100600000007 2.2431600100000004 1.0000000180025095e-35 0.54003849600000009 0.81152299050000021 1.0000000180025095e-35 84.695301050000012 799.68750000000011 89.20634840000001
decision_type=2 2 2 2 2 2 2 2 2 2 2 2 2 2 2 2 2 2 2 2 2 2 2 2 2 2 2 2 2 2
left_child=1 2 3 6 12 24 22 14 10 15 21 16 -4 23 18 -6 -5 -11 -2 20 -12 -8 27 -7 -3 26 -17 28 29 -1
right_child=7 5 4 11 9 13 8 -9 -10 17 19 -13 -14 -15 -16 25 -18 -19 -20 -21 -22 -23 -24 -25 -26 -27 -28 -29 -30 -31
leaf_value=-2.9362841713166055 3.0602324879669314 -5.7688327681715208 4.6282191978203597 -2.7787416347988194 -3.1504508184866524 -1.8715788141457474 -0.27158455245196822 -0.29081049234126555 4.1917887065898292 2.8349836507200528 0.20164638343559763 -1.8399532445889211 1.5890522263151905 -4.8464220748509019 3.9182986055307829 -2.748617991223 -6.6758867617583633 0.61566261178865966 0.89843813852056653 1.2065756966014725 -6.3014605062348501 -6.2224996041867042 2.0702639400959013 0.044950468680676814 -2.7633292975006709 0.37607009878096093 0.42514537034591859 -2.887361627396865 0.69461032342299289 -0.83612989270136118
leaf_weight=379 474 177 218 182 159 523 50 297 132 335 1289 535 601 103 555 200 165 894 513 947 70 62 105 509 218 1016 157 195 502 1432
leaf_count=379 474 177 218 182 159 523 50 297 132 335 1289 535 601 103 555 200 165 894 513 947 70 62 105 509 218 1016 157 195 502 1432
internal_value=0 -0.35856 -0.0956995 -0.625871 0.799521 -2.01217 -0.230828 2.17495 0.437407 0.325357 0.232454 -2.93835 2.39801 -1.28206 2.64987 -0.392827 -4.63185 1.2206 1.93663 0.416933 -0.133319 -3.56584 -0.882952 -0.926314 -4.1101 -0.0734804 -1.35287 -1.00659 -0.848031 -1.27564
internal_weight=0 11155 9625 6045 3580 1530 5163 1839 2550 2761 2418 882 819 1135 1542 1532 347 1229 987 2306 1359 112 2613 1032 395 1373 357 2508 2313 1811
internal_count=12994 11155 9625 6045 3580 1530 5163 1839 2550 2761 2418 882 819 1135 1542 1532 347 1229 987 2306 1359 112 2613 1032 395 1373 357 2508 2313 1811
is_linear=0
shrinkage=0.5


Tree=2
num_leaves=31
num_cat=0
split_feature=22 11 19 33 7 19 19 0 24 7 19 7 7 34 22 19 19 7 36 24 28 33 19 33 33 24 26 0 36 24
split_gain=11826.3 10496.9 8762.45 11081.2 5671.24 5625.67 5366.65 5016.81 4864.87 4700.9 6252.05 4594.32 4303.97 4046.12 3514.53 3347.8 3285.98 3262.48 3254.28 3701.05 3300.74 3249.56 3175.59 3157.2 2781.64 2693.24 3043.75 2652.16 2619.28 2499.58
threshold=2.0019450200000004 0.82031199350000017 842.81250000000011 475.96850600000005 86.27339935000002 817.43750000000011 811.56250000000011 296.21850600000005 4795.2451200000005 83.413997650000013 776.56250000000011 83.67964935000002 86.05464935000002 269.54844000500003 1.2451150400000002 789.31250000000011 742.81250000000011 81.67964935000002 89.015850050000012 4765.9951200000005 0.40625000000000006 403.71850600000005 861.81250000000011 469.90600600000005 411.28100600000005 4657.4350600000007 75.046848300000008 296.34350600000005 80.444396950000012 4755.8100600000007
decision_type=2 2 2 2 2 2 2 2 2 2 2 2 2 2 2 2 2 2 2 2 2 2 2 2 2 2 2 2 2 2
left_child=1 2 3 6 7 -5 9 23 12 10 13 -8 -7 16 -9 -11 21 -12 19 27 -20 -1 -6 -4 -18 26 -13 -3 29 -25
right_child=-2 18 4 5 22 8 11 14 -10 15 17 25 -14 -15 -16 -17 24 -19 20 -21 -22 -23 -24 28 -26 -27 -28 -29 -30 -31
leaf_value=-0.31231287821749415 2.0871721264586762 -0.41844199400715576 3.786588556909313 -3.3189845897895154 -1.1923263188099298 -0.14952032638262519 3.4356591027970307 1.7032443022400867 -3.6260049756368002 -2.3581845398135712 3.9489070491231595 2.9185246356137213 -2.0953608825410668 -1.8173630815811264 6.4905482600960465 -0.51691621274884036 1.7931727789641347 0.89090695869220649 -1.3285946819992214 -3.3476692519246418 -3.5474942531254068 -3.6147719373828489 0.58335916093046514 0.21978497639129396 -0.19850299204577795 -0.16623889529917765 0.68466468542641756 3.9956003344721265 1.1450613065842663 -3.3678182938934436
leaf_weight=345 645 622 96 284 468 1127 156 82 150 324 97 192 380 390 72 1037 324 865 489 107 255 95 545 365 382 676 741 36 1591 56
leaf_count=345 645 622 96 284 468 1127 156 82 150 324 97 192 380 390 72 1037 324 865 489 107 255 95 545 365 382 676 741 36 1591 56
internal_value=0 -0.109015 0.0629795 -0.232801 0.74621 -1.26287 0.122706 1.18652 -0.910469 -0.207613 0.199726 0.844917 -0.640177 -0.426278 3.94146 -0.955249 0.0471279 1.19925 -1.34455 -0.620431 -2.0891 -1.02534 -0.236997 0.98526 0.715524 0.593733 1.14437 -0.176944 0.851599 -0.257426
internal_weight=0 12349 10840 7565 3275 1941 5624 2262 1657 3859 2498 1765 1507 1536 154 1361 1146 962 1509 765 744 440 1013 2108 706 1609 933 658 2012 421
internal_count=12994 12349 10840 7565 3275 1941 5624 2262 1657 3859 2498 1765 1507 1536 154 1361 1146 962 1509 765 744 440 1013 2108 706 1609 933 658 2012 421
is_linear=0
shrinkage=0.5


Tree=3
num_leaves=31
num_cat=0
split_feature=19 7 19 19 22 36 7 24 36 28 11 19 7 26 22 26 1 28 26 22 19 26 36 19 0 22 26 36 22 1
split_gain=5930.32 4526.15 5167.08 3767.3 3716.58 4202.38 3393.42 2950.29 4207.18 2851.61 2819.39 2319.83 2578.93 2223.93 5088.34 5044.45 3916.25 5369.81 9622.87 5201.92 2935.92 2305.56 3070.23 5790.67 3293.67 2006.1 1925.62 1864.22 2380.63 3048.78
threshold=863.68750000000011 85.820301050000012 830.43750000000011 833.56250000000011 1.4462800050000002 85.714252450000018 87.913997650000013 4730.5600600000007 87.047550200000003 0.71875000000000011 0.63769447800000012 805.56250000000011 83.36714935000002 75.046848300000008 1.3408150050000003 75.015598300000008 1.0000000180025095e-35 0.34375000000000006 75.203098300000008 1.1826150400000002 763.18750000000011 75.484348300000008 94.095150000000004 739.56250000000011 297.71850600000005 1.2763650400000002 75.109348300000008 89.20634840000001 1.4238250250000002 1.0000000180025095e-35
decision_type=2 2 2 2 2 2 2 2 2 2 2 2 2 2 2 2 2 2 2 2 2 2 2 2 2 2 2 2 2 2
left_child=1 3 -3 7 9 -6 -4 13 -9 -2 -7 -10 -13 14 -1 -16 21 20 -19 -20 -18 22 24 -24 26 -26 -15 28 29 -5
right_child=4 2 6 27 5 10 -8 8 11 -11 -12 12 -14 16 15 -17 17 18 19 -21 -22 -23 23 -25 25 -27 -28 -29 -30 -31
leaf_value=-0.22390030447133286 0.22864739556945904 -2.3285750571949548 -0.31385662364508038 -0.32840514876731924 4.1081246694137175 2.1984171263501047 -5.5825783929997872 -2.8987163109789904 -1.4688577472141622 2.577556199351557 -3.7030915898435257 3.7534136658365078 -0.064339031679638198 -3.2091735747969703 1.0598782956336137 5.3150775655319817 -0.36855943135557895 2.973176900620262 -0.12144643806596163 -2.7734089629971721 1.1835402190710218 0.016675827985613786 -3.3209949456295877 0.75253946690784268 -0.53415254199946371 5.6192512787305393 -1.285995303775213 -0.20301449222987966 2.0541336841804729 1.3291871372332593
leaf_weight=558 831 407 2158 504 176 50 31 219 226 153 34 55 226 151 261 95 394 150 378 362 1344 1190 106 493 27 26 943 464 365 617
leaf_count=558 831 407 2158 504 176 50 31 219 226 153 34 55 226 151 261 95 394 150 378 362 1344 1190 106 493 27 26 943 464 365 617
internal_value=0 -0.109908 -0.69264 0.0553501 1.03812 2.71941 -0.388471 -0.111532 -1.06733 0.593874 -0.190289 -0.276262 0.682908 -0.00441402 0.718407 2.19539 -0.123152 0.320229 -0.678544 -1.41876 0.831683 -0.52002 -0.88581 0.0316803 -1.36495 2.4845 -1.55144 0.671873 0.945055 0.583936
internal_weight=0 11750 2596 9154 1244 260 2189 7204 726 984 84 507 281 6478 914 356 5564 2628 890 740 1738 2936 1746 599 1147 53 1094 1950 1486 1121
internal_count=12994 11750 2596 9154 1244 260 2189 7204 726 984 84 507 281 6478 914 356 5564 2628 890 740 1738 2936 1746 599 1147 53 1094 1950 1486 1121
is_linear=0
shrinkage=0.5


Tree=4
num_leaves=31
num_cat=0
split_feature=28 23 3 1 26 36 10 28 0 22 26 22 26 1 23 3 34 19 19 19 28 22 24 3 11 36 22 22 1 22
split_gain=2558.31 2670.84 1851.58 2978.59 2213.39 4644.78 3646.41 3430.48 3454.73 4825.88 3426.89 2554.46 2499.33 5607.64 1893.23 1843.2 1783.4 1635.46 1548.32 1365.04 1359.59 1664.64 1332.46 1258.74 1232.52 1222.74 1826.26 1212.49 1224.16 1605.72
threshold=0.78125000000000011 84.33589935000002 49.761699700000008 1.0000000180025095e-35 75.390598300000008 78.539649950000026 1.0000000180025095e-35 1.0000000180025095e-35 294.03100600000005 1.4804599900000002 75.578098300000008 1.7060500400000003 75.171848300000008 1.0000000180025095e-35 85.46089935000002 59.58979990000001 289.40780010000003 874.18750000000011 873.31250000000011 836.56250000000011 -0.71874999999999989 1.2900300050000002 4586.5600600000007 8.8281197550000012 0.35644450800000005 89.396747600000012 1.2333949800000001 0.98046800500000009 1.0000000180025095e-35 1.3056600100000002
decision_type=2 2 2 2 2 2 2 2 2 2 2 2 2 2 2 2 2 2 2 2 2 2 2 2 2 2 2 2 2 2
left_child=2 -2 4 15 5 6 -1 12 18 -10 11 16 14 19 -7 -4 -6 -5 23 25 -16 -22 -11 24 -9 26 -14 -18 29 -29
right_child=1 -3 3 17 10 7 -8 8 9 22 -12 -13 13 -15 20 -17 27 -19 -20 -21 21 -23 -24 -25 -26 -27 -28 28 -30 -31
leaf_value=-0.50663361563168174 -0.1165736812312517 1.5344337862461133 -0.96834655818867621 0.024478330523488842 -0.049219159259497582 -1.7979819228287561 -3.586270586490631 -1.0359597965763658 0.66224688082133643 4.3856890830091944 0.250822925150816 -2.1605336037924578 0.031087723271600132 1.3720360701719958 -1.4117515913745355 -3.1285207501866599 -0.55796506691508552 3.9532288765268668 2.0738026239290961 0.24757735280720286 -0.77086372239684775 1.5288967672686755 2.2035819795410867 0.44925289539096547 0.1599664413897727 -0.99857790926578405 -4.7637691828939648 -1.8370511494576931 -2.290818565514158 1.7802107098201911
leaf_weight=416 454 532 537 491 1151 347 125 322 708 117 1794 253 29 517 169 121 726 28 119 121 162 153 174 2157 651 174 63 77 255 51
leaf_count=416 454 532 537 491 1151 347 125 322 708 117 1794 253 29 517 169 121 726 28 119 121 162 153 174 2157 651 174 63 77 255 51
internal_value=0 0.774234 -0.0635738 -0.659171 0.00114943 0.184801 -1.21819 0.311664 0.553625 1.36679 -0.277036 -0.653868 -0.280757 0.294614 -0.906672 -1.36558 -0.485201 0.236434 0.303595 -1.14473 -0.267654 0.346163 3.08092 0.236293 -0.235808 -1.77808 -3.25235 -0.937695 -1.6575 -0.395798
internal_weight=0 986 12008 1177 10831 6524 541 5983 4248 999 4307 2513 1735 904 831 658 2260 519 3249 387 484 315 291 3130 973 266 92 1109 383 128
internal_count=12994 986 12008 1177 10831 6524 541 5983 4248 999 4307 2513 1735 904 831 658 2260 519 3249 387 484 315 291 3130 973 266 92 1109 383 128
is_linear=0
shrinkage=0.5


Tree=5
num_leaves=31
num_cat=0
split_feature=11 22 34 19 22 19 30 19 7 36 19 36 7 30 26 34 24 33 30 36 11 1 19 12 10 22 3 26 36 19
split_gain=1600.97 1537.17 2414.52 5439.1 2155.72 2148.77 2039.89 2578.8 2098.12 2042.61 1608.98 2941.38 2926.31 2539.67 2152.13 1906.28 1555.89 1428.69 1409.68 1396.67 1266.27 1159.19 2352.37 1523.49 1377.03 1154.48 1140.79 1133.08 1072.93 1044.31
threshold=0.8642575145000001 0.6396479905000001 263.92343988500005 758.93750000000011 0.44335900250000004 727.43750000000011 85.24214935000002 799.68750000000011 82.945301050000012 79.428546900000015 833.93750000000011 85.650753000000023 86.351497650000013 88.695301050000012 75.015598300000008 287.68900005000006 4842.2451200000005 385.34350600000005 84.288997650000013 78.793602000000007 0.43456999950000003 1.0000000180025095e-35 818.31250000000011 321.92040100000003 1.0000000180025095e-35 0.90722650300000007 13.167900100000002 75.109348300000008 85.650753000000023 881.56250000000011
decision_type=2 2 2 2 2 2 2 2 2 2 2 2 2 2 2 2 2 2 2 2 2 2 2 2 2 2 2 2 2 2
left_child=1 4 5 -4 -1 17 -5 8 28 16 12 29 15 -13 -15 26 -9 -3 27 -6 -17 22 -21 -23 -24 -10 -11 -7 -8 -12
right_child=-2 2 3 6 19 18 7 9 25 10 11 13 -14 14 -16 20 -18 -19 -20 21 -22 23 24 -25 -26 -27 -28 -29 -30 -31
leaf_value=0.41986013618343232 -0.54301223479532634 1.2301195929351363 -2.1506325884082758 2.2277670433987744 1.2838023034514996 4.4122442051545896 -2.7521243768353618 -0.18220413364526891 0.0078449033684011137 1.288737957795461 0.96751669292824372 1.4085184960118071 -3.2197551879410944 -1.9104761245584339 0.048186518628850476 -0.86317281364945708 -2.0156159137921601 -1.2384784574969672 0.98701704575547156 -0.092184760331060184 0.11337636941288469 -2.063395990334727 -2.2449944930394059 0.37355730809912374 -0.27571204872760691 -1.2671448317248486 0.28544438467165167 1.7805625816718453 0.24351785827071187 2.7683881493175733
leaf_weight=616 1229 103 268 115 82 67 31 573 238 375 1521 308 66 159 1189 555 145 136 280 313 826 81 414 308 113 699 1159 105 835 85
leaf_count=616 1229 103 268 115 82 67 31 573 238 375 1521 308 66 159 1189 555 145 136 280 313 826 81 414 308 113 699 1159 105 835 85
internal_value=0 0.0567244 0.136712 0.0686301 -0.35164 1.03794 0.135615 0.108162 -0.424762 0.246198 0.33805 0.580704 0.0725229 0.113135 -0.182843 0.147065 -0.552461 -0.174606 1.67908 -0.714145 -0.279082 -0.84745 -1.1779 -0.13388 -1.82274 -0.943295 0.530708 2.80569 0.136284 1.06283
internal_weight=0 11765 9838 9147 1927 691 8879 8764 1803 6961 6243 3262 2981 1656 1348 2915 718 239 452 1311 1381 1229 840 389 527 937 1534 172 866 1606
internal_count=12994 11765 9838 9147 1927 691 8879 8764 1803 6961 6243 3262 2981 1656 1348 2915 718 239 452 1311 1381 1229 840 389 527 937 1534 172 866 1606
is_linear=0
shrinkage=0.5


Tree=6
num_leaves=31
num_cat=0
split_feature=33 19 19 3 3 1 36 11 19 19 22 9 9 30 22 24 33 19 7 21 12 33 36 26 36 24 1 0 11 28
split_gain=1658.07 2442.8 1817.87 1427.86 2675.61 2466.97 1022.91 1825.26 1454.57 1429 1462.33 1005.59 1321.9 1074.65 980.414 972.755 959.747 1589.97 1209.08 1105.91 890.053 886.441 873.916 1346.53 847.375 1153.73 1434.33 1007.83 971.553 980.275
threshold=506.84350600000005 908.81250000000011 886.81250000000011 17.257800100000004 7.6679651750000009 1.0000000180025095e-35 96.634853350000014 0.32812450850000002 712.93750000000011 764.31250000000011 0.96484300500000009 42.042900100000004 48.18354990000001 86.101497650000013 1.4638650400000002 4314.8100600000007 493.34350600000005 816.93750000000011 84.77339935000002 6.4722222777777789 324.63105045000003 388.53100600000005 87.301548000000011 75.140598300000008 88.317447650000005 4768.6850600000007 1.0000000180025095e-35 292.34350600000005 0.74316352600000013 0.28125000000000006
decision_type=2 2 2 2 2 2 2 2 2 2 2 2 2 2 2 2 2 2 2 2 2 2 2 2 2 2 2 2 2 2
left_child=2 -2 3 4 16 14 9 20 -9 10 -5 15 13 -13 -6 -11 17 18 -1 -19 -8 -10 23 -7 25 27 -27 -15 -26 -30
right_child=1 -3 -4 6 5 22 7 8 21 11 -12 12 -14 24 -16 -17 -18 19 -20 -21 -22 -23 -24 -25 28 26 -28 -29 29 -31
leaf_value=-0.046827029213435144 -3.0364527774867245 1.0361533300918446 1.7446204463377695 -0.20975232455690485 0.39375328691676259 1.2606191958921651 0.68347093703396278 -1.7764065430319609 1.7052429216472726 1.6513409580414493 -2.551358858412204 1.6697150732490045 -0.52873443343647197 0.11820074074006505 -2.2674125511395302 -0.64292730002255061 -0.55829613458782412 1.4594698933767583 -1.4407941960416275 0.2794669833162054 2.4160300743519918 -0.051053300103005392 1.0667805382114488 3.5919734728695403 -0.091812214126619662 -2.001481493230997 0.069045624395414271 0.86160730200456559 -0.012239751688051085 -2.0803237386313933
leaf_weight=592 104 57 151 138 388 120 501 119 76 48 129 103 1171 1779 38 1233 567 231 211 1414 87 1314 204 128 869 127 245 613 97 140
leaf_count=592 104 57 151 138 388 120 501 119 76 48 129 103 1171 1779 38 1233 567 231 211 1414 87 1314 204 128 869 127 245 613 97 140
internal_value=0 -1.5946 0.0200055 -0.000528886 0.251555 1.01969 -0.112187 0.19253 -0.09866 -0.207673 -1.34109 -0.160572 -0.0618609 0.0757452 0.156372 -0.556959 0.0278676 0.163633 -0.413112 0.44517 0.939819 0.0449744 1.83334 2.4639 0.0333217 0.181321 -0.637828 0.308714 -0.336544 -1.23389
internal_weight=0 161 12833 12682 3893 878 8789 2097 1509 6692 267 6425 5144 3973 426 1281 3015 2448 803 1645 588 1390 452 248 3870 2764 372 2392 1106 237
internal_count=12994 161 12833 12682 3893 878 8789 2097 1509 6692 267 6425 5144 3973 426 1281 3015 2448 803 1645 588 1390 452 248 3870 2764 372 2392 1106 237
is_linear=0
shrinkage=0.5


Tree=7
num_leaves=31
num_cat=0
split_feature=19 34 30 19 19 7 13 7 28 34 19 19 24 3 7 36 34 11 28 33 28 24 1 28 11 19 19 7 22 24
split_gain=988.333 1374.46 1326.11 1540.71 1133.99 1011.11 983.161 1138.44 883.624 824.584 2060.73 1555.47 1195.92 988.699 986.226 898.583 1937.65 1132.39 1209.79 921.72 897.093 1351.28 1320.93 989.836 790.519 843.343 756.784 748.684 747.017 711.924
threshold=855.31250000000011 298.95465030000003 90.288997650000013 879.93750000000011 819.81250000000011 85.101497650000013 1.0000000180025095e-35 82.24214935000002 -1.3437499999999998 273.07968750000003 769.06250000000011 779.43750000000011 4651.9350600000007 51.328100250000013 82.195301050000012 89.714252450000018 279.65781011500002 0.52148401750000006 -1.0000000180025095e-35 483.59350600000005 0.28125000000000006 4755.8100600000007 1.0000000180025095e-35 -0.21874999999999997 0.48242150250000004 787.93750000000011 778.68750000000011 87.913997650000013 0.91894447800000012 4617.8100600000007
decision_type=2 2 2 2 2 2 2 2 2 2 2 2 2 2 2 2 2 2 2 2 2 2 2 2 2 2 2 2 2 2
left_child=1 6 5 27 -3 -2 7 26 -5 10 12 28 14 15 -8 17 24 18 -13 -20 21 22 -19 -23 25 -17 -1 -4 -11 -7
right_child=2 4 3 8 -6 29 9 -9 -10 11 -12 13 -14 -15 -16 16 -18 20 19 -21 -22 23 -24 -25 -26 -27 -28 -29 -30 -31
leaf_value=-0.3211378873357999 3.1225438949962459 -4.4894375920295717 -1.0305786982070708 -2.5053483791973279 -0.66184120689744941 1.0727066622440065 0.27090341065596141 -0.92231610241634332 0.78480081081143405 -0.018561012297868728 1.0731660606203137 -1.3112370556231305 -2.0469064493204505 -0.65838127009488989 -1.1484601506635441 -0.42285158937867684 -0.60000243045732726 0.49403819092290108 0.23861358058544893 -0.41090258744972036 0.11595772549161525 1.315128503298318 1.7680892848599983 -1.2626089970736454 -0.26834318865332063 1.442547468912716 0.88389997080128679 -3.4415465485127199 -1.7748439405314826 0.27673787095544822
leaf_weight=435 36 20 138 23 596 356 886 609 181 90 628 171 71 510 142 79 1189 449 1982 754 909 54 372 120 189 260 186 42 185 1332
leaf_count=435 36 20 138 23 596 356 886 609 181 90 628 171 71 510 142 79 1189 449 1982 754 909 54 372 120 189 260 186 42 185 1332
internal_value=0 -0.0606808 0.313364 -0.526924 -0.786114 0.500528 -0.0171689 -0.436569 0.413853 0.0398955 0.350641 -0.0334886 -0.0622305 0.0120936 0.0748435 0.0644744 -0.246047 0.175297 -0.0210217 0.0596168 0.475032 0.803072 1.07132 -0.462621 0.551023 1.00784 0.0397913 -1.59314 -1.20006 0.444608
internal_weight=0 10886 2108 384 616 1724 10270 1230 204 9040 1727 7313 1099 7038 1028 6528 1717 4811 2907 2736 1904 995 821 174 528 339 621 180 275 1688
internal_count=12994 10886 2108 384 616 1724 10270 1230 204 9040 1727 7313 1099 7038 1028 6528 1717 4811 2907 2736 1904 995 821 174 528 339 621 180 275 1688
is_linear=0
shrinkage=0.5


Tree=8
num_leaves=31
num_cat=0
split_feature=0 22 1 26 26 3 22 28 11 24 1 36 24 11 24 36 28 0 26 7 11 15 23 15 19 24 28 26 36 12
split_gain=736.086 995.62 1459.45 2674.01 2792.5 1741.18 1691.12 1501.36 1481.79 1334.81 1161.25 2291.64 1734.51 1448.99 1658.1 1566.25 1419.89 1345.15 1268.36 1235.1 1110.25 936.309 859.063 1167.33 826.283 770.982 755.446 751.17 760.665 793.438
threshold=283.46850600000005 1.1943299800000002 1.0000000180025095e-35 75.109348300000008 74.984348300000008 1.0000000180025095e-35 2.0126900700000001 0.71875000000000011 0.6220700145000001 4462.1850600000007 1.0000000180025095e-35 79.619003300000017 4712.5600600000007 0.4589840025000001 4684.3100600000007 81.460247050000007 0.093750000000000014 292.84350600000005 75.140598300000008 84.288997650000013 0.46777300550000006 341.50000000000006 85.11714935000002 1514.5000000000002 751.06250000000011 4743.6850600000007 -0.59374999999999989 75.390598300000008 98.984050750000009 317.67375029999999
decision_type=2 2 2 2 2 2 2 2 2 2 2 2 2 2 2 2 2 2 2 2 2 2 2 2 2 2 2 2 2 2
left_child=-1 10 3 4 -3 -4 9 26 21 -6 11 -2 18 14 -12 -15 -16 25 19 24 -21 -7 -23 -24 -13 -14 -5 28 29 -10
right_child=1 2 5 7 6 8 -8 -9 27 -11 13 12 17 15 16 -17 -18 -19 -20 20 -22 22 23 -25 -26 -27 -28 -29 -30 -31
leaf_value=-0.3412365159052877 0.93163496001191726 0.22420006322387892 -0.89471553075156229 -1.6462966339956773 4.9874260681016107 1.6122645744996751 -0.43881024696208815 1.2084486100419953 -3.1870356649160385 2.1759537193374556 -0.48879956563242372 -2.4737181713183722 -1.1011281134927366 -1.2334307016073061 -0.50230861298041418 0.72343643209758279 0.87425029301084578 -0.56881271791035681 -0.022796221801072498 -2.0640608741294089 -0.25329686979636212 -0.052003602369803927 1.2229122792013996 -1.0344341536983848 0.49036297222578917 -2.814291554996196 -0.01606513057721326 -1.1707088139876396 1.1384880558940247 -0.2004609575568892
leaf_weight=1409 358 338 483 76 49 163 54 259 24 305 1243 27 127 112 280 1175 566 459 2022 236 132 621 363 68 182 136 1094 227 103 303
leaf_count=1409 358 338 483 76 49 163 54 259 24 305 1243 27 127 112 280 1175 566 459 2022 236 132 621 363 68 182 136 1094 227 103 303
internal_value=0 0.0415021 0.224425 0.519737 1.28704 -0.0483152 2.16753 0.11917 0.170067 2.56511 -0.0759523 -0.270274 -0.399839 0.13581 -0.121301 0.553142 0.418652 -1.08542 -0.209385 -0.863255 -1.41455 0.497186 0.324412 0.866765 0.107443 -1.98702 -0.121961 -0.434878 -0.0464285 -0.419659
internal_weight=0 11585 4530 2175 746 2355 408 1429 1872 354 7055 3679 3321 3376 2089 1287 846 722 2599 577 368 1215 1052 431 209 263 1170 657 430 327
internal_count=12994 11585 4530 2175 746 2355 408 1429 1872 354 7055 3679 3321 3376 2089 1287 846 722 2599 577 368 1215 1052 431 209 263 1170 657 430 327
is_linear=0
shrinkage=0.5


Tree=9
num_leaves=31
num_cat=0
split_feature=9 33 19 36 7 12 17 19 19 26 30 22 26 26 19 7 19 24 19 3 28 22 7 7 0 36 36 36 22 36
split_gain=656.981 516.889 602.979 579.595 554.209 494.067 434.702 940.032 916.534 777.649 720.701 568.326 912.615 832.435 547.915 1066.25 908.773 720.945 668.593 849.834 726.366 639.808 779.464 615.675 603.176 831.104 573.204 564.705 570.101 540.246
threshold=1.0000000180025095e-35 496.84350600000005 854.06250000000011 82.349147800000011 87.11714935000002 351.19515075000004 269.000000145 754.31250000000011 751.06250000000011 75.578098300000008 84.195301050000012 0.74316352600000013 75.015598300000008 75.078098300000008 797.81250000000011 84.02339935000002 833.56250000000011 4701.6850600000007 814.93750000000011 43.863199250000001 0.28125000000000006 0.77441352600000013 83.96089935000002 85.64839935000002 289.03100600000005 90.095150000000004 83.047550200000003 82.666652700000014 0.79785150300000007 103.87250100000001
decision_type=2 2 2 2 2 2 2 2 2 2 2 2 2 2 2 2 2 2 2 2 2 2 2 2 2 2 2 2 2 2
left_child=-1 2 4 -4 5 6 7 9 -8 10 -2 12 -9 29 17 16 -16 21 23 -20 27 -10 -23 -17 25 26 -22 -21 -29 -13
right_child=1 -3 3 -5 -6 -7 8 11 14 -11 -12 13 -14 -15 15 18 -18 -19 19 20 24 22 -24 -25 -26 -27 -28 28 -30 -31
leaf_value=0.17458583230972768 0.055914117749464712 -0.47727474640332002 -0.23231830117648622 0.58975730645632196 -1.8555359484903007 1.4453724335949376 -2.3674531608172087 -2.9840126860141756 0.31205495557841961 0.84728716231020007 -1.0113035262549308 1.5664126288753992 0.40755868374859955 0.50999620257654932 0.41576331266515409 -0.47749092227491141 3.6089075223097336 -1.5490242626052351 -0.432752203010554 -0.20542747938485295 -1.0558736307996099 -0.33099236331638948 -1.7946625114465602 -2.3445700562248626 0.21696738555074138 -1.9605067636196811 0.16028437407628301 -0.063902962672366212 1.0007728922137942 4.3609931781178428
leaf_weight=3809 354 726 314 676 44 53 46 25 356 149 286 98 96 319 714 551 23 120 964 222 145 1120 99 48 594 84 292 171 475 21
leaf_count=3809 354 726 314 676 44 53 46 25 356 149 286 98 96 319 714 551 23 120 964 222 145 1120 99 48 594 84 292 171 475 21
internal_value=0 -0.0724004 -0.0376517 0.329018 -0.086253 -0.0757684 -0.0867044 0.169963 -0.144139 -0.181487 -0.420999 0.666017 -0.293179 0.931 -0.127031 -0.0318043 0.515414 -0.367655 -0.145538 -0.0476555 0.139552 -0.277645 -0.449863 -0.627107 -0.127446 -0.520117 -0.243246 0.482529 0.718947 2.05957
internal_weight=0 9185 8459 990 7469 7425 7372 1348 6024 789 640 559 121 438 5978 4283 737 1695 3546 2947 1983 1575 1219 599 1115 521 437 868 646 119
internal_count=12994 9185 8459 990 7469 7425 7372 1348 6024 789 640 559 121 438 5978 4283 737 1695 3546 2947 1983 1575 1219 599 1115 521 437 868 646 119
is_linear=0
shrinkage=0.5


Tree=10
num_leaves=31
num_cat=0
split_feature=28 22 34 17 26 36 20 19 15 22 7 15 22 19 24 23 21 1 28 24 0 36 19 26 34 36 36 11 12 15
split_gain=508.979 501.722 683.538 1119.84 884.875 708.468 640.588 581.644 1249.1 662.743 606.963 570.127 466.745 455.498 621.363 554.934 843.793 578.713 486.707 475.954 963.249 492.193 469.543 959.203 900.58 619.894 454.987 451.554 439.166 493.548
threshold=1.1562500000000002 0.39257749900000005 294.45465030000003 296.49999940000004 74.609348300000008 88.190448750000016 1.0000000180025095e-35 878.43750000000011 908.50000000000011 0.88085901750000006 86.507801050000012 718.50000000000011 1.6972600250000003 838.81250000000011 4507.3100600000007 88.71089935000002 7.5833333888888896 1.0000000180025095e-35 0.84375000000000011 4594.8100600000007 289.84350600000005 81.904750800000002 780.18750000000011 75.203098300000008 271.18906500500003 93.587249750000012 96.063449850000012 0.61328101150000014 338.99735105000002 845.50000000000011
decision_type=2 2 2 2 2 2 2 2 2 2 2 2 2 2 2 2 2 2 2 2 2 2 2 2 2 2 2 2 2 2
left_child=1 26 3 6 -4 7 13 10 -9 -10 28 -7 -13 14 22 16 -15 -17 -16 20 -18 -21 24 -24 -3 -26 27 -1 29 -6
right_child=-2 2 4 -5 5 11 -8 8 9 -11 -12 12 -14 15 18 17 19 -19 -20 21 -22 -23 23 -25 25 -27 -28 -29 -30 -31
leaf_value=0.2654336494747021 1.3446150786110334 0.17433972868083775 1.3445757164260035 2.7897076004663028 -1.6221098443317525 -1.7498734532201217 0.63419950274000914 1.890688921396549 -1.3459075393620878 0.77720972687444267 -1.2382396162736793 -0.34096528309655849 -2.2792586565894237 1.0521259103582172 -0.1841156994031993 -1.9890918152889721 0.36249357255958359 0.17623634077608585 0.85757917040027676 -0.78913634402775445 3.4410892287890116 0.15710002835906509 1.0820684650460524 0.066844913524760727 -0.16047983984030334 -1.5554533519663234 -1.3457757574656317 1.3415172249981164 -0.1070688648150514 -0.057082520807549976
leaf_weight=282 70 1171 88 37 106 121 423 104 80 68 142 359 34 323 4495 54 166 72 115 171 30 700 350 694 183 141 31 149 2139 96
leaf_count=282 70 1171 88 37 106 121 423 104 80 68 142 359 34 323 4495 54 166 72 115 171 30 700 350 694 183 141 31 149 2139 96
internal_value=0 -0.00728281 -0.0262512 0.0445628 -0.219892 -0.262265 0.0333865 -0.161047 0.562735 -0.370421 -0.234504 -0.800848 -0.508655 0.00405655 -0.048734 0.253001 0.34408 -0.751761 -0.15813 0.129742 0.833707 -0.0286708 0.149893 0.407198 -0.0297892 -0.767552 0.504371 0.637444 -0.17362 -0.878334
internal_weight=0 12924 12462 9125 3337 3249 9088 2735 252 148 2483 514 393 8665 7149 1516 1390 126 4610 1067 196 871 2539 1044 1495 324 462 431 2341 202
internal_count=12994 12924 12462 9125 3337 3249 9088 2735 252 148 2483 514 393 8665 7149 1516 1390 126 4610 1067 196 871 2539 1044 1495 324 462 431 2341 202
is_linear=0
shrinkage=0.5


Tree=11
num_leaves=31
num_cat=0
split_feature=19 7 19 0 12 30 22 24 19 36 24 0 22 26 22 19 30 3 24 1 11 24 24 28 3 26 33 19 24 25
split_gain=504.779 759.469 397.652 361.514 646.637 620.025 638.721 575.878 714.646 566.241 848.826 554.116 488.92 445.267 443.808 848.107 441.533 410.37 386.033 387.49 583.478 661.089 560.825 586.142 468.424 415.655 383.446 377.781 963.518 484.894
threshold=922.62500000000011 90.531200400000003 900.43750000000011 286.65600600000005 317.67375029999999 86.52339935000002 1.0790950050000003 4529.6850600000007 836.18750000000011 80.190448750000016 4600.9350600000007 304.78100600000005 1.9511700300000003 75.046848300000008 1.6337800050000002 769.06250000000011 90.382801050000012 46.738199250000001 4106.5000000000009 1.0000000180025095e-35 0.65624949350000017 4501.6850600000007 4665.9350600000007 0.28125000000000006 45.300699250000001 75.140598300000008 422.34350600000005 851.68750000000011 4599.5600600000007 164.44999700000002
decision_type=2 2 2 2 2 2 2 2 2 2 2 2 2 2 2 2 2 2 2 2 2 2 2 2 2 2 2 2 2 2
left_child=1 2 3 9 5 6 -5 8 12 10 16 13 14 -8 -6 26 -1 18 -11 22 -21 -22 23 24 25 -20 -16 29 -29 -9
right_child=-2 -3 -4 4 7 -7 11 27 -10 17 -12 -13 -14 -15 15 -17 -18 -19 19 20 21 -23 -24 -25 -26 -27 -28 28 -30 -31
leaf_value=-0.52936117721613118 2.1206705761807307 -2.605797209909984 1.5952162351936867 -0.54067024242481121 0.25679019246432605 -1.0022206974874726 1.1855576892986017 -0.30715504974117974 2.3639004326171498 1.4820692559534854 -2.1619503942229565 2.4929566930427596 -1.451775141899768 -0.089884169831237842 0.80513456906994874 1.929395733451521 1.837378005412492 -0.48159017506313934 -2.0424353788133529 0.42444037498842196 0.26819508697031536 -1.1999720216279837 -1.8213500397072897 0.18086701021997248 1.0799127146601677 -0.57697279842045057 -1.8132603532738156 1.8297250161775285 0.1492380807039273 0.045678276539942907
leaf_weight=189 28 28 39 452 1150 253 85 1238 44 44 84 27 38 351 29 111 22 519 61 756 171 139 54 503 34 234 27 90 1632 4562
leaf_count=189 28 28 39 452 1150 253 85 1238 44 44 84 27 38 351 29 111 22 519 61 756 171 139 54 503 34 234 27 90 1632 4562
internal_value=0 -0.00457958 0.0010499 -0.00377005 0.0404057 -0.309428 -0.117869 0.0862084 0.380777 -0.162378 -0.817731 0.294887 0.31638 0.158768 0.367398 1.12906 -0.282592 -0.0855078 0.0174816 -0.0155317 0.187563 -0.390112 -0.259887 -0.158542 -0.677456 -0.880001 -0.457306 0.0314222 0.237068 -0.0296334
internal_weight=0 12966 12938 12899 10089 1168 915 8921 1399 2810 295 463 1355 436 1317 167 211 2515 1996 1952 1066 310 886 832 329 295 56 7522 1722 5800
internal_count=12994 12966 12938 12899 10089 1168 915 8921 1399 2810 295 463 1355 436 1317 167 211 2515 1996 1952 1066 310 886 832 329 295 56 7522 1722 5800
is_linear=0
shrinkage=0.5


Tree=12
num_leaves=31
num_cat=0
split_feature=19 33 11 1 7 19 22 0 22 28 34 19 22 22 22 12 13 3 22 26 26 11 36 3 23 28 0 3 10 1
split_gain=325.243 636.109 623.533 399.182 399.121 518.55 501.145 494.777 557.216 492.32 432.377 374.316 368.498 342.034 328.286 536.528 295.832 362.977 443.265 323.803 377.355 675.521 682.616 641.969 620.826 680.633 556.637 434.929 413.264 1199.05
threshold=718.62500000000011 395.90600600000005 0.49706999950000008 1.0000000180025095e-35 81.02339935000002 730.43750000000011 0.54882749900000005 283.28100600000005 1.5498000400000003 0.40625000000000006 274.54843499500004 772.06250000000011 0.46581999950000003 1.8222600250000003 0.61621052000000009 349.02664795000004 1.0000000180025095e-35 42.074199700000008 0.93554651750000006 74.640598300000008 75.078098300000008 0.61328101150000014 83.555553450000005 62.08979990000001 86.351497650000013 0.71875000000000011 292.21850600000005 49.003900550000004 1.0000000180025095e-35 1.0000000180025095e-35
decision_type=2 2 2 2 2 2 2 2 2 2 2 2 2 2 2 2 2 2 2 2 2 2 2 2 2 2 2 2 2 2
left_child=1 2 3 -1 6 -6 9 8 12 -2 -10 -8 -7 -12 15 -14 17 -9 -19 -18 21 22 28 24 25 -24 -23 -28 -21 -30
right_child=4 -3 -4 -5 5 7 11 16 10 -11 13 -13 14 -15 -16 -17 19 18 -20 20 -22 26 23 -25 -26 -27 27 -29 29 -31
leaf_value=1.9603832038609605 0.2922380845392904 -2.7089187387497193 -1.0906330722036084 -0.28911413961067434 -1.9886040399133256 0.88639042370870147 0.41608731112786029 -0.17695621544523027 0.16707936321434222 -2.7241584832469621 -2.1418335221075853 1.772090751636904 -0.16356712090388192 -0.72329787852589122 -0.12198881524130928 -2.5725534582804692 0.56704249078687596 -3.1260064973806343 -0.31946950596894191 0.38940188972087547 0.077531574943805998 -0.30003391013287745 -0.9833083511735774 1.4155149328737304 0.70013175130664529 0.26853068851750317 1.5648545371516356 -0.61373345979622429 1.0903914984530554 -2.1535003949695875
leaf_weight=38 31 31 99 41 33 79 475 670 57 24 84 57 59 86 658 38 293 24 34 398 8374 111 686 39 77 129 126 28 52 63
leaf_count=38 31 31 99 41 33 79 475 670 57 24 84 57 59 86 658 38 293 24 34 398 8374 111 686 39 77 129 126 28 52 63
internal_value=0 -0.6187 -0.254673 0.792923 0.0101141 -0.00926561 0.412828 -0.00389626 -0.330109 -1.02401 -1.02464 0.561373 -0.141069 -1.42422 -0.248578 -1.10729 0.0272737 -0.280833 -1.4808 0.0488911 0.0338342 -0.18028 -0.314946 -0.570133 -0.656949 -0.785165 0.553522 1.16875 0.148171 -0.686697
internal_weight=0 209 178 79 12785 12198 587 12165 1061 55 227 532 834 170 755 97 11104 728 58 10376 10083 1709 1444 931 892 815 265 154 513 115
internal_count=12994 209 178 79 12785 12198 587 12165 1061 55 227 532 834 170 755 97 11104 728 58 10376 10083 1709 1444 931 892 815 265 154 513 115
is_linear=0
shrinkage=0.5


Tree=13
num_leaves=31
num_cat=0
split_feature=28 34 22 19 17 24 36 22 19 34 36 7 19 36 22 7 33 23 21 26 11 22 11 26 24 7 21 9 12 19
split_gain=249.896 278.341 358.867 344.711 273.325 266.87 442.214 378.304 250.218 850.298 565.017 501.426 391.852 445.179 835.545 388.171 680.746 596.379 378.577 367.717 635.573 335.871 400.328 433.088 333.062 332.474 706.696 331.266 366.474 324.679
threshold=1.1562500000000002 301.20465030000003 0.47558550550000006 852.93750000000011 302.70000020000003 4495.0600600000007 83.428546900000015 0.70312449350000017 808.31250000000011 281.93906011500002 83.999950400000003 82.382801050000012 795.18750000000011 88.444396950000012 1.3056600100000002 85.30464935000002 479.40600600000005 84.89839935000002 -1.9722221944444442 75.734348300000008 0.28027300550000006 0.71191352600000013 0.58398401750000006 75.703098300000008 4391.0600600000007 82.382801050000012 -1.6388889166666665 48.792900100000004 341.25619735000004 840.93750000000011
decision_type=2 2 2 2 2 2 2 2 2 2 2 2 2 2 2 2 2 2 2 2 2 2 2 2 2 2 2 2 2 2
left_child=1 4 3 -3 8 6 7 -4 9 12 -11 -10 13 14 18 16 17 24 -1 27 -21 -19 -23 -24 -13 26 -14 28 -17 -26
right_child=-2 2 5 -5 -6 -7 -8 -9 11 10 -12 15 25 -15 -16 19 -18 21 -20 20 -22 22 23 -25 29 -27 -28 -29 -30 -31
leaf_value=-1.5470954687334597 0.94216729564858337 -0.77834705449640751 -0.56751044642610049 1.3220064523463537 1.8128145627145256 -0.7179577936417727 -1.2770800072261517 1.8592885684532423 2.5612242043018343 0.066524079069495201 -0.84310408474806298 1.7523740720935166 3.3824900101732323 -0.0061486609274868827 -2.0104304145022138 -0.23700838301770674 1.1101732969288882 -0.17869294216907625 0.39366603715934306 2.6157560076032365 0.15835948478219644 0.69818120061688671 0.18082580809940152 -2.1268694942647759 -0.24186574580394032 0.25365681664706707 -0.09091640537371859 -0.44613839733749472 0.081511708897401128 0.40605568950005033
leaf_weight=32 70 30 26 56 21 371 34 42 20 249 543 24 27 2774 82 1257 193 218 117 35 106 745 268 22 1091 589 32 478 3207 235
leaf_count=32 70 30 26 56 21 371 34 42 20 249 543 24 27 2774 82 1257 193 218 117 35 106 745 268 22 1091 589 32 478 3207 235
internal_value=0 -0.00510304 -0.350208 0.589325 0.0104985 -0.521032 0.195237 0.931395 0.00743239 -0.0874644 -0.557123 0.0608336 0.0143613 -0.0616838 -0.728586 0.0544866 0.204123 0.136944 -0.0231418 -0.0278237 0.768352 0.385363 0.504169 0.00575927 -0.0936263 0.367009 1.49861 -0.0505394 -0.0081791 -0.127038
internal_weight=0 12924 559 86 12365 473 102 68 12344 4445 792 7899 3653 3005 231 7879 2796 2603 149 5083 141 1253 1035 290 1350 648 59 4942 4464 1326
internal_count=12994 12924 559 86 12365 473 102 68 12344 4445 792 7899 3653 3005 231 7879 2796 2603 149 5083 141 1253 1035 290 1350 648 59 4942 4464 1326
is_linear=0
shrinkage=0.5


Tree=14
num_leaves=31
num_cat=0
split_feature=0 24 36 15 24 23 11 22 11 34 9 11 23 22 23 19 24 12 19 23 30 19 30 11 36 36 19 22 24 26
split_gain=221.182 309.619 321.324 351.222 467.644 442.786 368.556 393.634 440.594 331.267 329.013 314.547 294.828 632.974 587.784 339.416 558.5 293.487 283.969 264.35 264.124 260.968 291.079 524.798 251.876 303.495 243.844 234.137 259.572 388.426
threshold=295.21850600000005 5020.2451200000005 88.761852250000018 779.50000000000011 4637.1850600000007 84.96089935000002 0.38085900250000004 1.0165950050000003 0.32324150200000007 276.62655999500004 47.644498850000012 0.64160099650000013 85.77339935000002 1.5810500400000003 85.507801050000012 853.31250000000011 4622.3100600000007 347.85204925000005 828.43750000000011 84.663997650000013 82.726497650000013 859.43750000000011 88.788997650000013 0.34765599700000005 85.333248150000017 82.158649450000013 787.18750000000011 0.7958979905000001 4712.5600600000007 75.359348300000008
decision_type=2 2 2 2 2 2 2 2 2 2 2 2 2 2 2 2 2 2 2 2 2 2 2 2 2 2 2 2 2 2
left_child=12 2 3 6 5 -5 7 -2 24 19 17 -3 14 21 20 16 -15 -6 -8 -4 -1 22 -14 -24 25 -9 -11 28 -21 -30
right_child=1 11 9 4 10 -7 18 8 -10 26 -12 -13 13 15 -16 -17 -18 -19 -20 27 -22 -23 23 -25 -26 -27 -28 -29 29 -31
leaf_value=1.313041773935159 -0.83749642306938765 0.00049657790976412157 1.1539647682355001 3.9759991369431926 0.52438948113226636 1.0024284609262981 0.16341500397150716 0.62758005796266458 -1.0696561534834259 -1.9013430060197909 1.8973200073465706 -1.0250986528864832 -0.065232543710153551 -0.56052158338328206 0.69519395992206245 0.015756391733884812 -3.7512875478714705 -1.392169388519092 1.0477501497833595 -0.040930517639847841 -0.043886097103863965 0.73675700531792687 -3.0866556608676912 -0.22946641900473172 -0.20433660686016084 3.0788314634043239 -0.25602735376802005 0.24126836293340834 -2.773107822984457 -0.093820674765494563
leaf_weight=36 140 238 65 21 217 31 240 28 34 24 40 109 200 24 281 20 32 22 146 207 9359 66 25 45 25 23 365 876 24 31
leaf_count=36 140 238 65 21 217 31 240 28 34 24 40 109 200 24 281 20 32 22 146 207 9359 66 25 45 25 23 365 876 24 31
internal_value=0 0.121542 0.181641 0.408975 0.826673 2.20329 0.191588 -0.281363 0.426442 0.0435559 0.570099 -0.321664 -0.0350121 -0.449251 -0.017374 -1.75235 -2.38382 0.34797 0.497904 0.173253 -0.0386866 -0.154503 -0.372366 -1.24989 1.09575 1.73305 -0.357538 0.117237 -0.297464 -1.26296
internal_weight=0 2906 2559 967 331 52 636 250 110 1592 279 347 10088 412 9676 76 56 239 386 1203 9395 336 270 70 76 51 389 1138 262 55
internal_count=12994 2906 2559 967 331 52 636 250 110 1592 279 347 10088 412 9676 76 56 239 386 1203 9395 336 270 70 76 51 389 1138 262 55
is_linear=0
shrinkage=0.5


Tree=15
num_leaves=31
num_cat=0
split_feature=19 19 7 12 26 38 11 12 33 12 26 28 28 1 0 23 26 22 36 22 28 19 24 22 23 0 36 30 22 36
split_gain=244.452 212.117 609.488 308.262 428.018 225.867 324.303 198.981 424.731 248.504 193.738 730.589 627.842 619.676 661.369 632.801 924.982 684.222 776.294 471.954 459.837 426.374 456.771 501.782 497.248 414.784 477.657 407.199 410.964 660.311
threshold=696.00000000000011 888.25000000000011 88.195301050000012 349.29770125000005 75.484348300000008 0.26449999250000006 0.4589840025000001 346.04495085000002 496.28100600000005 347.30990065000003 75.140598300000008 0.15625000000000003 0.15625000000000003 1.0000000180025095e-35 297.34350600000005 85.92964935000002 75.295597100000023 1.1923750050000002 87.619003300000017 2.5996049650000006 -0.21874999999999997 867.06250000000011 4495.0600600000007 0.67187449350000017 86.49214935000002 280.09350600000005 91.809452050000019 83.281200400000003 0.95312449350000017 81.777751900000013
decision_type=2 2 2 2 2 2 2 2 2 2 2 2 2 2 2 2 2 2 2 2 2 2 2 2 2 2 2 2 2 2
left_child=-1 2 10 4 7 6 -4 8 -3 -9 11 -2 13 21 15 16 -15 18 -18 27 -16 22 25 -24 -25 -12 -27 -14 -29 -30
right_child=1 3 5 -5 -6 -7 -8 9 -10 -11 12 -13 19 14 20 -17 17 -19 -20 -21 -22 -23 23 24 -26 26 -28 28 29 -31
leaf_value=-1.081917371099385 -0.41010731790385069 2.3005463131542863 -3.4296274392501167 -0.35792743341183997 -0.60927500511918753 -0.40252160872606668 -0.77443036728579062 3.4679285273665474 -0.24027111312668575 1.0632874776016583 -1.2590698433979866 0.065080612086257747 1.7157052662223577 0.22423305460042581 0.40054084848198623 -0.36666439585856719 1.6836282719598441 1.7654735499419514 0.086278886165433 1.7283611168732513 -0.63870634760080591 1.199885632204158 0.24970073155079212 -0.64806526160255185 0.41692318721438076 1.8673124311026186 0.30959676955979615 0.0659759855774735 -0.82784952437024284 -0.11342114638183999
leaf_weight=52 1210 29 23 71 35 34 23 21 38 22 31 2440 32 445 225 139 122 270 202 37 202 70 386 602 134 64 213 2784 368 2670
leaf_count=52 1210 29 23 71 35 34 23 21 38 22 31 2440 32 445 225 139 122 270 202 37 202 70 386 602 134 64 213 2784 368 2670
internal_value=0 0.00434706 -0.00399239 0.49568 0.913653 -1.37974 -2.10203 1.39822 0.859486 2.23765 0.00471073 -0.0924474 0.0441313 0.226074 0.442012 0.635251 0.76929 1.17762 0.68775 -0.0517661 -0.0910937 -0.00498011 -0.0639595 -0.212017 -0.454168 0.475393 0.669502 -0.0630173 -0.0727939 -0.199962
internal_weight=0 12942 12726 216 145 80 46 110 67 43 12646 3650 8996 3105 1605 1178 1039 594 324 5891 427 1500 1430 1122 736 308 277 5854 5822 3038
internal_count=12994 12942 12726 216 145 80 46 110 67 43 12646 3650 8996 3105 1605 1178 1039 594 324 5891 427 1500 1430 1122 736 308 277 5854 5822 3038
is_linear=0
shrinkage=0.5


Tree=16
num_leaves=31
num_cat=0
split_feature=19 30 22 34 19 23 12 0 24 19 22 0 24 22 19 22 30 0 24 17 36 23 19 28 28 26 23 3 3 3
split_gain=219.735 417.369 416.436 317.813 412.026 305.468 300.683 228.417 410.728 549.192 482.296 710.364 414.166 397.683 384.586 578.781 472.778 353.075 337.518 331.122 326.266 377.2 288.211 282.417 281.074 280.541 267.161 253.446 287.413 243.966
threshold=747.56250000000011 84.382801050000012 1.5693299800000002 272.42343750000003 773.06250000000011 85.05464935000002 330.14264905000005 281.09350600000005 4571.6850600000007 839.56250000000011 1.2363250250000002 290.84350600000005 4492.8100600000007 0.67187449350000017 810.43750000000011 1.0790950050000003 87.663997650000013 289.90600600000005 4497.5600600000007 300.09999980000003 88.761852250000018 84.74214935000002 833.56250000000011 0.40625000000000006 0.21875000000000003 74.953098300000008 84.30464935000002 47.378900550000004 57.980400100000004 30.456999800000002
decision_type=2 2 2 2 2 2 2 2 2 2 2 2 2 2 2 2 2 2 2 2 2 2 2 2 2 2 2 2 2 2
left_child=1 -1 -3 6 5 -5 -2 22 9 10 13 12 -12 26 15 16 24 18 -11 25 23 -22 29 -13 -10 -15 -9 -27 -29 -6
right_child=3 2 -4 4 7 -7 -8 8 14 17 11 20 -14 19 -16 -17 -18 -19 -20 -21 21 -23 -24 -25 -26 27 -28 28 -30 -31
leaf_value=0.010050517957227254 0.18530269990708431 -0.52587378971402543 -2.3497731888452797 -0.41426377765789718 0.080920092609118338 -1.9373843726565743 1.8981416471875632 -0.50011842011008412 -0.048763507590569459 1.7775162672265792 0.55711001148645933 2.3473231218088029 -0.2788663302928252 0.82171046524308622 -0.0076710808105157381 -0.80764789421007077 -0.44220572925352175 2.4443936747099673 0.39902218546577434 -1.9661432990321406 1.920520156228708 0.25202542244300358 -0.050774168758129887 0.31667035477964772 1.2232049897845303 -0.13826611639132699 0.64861603840138793 -1.1581375718866611 0.27613174247535621 -1.1644336516881173
leaf_weight=448 1763 203 37 167 55 41 26 64 78 52 258 67 348 64 6321 393 218 28 304 27 45 137 356 23 98 810 242 136 47 138
leaf_count=448 1763 203 37 167 55 41 26 64 78 52 258 67 348 64 6321 393 218 28 304 27 45 137 356 23 98 810 242 136 47 138
internal_value=0 -0.274987 -0.807058 0.0153739 -0.0177664 -0.714494 0.210196 -0.00370882 0.0139429 0.181866 0.0882411 0.378353 0.0770444 -0.0950093 -0.0487092 -0.378318 0.0499231 0.734835 0.600375 -0.237104 1.04965 0.664565 -0.317517 1.82838 0.659492 -0.192937 0.408358 -0.258332 -0.789773 -0.80954
internal_weight=0 688 240 12306 10517 208 1789 10309 9760 2652 2268 878 606 1390 7108 787 394 384 356 1084 272 182 549 90 176 1057 306 993 183 193
internal_count=12994 688 240 12306 10517 208 1789 10309 9760 2652 2268 878 606 1390 7108 787 394 384 356 1084 272 182 549 90 176 1057 306 993 183 193
is_linear=0
shrinkage=0.5


Tree=17
num_leaves=31
num_cat=0
split_feature=20 1 28 28 26 36 36 23 23 11 36 21 19 22 10 38 23 11 19 34 15 36 30 12 34 11 34 30 7 38
split_gain=188.429 936.64 389.003 387.162 397.053 392.997 334.299 276.654 282.068 254.217 221.839 206.714 204.291 178.544 250.661 232.375 257.159 226.66 199.362 368.111 333.13 304.368 248.596 193.728 250.418 172.85 172.648 157.953 176.856 156.406
threshold=1.0000000180025095e-35 1.0000000180025095e-35 0.28125000000000006 0.84375000000000011 75.421848300000008 80.825351700000013 82.03170015000002 84.86714935000002 85.257801050000012 0.6083979905000001 78.539649950000026 10.638889222222224 813.43750000000011 1.9794899850000003 1.0000000180025095e-35 0.24350000200000002 84.195301050000012 0.29394450800000005 811.06250000000011 259.57969990000004 458.50000000000006 93.20634840000001 88.038997650000013 331.22690045000007 292.65780010000003 0.35253849650000008 294.68900050000002 90.070301050000012 85.96089935000002 0.27449999750000004
decision_type=2 2 2 2 2 2 2 2 2 2 2 2 2 2 2 2 2 2 2 2 2 2 2 2 2 2 2 2 2 2
left_child=13 2 7 4 5 -3 10 11 -9 25 -4 -2 -7 29 15 -15 -17 -16 19 -18 -21 -22 -20 -24 -25 -6 -12 28 -26 -1
right_child=1 3 6 -5 9 12 -8 8 -10 -11 26 -13 -14 14 17 16 18 -19 22 20 21 -23 23 24 27 -27 -28 -29 -30 -31
leaf_value=0.0098156797379128306 3.5931538693945515 -1.1888416070723906 1.0355266740634328 -1.8557588573847268 -1.3202421177517285 1.3008798006145905 0.7662289135789847 -0.1412296893352451 1.7579815165524411 -2.4503451383113859 -1.8348213396966457 1.3721313323825597 0.14880565593748823 0.74853052530023789 -0.73111057463619444 1.1743484765291214 0.27110123141638692 0.5721498751478602 0.58941179263044374 -3.417249010367827 -2.1994143706910751 -0.033178081916224574 -1.8356352113187313 0.09388444523769196 -1.293942871339181 0.38560899826525535 -0.18775937506338444 -2.2811074763536454 0.20559830544516444 -0.29548889627133351
leaf_weight=11081 22 48 21 37 33 48 226 34 46 25 26 20 194 36 45 20 31 129 49 22 34 31 30 99 51 27 41 20 32 436
leaf_count=11081 22 48 21 37 33 48 226 34 46 25 26 20 194 36 45 20 31 129 49 22 34 31 30 99 51 27 41 20 32 436
internal_value=0 0.227872 0.738687 -0.312699 -0.160451 0.11809 0.4443 1.49637 0.950817 -1.11077 -0.382471 2.53552 0.377316 -0.0159094 -0.27531 -0.4705 -0.575237 0.2351 -0.662936 -1.20834 -1.7355 -1.16629 -0.433905 -0.650037 -0.473958 -0.552609 -0.826918 -1.01975 -0.715807 -0.00174226
internal_weight=0 848 436 412 375 290 314 122 80 85 88 42 242 12146 629 455 419 174 399 118 87 65 281 232 202 60 67 103 83 11517
internal_count=12994 848 436 412 375 290 314 122 80 85 88 42 242 12146 629 455 419 174 399 118 87 65 281 232 202 60 67 103 83 11517
is_linear=0
shrinkage=0.5


Tree=18
num_leaves=31
num_cat=0
split_feature=15 19 24 19 3 28 19 3 19 34 23 12 34 36 12 33 15 36 19 12 33 22 0 24 26 28 33 21 34 9
split_gain=178.71 421.981 287.262 275.748 279.863 259.942 248.679 295.351 245.631 287.578 361.696 237.04 355.916 283.103 251.455 236.558 222.811 219.463 207.31 202.42 254.534 292.673 246.701 255.535 249.228 201.571 200.195 309.077 251.236 203.027
threshold=599.50000000000011 852.06250000000011 4704.8100600000007 842.43750000000011 48.472600950000007 0.59375000000000011 736.81250000000011 44.550699250000001 772.06250000000011 264.28281488500005 85.382801050000012 313.06569905000003 283.20464985000007 95.047550200000003 337.09989965000005 399.28100600000005 552.50000000000011 90.666652700000014 718.62500000000011 328.51624905000006 409.96850600000005 1.4804599900000002 302.90600600000005 4998.4350600000007 75.328098300000008 0.21875000000000003 428.34350600000005 -3.3055555833333332 268.43906488500005 44.285100950000007
decision_type=2 2 2 2 2 2 2 2 2 2 2 2 2 2 2 2 2 2 2 2 2 2 2 2 2 2 2 2 2 2
left_child=1 3 -3 6 5 -5 7 15 9 -2 -11 13 19 -8 -14 18 -15 25 -1 20 21 -13 -22 24 -24 -4 27 28 -10 -29
right_child=8 2 17 4 -6 -7 11 -9 26 10 -12 12 14 16 -16 -17 -18 -19 -20 -21 22 -23 23 -25 -26 -27 -28 29 -30 -31
leaf_value=-0.93390808080633481 0.02412581281623425 1.6261410020490397 -1.1431047390573299 0.23989709433525391 -1.9961137535671394 -1.5520636535116605 -1.4314232028665996 0.35440036828078114 0.23167232070745042 -0.4315240167002482 -1.894374365253108 0.39092517867526511 -0.40493454795869643 -0.16028011515169016 0.19378192393618929 -1.5488894694860567 1.4447633549571037 1.6013518929481507 0.24973013725335877 0.73747169771476795 0.064514468776382464 1.824362759788831 2.2437144122444668 -0.56722558804211165 0.26753619175266335 0.42632478675416979 -0.026854464318153474 0.62080588583479224 -1.1823659055941813 2.090696916945519
leaf_weight=75 313 68 26 73 30 28 42 103 208 307 49 118 318 361 391 57 23 30 73 285 785 51 39 21 27 96 8832 97 37 31
leaf_count=75 313 68 26 73 30 28 42 103 208 307 49 118 318 361 391 57 23 30 73 285 785 51 39 21 27 96 8832 97 37 31
internal_value=0 0.104314 0.77193 0.0536672 -0.655181 -0.256884 0.0872024 -0.336352 -0.0329613 -0.325487 -0.632871 0.140211 0.211209 -0.198947 -0.0747538 -0.683412 -0.0641447 0.389783 -0.350087 0.364111 0.261894 0.823501 0.153051 0.951915 1.43528 0.0918562 -0.0117011 0.347105 0.0181237 0.976795
internal_weight=0 3120 220 2900 131 101 2769 308 9874 669 356 2461 2035 426 709 205 384 152 148 1326 1041 169 872 87 66 122 9205 373 245 128
internal_count=12994 3120 220 2900 131 101 2769 308 9874 669 356 2461 2035 426 709 205 384 152 148 1326 1041 169 872 87 66 122 9205 373 245 128
is_linear=0
shrinkage=0.5


Tree=19
num_leaves=31
num_cat=0
split_feature=12 36 33 30 22 3 15 23 23 22 0 23 22 23 34 36 38 33 7 0 30 19 11 36 30 33 11 36 26 1
split_gain=156.458 458.079 308.005 227.462 280.693 197.302 195.737 187.715 231.089 212.614 212.849 184.108 202.938 192.789 167.515 183.256 162.651 177.017 160.572 156.876 156.035 298.52 358.431 329.273 262.292 443.207 301.077 438.692 429.821 501.468
threshold=321.37830010000005 89.968250250000011 409.96850600000005 88.257801050000012 0.85058552050000003 54.472599050000007 367.50000000000006 85.64839935000002 86.570301050000012 1.1542950300000003 305.34350600000005 85.101497650000013 0.81933552050000003 85.74214935000002 261.18909970000004 98.984050750000009 0.28350000050000007 494.53100600000005 83.80464935000002 297.09350600000005 88.351497650000013 814.93750000000011 0.30371049050000004 82.539649950000026 89.05464935000002 482.40600600000005 0.48828099650000006 88.317447650000005 75.703098300000008 1.0000000180025095e-35
decision_type=2 2 2 2 2 2 2 2 2 2 2 2 2 2 2 2 2 2 2 2 2 2 2 2 2 2 2 2 2 2
left_child=1 3 -2 4 -1 7 11 -3 9 -9 -11 12 19 -13 -10 -16 20 -18 -17 -4 21 -8 23 -23 -22 -26 28 -28 -27 -30
right_child=2 5 6 -5 -6 -7 16 8 14 10 -12 13 -14 -15 15 18 17 -19 -20 -21 24 22 -24 -25 25 26 27 -29 29 -31
leaf_value=-0.5180103186427093 1.3924827384421739 -0.010110788640089137 1.2007278543578026 -0.17039349422139941 -2.2994369873777032 0.78872145736364252 -0.0065266415196703958 -0.98902031897976084 1.3776957851189833 -0.40327007697382267 1.3053888996087371 2.0094072112152652 -0.0166808973331454 0.37367423259934712 1.1705749332904816 0.31237922321694594 1.5648480451063198 -0.30980132669210436 -1.4811032173725276 -0.11293203203064023 -0.19368325980510442 -0.88668980884055293 0.15151517275493651 1.0687641298674653 0.38375395214205221 -0.20884270821146844 0.21780077390293001 -0.36014504317935664 1.6724492885745488 -0.67502571780766762
leaf_weight=41 41 1556 73 53 48 66 2234 164 26 138 21 31 290 43 20 24 34 20 26 33 2009 24 701 209 718 2222 1617 412 65 35
leaf_count=41 41 1556 73 53 48 66 2234 164 26 138 21 31 290 43 20 24 34 20 26 33 2009 24 701 209 718 2222 1617 412 65 35
internal_value=0 -0.122096 0.0246542 -0.990438 -1.47878 -0.0616826 0.019447 -0.0901012 -0.387154 -0.58959 -0.177598 0.334997 0.199719 1.05891 0.293958 -0.108573 0.00504817 0.870533 -0.620232 0.791758 0.000486759 0.0927155 0.330089 0.867344 -0.0407934 0.0198016 -0.0402577 0.100446 -0.163206 0.850833
internal_weight=0 2183 10811 142 89 2041 10770 1975 419 323 159 470 396 74 96 70 10300 54 50 106 10246 3168 934 233 7078 5069 4351 2029 2322 100
internal_count=12994 2183 10811 142 89 2041 10770 1975 419 323 159 470 396 74 96 70 10300 54 50 106 10246 3168 934 233 7078 5069 4351 2029 2322 100
is_linear=0
shrinkage=0.5


end of trees

feature_importances:
Column_19=92
Column_22=63
Column_36=56
Column_26=42
Column_24=40
Column_7=33
Column_28=32
Column_11=29
Column_34=26
Column_23=23
Column_33=23
Column_0=22
Column_1=22
Column_3=20
Column_30=20
Column_12=18
Column_15=10
Column_9=6
Column_21=6
Column_10=4
Column_17=4
Column_38=4
Column_13=2
Column_20=2
Column_25=1

parameters:
[boosting: gbdt]
[objective: regression]
[metric: rmse,l2]
[tree_learner: serial]
[device_type: cpu]
[data: ]
[valid: ]
[num_iterations: 20]
[learning_rate: 0.5]
[num_leaves: 31]
[num_threads: -1]
[deterministic: 0]
[force_col_wise: 0]
[force_row_wise: 0]
[histogram_pool_size: -1]
[max_depth: 20]
[min_data_in_leaf: 20]
[min_sum_hessian_in_leaf: 0.001]
[bagging_fraction: 1]
[pos_bagging_fraction: 1]
[neg_bagging_fraction: 1]
[bagging_freq: 0]
[bagging_seed: 3]
[feature_fraction: 1]
[feature_fraction_bynode: 1]
[feature_fraction_seed: 2]
[extra_trees: 0]
[extra_seed: 6]
[early_stopping_round: 1000]
[first_metric_only: 0]
[max_delta_step: 0]
[lambda_l1: 0]
[lambda_l2: 0]
[linear_lambda: 0]
[min_gain_to_split: 0]
[drop_rate: 0.1]
[max_drop: 50]
[skip_drop: 0.5]
[xgboost_dart_mode: 0]
[uniform_drop: 0]
[drop_seed: 4]
[top_rate: 0.2]
[other_rate: 0.1]
[min_data_per_group: 100]
[max_cat_threshold: 32]
[cat_l2: 10]
[cat_smooth: 10]
[max_cat_to_onehot: 4]
[top_k: 20]
[monotone_constraints: ]
[monotone_constraints_method: basic]
[monotone_penalty: 0]
[feature_contri: ]
[forcedsplits_filename: ]
[refit_decay_rate: 0.9]
[cegb_tradeoff: 1]
[cegb_penalty_split: 0]
[cegb_penalty_feature_lazy: ]
[cegb_penalty_feature_coupled: ]
[path_smooth: 0]
[interaction_constraints: ]
[verbosity: -1]
[saved_feature_importance_type: 0]
[linear_tree: 0]
[max_bin: 255]
[max_bin_by_feature: ]
[min_data_in_bin: 3]
[bin_construct_sample_cnt: 200000]
[data_random_seed: 1]
[is_enable_sparse: 1]
[enable_bundle: 1]
[use_missing: 1]
[zero_as_missing: 0]
[feature_pre_filter: 1]
[pre_partition: 0]
[two_round: 0]
[header: 0]
[label_column: ]
[weight_column: ]
[group_column: ]
[ignore_column: ]
[categorical_feature: ]
[forcedbins_filename: ]
[precise_float_parser: 0]
[objective_seed: 5]
[num_class: 1]
[is_unbalance: 0]
[scale_pos_weight: 1]
[sigmoid: 1]
[boost_from_average: 1]
[reg_sqrt: 0]
[alpha: 0.9]
[fair_c: 1]
[poisson_max_delta_step: 0.7]
[tweedie_variance_power: 1.5]
[lambdarank_truncation_level: 30]
[lambdarank_norm: 1]
[label_gain: ]
[eval_at: ]
[multi_error_top_k: 1]
[auc_mu_weights: ]
[num_machines: 1]
[local_listen_port: 12400]
[time_out: 120]
[machine_list_filename: ]
[machines: ]
[gpu_platform_id: -1]
[gpu_device_id: -1]
[gpu_use_dp: 0]
[num_gpu: 1]

end of parameters

pandas_categorical:null
